0.0
0.0
-8.24149670573e-17
1.64829934115e-16
0.0
0.0
0.0
-9.26424295611e-05
0.0
0.0
0.0
0.0
0.0
0.0
0.0
0.0
0.0
9.26424295609e-05
1.29417101297e-19
-1.65006804153e-18
1.64832091066e-16
8.24149670573e-17
0.0
0.0
0.0
-9.2642429561e-05
0.0
0.0
0.0
0.0
0.0
0.0
0.0
0.0
0.0
0.0
0.0
9.26424295609e-05
8.2153975903e-17
-8.21518189513e-17
3.92565207266e-19
2.15695168828e-21
8.26781151633e-17
-8.20224018501e-17
-9.26424295609e-05
0.0
0.0
0.0
0.0
0.0
0.000185284859122
0.139890068637
0.0325174927759
0.0119508734134
-0.000260759981351
-1.71673073318e-05
1.71673073317e-05
-1.71673073318e-05
0.0
9.26424295609e-05
3.53394964607e-17
1.76697482304e-16
-1.76697482304e-16
0.0
-0.0092642429561
-1.71673073319e-05
1.7167307332e-05
3.53394964607e-17
-1.71673073319e-05
1.71673073318e-05
1.41357985843e-16
-1.7167307332e-05
0.00463212147805
0.0
-7.06789929214e-17
0.0
-9.26424295608e-05
1.71673073318e-05
-1.7167307332e-05
1.06018489382e-16
1.71673073318e-05
-1.71673073319e-05
0.0
-1.76697482304e-16
1.41357985843e-16
0.0
9.26424295608e-05
-7.06789929214e-17
1.41357985843e-16
-0.00928141026343
1.71673073318e-05
7.06789929214e-17
-1.7167307332e-05
1.71673073319e-05
-1.71673073319e-05
1.7167307332e-05
-1.06018489382e-16
0.0092642429561
1.06018489382e-16
0.0
-7.06789929214e-17
0.0
1.06018489382e-16
3.53394964607e-17
-0.0752084854962
-0.0277927288683
-0.00724327681309
-9.26424295608e-05
1.14853363497e-16
0.0
-1.67862608188e-16
1.59027734073e-16
-8.83487411518e-17
-7.95138670366e-17
0.0
-0.00463212147805
1.71673073318e-05
8.83487411518e-17
0.0092642429561
0.0
0.0
0.0
-7.95138670366e-17
0.0
7.95138670366e-17
7.95138670366e-17
-9.26424295611e-05
0.0
1.67862608188e-16
-1.76697482304e-16
1.7167307332e-05
7.54751222289e-05
1.67862608188e-16
-1.67862608188e-16
7.95138670366e-17
8.83487411518e-17
0.0
-1.67862608188e-16
1.76697482304e-16
8.83487411518e-18
-0.00928141026343
1.71673073319e-05
-1.71673073319e-05
1.7167307332e-05
0.0138963644341
0.0
0.0
-7.95138670366e-17
-9.26424295609e-05
8.83487411518e-17
8.83487411518e-18
-7.95138670366e-17
0.0
1.59027734073e-16
1.71673073318e-05
-1.7167307332e-05
1.59027734073e-16
9.26424295609e-05
-7.95138670366e-17
-7.95138670366e-17
0.0
0.0
0.0
7.95138670366e-17
-8.83487411518e-17
0.0
-0.00928141026343
1.7167307332e-05
-9.2642429561e-05
0.0092642429561
0.0
0.0
0.0
0.0
0.0
-0.00463212147805
0.00463212147805
8.83487411518e-18
8.83487411518e-18
1.7167307332e-05
7.54751222289e-05
0.0
4.41743705759e-17
-3.53394964607e-17
0.0
-9.26424295609e-05
4.41743705759e-17
0.0
1.67862608188e-16
0.0
-1.67862608188e-16
1.67862608188e-16
-0.0092642429561
-1.7167307332e-05
1.71673073321e-05
0.0092642429561
0.0
0.0
0.0
0.0
-7.95138670366e-17
9.2642429561e-05
1.67862608188e-16
-1.67862608188e-16
0.0
-7.5475122229e-05
-1.71673073319e-05
0.0
4.41743705759e-17
1.23688237612e-16
-1.67862608188e-16
0.0
1.67862608188e-16
-1.76697482304e-16
-8.83487411518e-18
1.67862608188e-16
-1.67862608188e-16
-8.83487411518e-18
-0.0092642429561
-1.7167307332e-05
1.71673073319e-05
0.0092642429561
0.0
0.0
7.95138670366e-17
9.26424295608e-05
0.0
0.0
-0.0291823653117
-0.0127846552794
-0.00120435158429
-1.23688237612e-16
4.41743705759e-18
8.39313040942e-17
-7.95138670366e-17
0.0
8.39313040942e-17
8.39313040942e-17
-9.2642429561e-05
0.0
0.0
8.39313040942e-17
0.0
-1.67862608188e-16
9.26424295611e-05
9.26424295609e-05
-3.97569335183e-17
3.97569335183e-17
-3.97569335183e-17
8.39313040942e-17
-0.000277927288683
-0.0092642429561
0.0092642429561
-8.39313040942e-17
0.0
0.00518797605541
0.0131552249977
0.000555854577366
0.0
0.0
-8.83487411518e-18
0.0
0.0
5.30092446911e-17
-3.53394964607e-17
0.0
0.0
0.0
0.0
0.0
0.0
0.0
0.0
-0.0092642429561
-1.7167307332e-05
0.00463212147805
0.0
0.0
0.0
0.0
0.000277927288683
0.000109809736893
-1.71673073321e-05
4.41743705759e-17
-4.41743705759e-17
8.83487411518e-18
0.0
0.0152860008776
0.00861574594917
0.000185284859122
0.000109809736893
1.64825620211e-16
-8.24128101056e-17
-8.24128101056e-17
0.0
0.0
0.0
0.0
0.0
8.0652737528e-17
8.07735268225e-17
-1.63065547634e-16
8.40348377752e-17
8.22747651976e-17
-1.51849398855e-18
-8.0652737528e-17
8.09115717306e-17
-1.50123837504e-18
-8.22920208111e-17
8.26716443082e-17
1.3804490805e-19
-1.51849398855e-18
-8.24128101056e-17
8.24128101056e-17
0.0
-9.26424295609e-05
0.0
9.26424295609e-05
0.0
-8.24128101056e-17
0.0
1.64825620211e-16
0.0
0.0
0.0
1.72556135062e-18
-1.64549530395e-16
1.6299652518e-16
-8.39140484807e-17
-8.22747651976e-17
8.24300657191e-17
-9.2642429561e-05
0.0
8.24149670573e-17
-8.24149670573e-17
0.0
0.0
0.000277927288683
0.167682797505
0.0118582309838
0.000109809736893
-1.7167307332e-05
1.71673073319e-05
-1.71673073319e-05
0.0
0.0
0.0
0.0
0.0
0.0
-0.0092642429561
-1.06018489382e-16
7.06789929214e-17
0.0
-1.7167307332e-05
0.000109809736893
-7.06789929214e-17
-1.71673073319e-05
0.00455664635582
-7.06789929214e-17
-3.53394964607e-17
7.06789929214e-17
0.0
1.7167307332e-05
-1.71673073319e-05
-7.06789929214e-17
1.7167307332e-05
-1.7167307332e-05
0.0
1.7167307332e-05
-1.7167307332e-05
0.0
0.0
0.0
0.0
-0.00928141026343
1.7167307332e-05
-1.06018489382e-16
-1.71673073318e-05
1.71673073319e-05
-7.06789929214e-17
-1.71673073318e-05
1.7167307332e-05
0.0092642429561
9.2642429561e-05
7.06789929214e-17
-7.06789929214e-17
0.0
-9.26424295608e-05
-1.06018489382e-16
1.7167307332e-05
-1.7167307332e-05
0.0
1.7167307332e-05
-1.7167307332e-05
0.0
3.53394964607e-17
-0.0845825381892
-0.0186211283418
-0.0121361582725
-0.00435419418936
1.71673073318e-05
-1.71673073318e-05
1.71673073319e-05
0.0092642429561
0.0
0.0
0.0
7.95138670366e-17
0.0
0.0
0.0
0.0
0.0
1.7167307332e-05
-0.000109809736893
0.0
1.67862608188e-16
-1.67862608188e-16
8.83487411518e-18
9.26424295611e-05
-1.67862608188e-16
-8.83487411518e-18
1.59027734073e-16
-1.67862608188e-16
0.0
-0.00928141026343
1.71673073319e-05
0.0
0.0092642429561
0.0
0.0
0.0
7.95138670366e-17
-1.59027734073e-16
8.83487411518e-17
8.83487411518e-17
0.0
-1.67862608188e-16
-9.26424295609e-05
1.7167307332e-05
-7.95138670366e-17
-1.71673073319e-05
0.0
9.26424295611e-05
-1.50192859958e-16
8.83487411518e-18
1.67862608188e-16
-1.50192859958e-16
8.83487411518e-17
8.83487411518e-17
0.0
-0.00928141026343
1.71673073321e-05
0.0
0.00461495417072
0.0
0.0
0.0
-7.95138670366e-17
-9.26424295609e-05
0.0
0.0
0.0
0.0
1.7167307332e-05
-1.71673073321e-05
-8.83487411518e-18
9.26424295609e-05
1.14853363497e-16
-8.83487411518e-18
-8.83487411518e-17
7.95138670366e-17
-8.83487411518e-17
7.95138670366e-17
-8.83487411518e-18
-9.26424295611e-05
0.0
-0.0092642429561
-1.7167307332e-05
1.7167307332e-05
0.0092642429561
7.95138670366e-17
-7.95138670366e-17
0.0
8.83487411518e-17
-7.95138670366e-17
0.0
0.0
1.67862608188e-16
9.26424295609e-05
1.7167307332e-05
-1.7167307332e-05
-8.83487411518e-18
-3.53394964607e-17
5.30092446911e-17
8.83487411518e-18
-9.2642429561e-05
-7.95138670366e-17
7.95138670366e-17
-8.83487411518e-17
-1.67862608188e-16
2.47376475225e-16
-8.83487411518e-17
-0.0092642429561
-1.71673073318e-05
0.00928141026343
0.0
0.0
7.95138670366e-17
0.0
-7.95138670366e-17
0.0
1.67862608188e-16
9.26424295607e-05
1.67862608188e-16
-8.83487411518e-18
-8.83487411518e-18
1.71673073318e-05
-1.7167307332e-05
-9.26424295609e-05
-3.53394964607e-17
0.0
7.95138670366e-17
-7.95138670366e-17
0.0
7.95138670366e-17
7.95138670366e-17
0.0
-0.00928141026343
1.71673073318e-05
9.71836152669e-17
0.00461495417072
0.0
0.0
-7.95138670366e-17
0.0
7.95138670366e-17
9.26424295609e-05
7.95138670366e-17
0.0
0.0
0.0
0.0
1.7167307332e-05
-0.000109809736893
8.83487411518e-18
4.41743705759e-17
-4.41743705759e-17
0.0
7.95138670366e-17
-2.5621134934e-16
1.67862608188e-16
7.95138670366e-17
-2.3854160111e-16
-0.0138963644341
-1.71673073318e-05
1.71673073318e-05
0.00463212147805
7.95138670366e-17
-7.95138670366e-17
0.0
7.95138670366e-17
0.000185284859122
0.000109809736893
7.95138670366e-17
0.0053560936072
0.0132650347345
0.0032253177273
-8.83487411518e-18
0.0
-8.83487411518e-18
-0.0092642429561
-1.7167307332e-05
1.7167307332e-05
0.0
0.00461495417072
9.26424295609e-05
-9.26424295609e-05
0.0
1.7167307332e-05
4.41743705759e-17
0.000260759981351
-7.95138670366e-17
0.000185284859122
1.71673073318e-05
0.0
0.0
-9.26424295609e-05
0.0
0.0
0.0
0.0
0.0
9.26424295609e-05
0.0
6.68655023365e-20
6.68655023365e-20
1.31574052985e-19
-2.6314810597e-19
1.38476298387e-18
0.0
0.0
-9.26424295609e-05
-1.63436543324e-16
-1.51849398855e-18
1.64299323999e-16
-8.2153975903e-17
0.0
0.0
0.0
0.0
9.26424295609e-05
8.24149670573e-17
-8.24149670573e-17
0.0
0.0
0.0
0.0
0.0
-9.26424295609e-05
4.10769879515e-17
-1.63108686667e-16
8.40003265482e-17
8.24128101056e-17
1.29417101297e-19
-8.05060648132e-17
8.26716443082e-17
0.0
-8.05060648132e-17
8.08943161171e-17
0.0
1.29417101297e-19
0.0
0.000463212147805
0.18778620472
0.0123214431316
-0.000353402410912
-1.71673073319e-05
1.7167307332e-05
-1.71673073319e-05
1.7167307332e-05
-1.71673073321e-05
0.0
1.71673073321e-05
-1.7167307332e-05
-1.76697482304e-16
0.0
1.76697482304e-16
-0.0092642429561
7.06789929214e-17
-1.71673073321e-05
1.7167307332e-05
7.06789929214e-17
-1.71673073321e-05
1.7167307332e-05
3.53394964607e-17
0.0092642429561
7.06789929214e-17
0.0
-7.06789929214e-17
7.06789929214e-17
0.0
0.000109809736893
-1.7167307332e-05
-9.26424295609e-05
1.7167307332e-05
-1.7167307332e-05
0.0
1.7167307332e-05
-1.7167307332e-05
0.0
-3.53394964607e-17
3.53394964607e-17
-0.0092642429561
-1.71673073319e-05
1.7167307332e-05
0.0
-1.7167307332e-05
1.7167307332e-05
-1.7167307332e-05
1.06018489382e-16
1.71673073318e-05
0.0092642429561
-7.06789929214e-17
3.53394964607e-17
-0.103759521108
-0.0377981112609
-0.0125993704203
1.7167307332e-05
-1.71673073321e-05
9.26424295611e-05
-4.41743705759e-17
8.83487411518e-18
-9.26424295609e-05
0.0
-8.83487411518e-18
-8.83487411518e-18
0.0
1.59027734073e-16
-1.67862608188e-16
-0.0092642429561
4.41743705759e-18
0.0092642429561
-7.95138670366e-17
0.0
7.95138670366e-17
-7.95138670366e-17
0.0
0.0
7.95138670366e-17
0.0
-1.67862608188e-16
1.59027734073e-16
-8.83487411518e-18
1.71673073318e-05
-1.71673073318e-05
9.26424295611e-05
-2.03202104649e-16
3.53394964607e-17
-9.26424295607e-05
-1.67862608188e-16
0.0
0.0
0.0
0.0
0.0
-0.00928141026343
1.71673073318e-05
0.0092642429561
-7.95138670366e-17
7.95138670366e-17
0.0
-7.95138670366e-17
7.95138670366e-17
0.0
0.0
0.0
0.0
0.0
-7.5475122229e-05
-3.53394964607e-17
7.5475122229e-05
0.0
-7.95138670366e-17
-8.83487411518e-17
1.59027734073e-16
-8.83487411518e-17
-8.83487411518e-17
7.95138670366e-17
-8.83487411518e-17
-8.83487411518e-18
-0.0092642429561
-1.7167307332e-05
1.71673073319e-05
0.0092642429561
-7.95138670366e-17
7.95138670366e-17
0.0
0.0
-0.000277927288683
2.87182785928e-05
-1.71673073319e-05
0.0
-9.26424295611e-05
1.50192859958e-16
-7.95138670366e-17
7.06789929214e-17
0.0107465218291
0.00815253380136
-0.00435419418936
1.7167307332e-05
0.0092642429561
7.95138670366e-17
0.0
-7.95138670366e-17
0.0
7.95138670366e-17
0.0
-7.95138670366e-17
0.0
0.0
1.67862608188e-16
-1.67862608188e-16
1.71673073319e-05
7.54751222291e-05
-1.59027734073e-16
7.06789929214e-17
-9.2642429561e-05
0.0
0.0
8.83487411518e-18
8.83487411518e-18
-1.59027734073e-16
-8.83487411518e-18
-0.00928141026343
1.71673073319e-05
0.0
0.0092642429561
7.95138670366e-17
0.0
-7.95138670366e-17
0.0
1.67862608188e-16
0.0
-1.67862608188e-16
1.67862608188e-16
0.0
-1.76697482304e-16
0.0
1.7167307332e-05
-1.71673073321e-05
0.0
5.30092446911e-17
-4.41743705759e-17
-1.67862608188e-16
1.59027734073e-16
7.95138670366e-17
-7.95138670366e-17
-1.67862608188e-16
1.67862608188e-16
-0.00463212147805
8.83487411518e-18
-1.71673073319e-05
0.00928141026343
0.0
0.0
0.0
7.95138670366e-17
-7.95138670366e-17
0.0
1.67862608188e-16
-1.67862608188e-16
0.0
-7.5475122229e-05
-1.71673073319e-05
0.0
9.26424295609e-05
-4.41743705759e-17
0.0
-1.59027734073e-16
2.5621134934e-16
-7.95138670366e-17
-1.59027734073e-16
2.5621134934e-16
-8.83487411518e-17
-0.0092642429561
-1.71673073319e-05
1.71673073319e-05
0.0092642429561
-7.95138670366e-17
0.0
0.0
0.0
0.0
0.0
-8.83487411518e-17
-7.95138670366e-17
1.67862608188e-16
0.0
-9.26424295611e-05
1.7167307332e-05
7.54751222292e-05
8.83487411518e-18
-1.23688237612e-16
1.23688237612e-16
0.0
8.83487411518e-18
-1.67862608188e-16
1.59027734073e-16
8.83487411518e-18
-1.67862608188e-16
-0.0092642429561
0.0
-7.06789929214e-17
0.0092642429561
0.0
0.0
0.0
-7.95138670366e-17
0.0
7.95138670366e-17
-7.95138670366e-17
0.0
0.0
-7.5475122229e-05
-1.71673073319e-05
0.0
9.26424295609e-05
0.0
0.0
0.0
0.0
1.67862608188e-16
-1.76697482304e-16
8.83487411518e-18
8.83487411518e-18
-9.26424295609e-05
-0.0092642429561
-0.000480379455137
1.71673073318e-05
-9.26424295609e-05
0.0
0.0
0.0
0.0
0.0
0.0
0.0
9.26424295609e-05
0.0
0.0
0.0
0.0
-9.26424295609e-05
-8.2680272115e-17
-8.2680272115e-17
-2.67462009346e-19
8.21453480963e-17
-8.25422272069e-17
-1.64791108984e-18
1.51849398855e-18
8.24128101056e-17
0.0
0.0
-8.24128101056e-17
0.0
8.24128101056e-17
-8.24128101056e-17
-8.24128101056e-17
1.64825620211e-16
9.26424295609e-05
0.0
0.0
0.0
-9.26424295611e-05
1.21841886967e-16
-1.20383787626e-16
1.71693354387e-18
8.2153975903e-17
8.22833930043e-17
-1.62918874919e-16
8.41901382968e-17
8.22833930043e-17
-1.29417101297e-19
-8.06354819145e-17
8.24128101056e-17
1.29417101297e-19
0.0
8.24128101056e-17
-8.24128101056e-17
0.205110339048
0.012047895297
-0.000446044840473
-1.71673073321e-05
1.71673073321e-05
-1.71673073321e-05
-3.53394964607e-17
1.7167307332e-05
-1.7167307332e-05
-3.53394964607e-17
0.0
7.06789929214e-17
-7.06789929214e-17
-0.00928141026343
1.71673073318e-05
-9.26424295608e-05
7.5475122229e-05
1.7167307332e-05
0.0
-1.7167307332e-05
1.71673073321e-05
-1.76697482304e-16
0.00472476390761
1.71673073319e-05
-1.71673073321e-05
1.7167307332e-05
-1.7167307332e-05
1.71673073321e-05
-0.0613292883694
-0.0545835583187
-0.0186211283418
-0.00768932165356
-0.00092642429561
7.95138670366e-17
-7.95138670366e-17
-0.0092642429561
7.95138670366e-17
-1.7167307332e-05
1.71673073319e-05
0.0092642429561
-7.95138670366e-17
0.0
7.95138670366e-17
0.0
-7.95138670366e-17
7.95138670366e-17
0.0
0.0
0.0
1.71673073319e-05
-1.71673073319e-05
9.26424295609e-05
-9.2642429561e-05
8.83487411518e-17
8.83487411518e-18
-7.95138670366e-17
8.83487411518e-17
0.0
-7.95138670366e-17
8.83487411518e-17
0.0
-0.00928141026343
1.7167307332e-05
-7.95138670366e-17
0.0092642429561
0.0
0.0
0.0
0.0
-8.83487411518e-17
8.83487411518e-17
7.95138670366e-17
-1.67862608188e-16
1.67862608188e-16
0.0
-1.67862608188e-16
1.7167307332e-05
-1.71673073319e-05
-1.50192859958e-16
9.71836152669e-17
7.95138670366e-17
0.0
-7.95138670366e-17
-0.00444683661893
1.71673073319e-05
0.00461495417072
-7.95138670366e-17
0.0
7.95138670366e-17
-7.95138670366e-17
0.0
7.95138670366e-17
-7.95138670366e-17
0.0
1.7167307332e-05
7.5475122229e-05
-9.26424295611e-05
8.83487411518e-17
-7.95138670366e-17
0.0
4.41743705759e-17
-4.41743705759e-17
8.83487411518e-18
8.83487411518e-18
1.59027734073e-16
-1.59027734073e-16
-8.83487411518e-18
-0.0092642429561
-7.06789929214e-17
0.0
0.0092642429561
7.95138670366e-17
-7.95138670366e-17
7.95138670366e-17
8.83487411518e-17
-1.67862608188e-16
9.26424295611e-05
0.0
0.0
-9.26424295611e-05
8.83487411518e-18
1.7167307332e-05
-1.7167307332e-05
-8.83487411518e-18
1.67862608188e-16
-1.59027734073e-16
0.0
1.59027734073e-16
-1.59027734073e-16
0.0
0.0
-8.83487411518e-18
7.95138670366e-17
-0.00924707564876
0.0
-1.71673073318e-05
0.00928141026343
0.0
0.0
0.0
0.0
-7.95138670366e-17
8.83487411518e-17
8.83487411518e-17
-1.67862608188e-16
0.0
1.67862608188e-16
1.71673073319e-05
-1.71673073321e-05
1.67862608188e-16
0.0
-9.26424295611e-05
0.0
9.26424295609e-05
8.83487411518e-18
8.83487411518e-18
7.95138670366e-17
-7.06789929214e-17
-0.0092642429561
-1.71673073318e-05
1.71673073319e-05
-8.83487411518e-17
0.00461495417072
0.0
0.0
-7.95138670366e-17
0.0
7.95138670366e-17
0.0
-7.95138670366e-17
0.0
1.71673073321e-05
-0.000109809736893
1.59027734073e-16
-1.76697482304e-16
9.26424295609e-05
8.83487411518e-18
7.95138670366e-17
-7.95138670366e-17
0.0
1.59027734073e-16
-1.59027734073e-16
7.95138670366e-17
7.95138670366e-17
-0.0092642429561
-1.7167307332e-05
1.71673073321e-05
0.0092642429561
0.0
7.95138670366e-17
0.0
-7.95138670366e-17
7.95138670366e-17
8.83487411518e-17
-1.67862608188e-16
0.0
0.0
-7.54751222289e-05
-1.71673073322e-05
-8.83487411518e-18
1.67862608188e-16
-1.59027734073e-16
8.83487411518e-18
1.67862608188e-16
9.26424295611e-05
-1.50192859958e-16
8.83487411518e-17
7.95138670366e-17
-1.50192859958e-16
8.83487411518e-17
-0.00461495417072
0.0
-1.7167307332e-05
0.00928141026343
0.0
0.0
-7.95138670366e-17
7.95138670366e-17
-7.95138670366e-17
0.0
1.67862608188e-16
-1.67862608188e-16
0.0
-7.5475122229e-05
-7.95138670366e-17
-1.71673073318e-05
0.0
0.0
-8.83487411518e-18
0.0
0.0
0.0
9.2642429561e-05
-7.95138670366e-17
0.0
-0.00928141026343
1.71673073318e-05
8.83487411518e-18
-1.71673073318e-05
0.00463212147805
0.0
0.0
0.0
-8.83487411518e-17
7.95138670366e-17
0.0
-7.95138670366e-17
0.0
0.000109809736893
-0.000202452166454
1.59027734073e-16
-1.59027734073e-16
1.59027734073e-16
-0.000185284859122
1.71673073318e-05
-9.2642429561e-05
0.0
0.0
0.0
0.0
0.0
0.0
0.0
0.0
-1.57888863582e-18
-1.57888863582e-18
0.0
0.0
-2.58834202593e-19
1.6469620311e-16
-1.6469620311e-16
-9.26424295609e-05
-1.3804490805e-19
1.6565388966e-18
9.26424295609e-05
1.38907688725e-18
0.0
0.0
0.0
0.0
0.0
0.0
0.0
0.0
0.0
1.64825620211e-16
-1.64825620211e-16
0.0
1.64566786009e-16
-1.64765225564e-16
-9.26424295609e-05
6.90224540248e-20
-1.64653064076e-16
1.63169081315e-16
9.26424295609e-05
0.0
0.0
0.0
0.0
0.0
0.0
0.0
0.0
0.0
0.0
0.0
0.0
0.168609221801
0.00713346707619
-0.000538687270034
-1.7167307332e-05
-1.76697482304e-16
1.41357985843e-16
-3.53394964607e-17
9.2642429561e-05
-3.53394964607e-17
1.41357985843e-16
-7.06789929214e-17
-7.06789929214e-17
-0.0092642429561
-1.7167307332e-05
1.71673073319e-05
0.0
-1.71673073319e-05
1.71673073319e-05
-1.71673073319e-05
1.71673073318e-05
0.0092642429561
-3.53394964607e-17
-1.06018489382e-16
3.53394964607e-17
1.06018489382e-16
-7.5475122229e-05
-1.7167307332e-05
0.0
1.71673073318e-05
-1.71673073319e-05
0.0
1.76697482304e-16
-1.76697482304e-16
3.53394964607e-17
9.2642429561e-05
0.0
-7.06789929214e-17
-7.06789929214e-17
-0.0092642429561
-1.7167307332e-05
1.71673073319e-05
1.06018489382e-16
-1.7167307332e-05
1.71673073319e-05
0.0
0.0092642429561
7.06789929214e-17
-7.06789929214e-17
0.0
7.06789929214e-17
-9.2642429561e-05
1.7167307332e-05
-1.7167307332e-05
0.0
1.7167307332e-05
-1.71673073319e-05
-3.53394964607e-17
-0.0798577742815
-0.0377981112609
-0.012228800702
-0.000648497006927
7.95138670366e-17
-7.95138670366e-17
-7.95138670366e-17
-0.0092642429561
-1.71673073319e-05
0.00928141026343
0.0
0.0
0.0
0.0
0.0
-7.95138670366e-17
0.0
0.0
0.0
0.0
-7.5475122229e-05
-1.71673073319e-05
9.2642429561e-05
8.83487411518e-17
0.0
0.0
-8.83487411518e-18
-8.83487411518e-18
-8.83487411518e-17
-7.95138670366e-17
1.59027734073e-16
-7.95138670366e-17
-7.95138670366e-17
-0.0092642429561
0.0092642429561
0.0
0.0
0.0
0.0
-7.95138670366e-17
-9.26424295608e-05
0.0
-7.95138670366e-17
0.0
1.67862608188e-16
0.000109809736893
-1.7167307332e-05
1.59027734073e-16
0.0154712857367
0.012228800702
0.000648497006927
0.0
0.0
0.0
-0.0092642429561
-1.71673073318e-05
1.71673073319e-05
0.00463212147805
0.0
0.0
0.0
0.0
0.0
-7.95138670366e-17
-8.83487411518e-17
1.67862608188e-16
0.0
1.7167307332e-05
-1.7167307332e-05
0.0
0.0
8.83487411518e-18
8.83487411518e-18
0.0
0.0
0.0
0.0
0.0
0.0
0.0
-0.0092642429561
7.95138670366e-17
0.0
0.0092642429561
0.0
0.0
9.26424295609e-05
7.95138670366e-17
-9.2642429561e-05
0.0
0.0
0.0
0.0
1.71673073319e-05
-1.71673073319e-05
0.0
0.0
-4.41743705759e-17
4.41743705759e-17
0.0
0.0
0.0
0.0
0.0
0.0
-0.00928141026343
1.71673073321e-05
0.0
-1.71673073321e-05
0.00463212147805
0.0
0.0
0.0
0.0
0.0
-7.95138670366e-17
7.95138670366e-17
0.0
0.0
1.7167307332e-05
-4.41743705759e-17
-1.7167307332e-05
-3.53394964607e-17
3.53394964607e-17
0.0
0.0
0.0
0.0
0.0
0.0
0.0
-0.0092642429561
-8.83487411518e-17
-9.26424295609e-05
0.0092642429561
0.0
9.2642429561e-05
-7.95138670366e-17
7.95138670366e-17
-1.59027734073e-16
1.67862608188e-16
0.0
-1.67862608188e-16
0.0
1.67862608188e-16
0.0
1.71673073319e-05
-1.7167307332e-05
7.95138670366e-17
-7.06789929214e-17
7.95138670366e-17
0.0
0.0
0.0
0.0
-7.95138670366e-17
7.95138670366e-17
-0.0092642429561
-0.000109809736893
1.71673073319e-05
0.0092642429561
-7.95138670366e-17
0.0
7.95138670366e-17
9.26424295609e-05
0.0
8.83487411518e-18
0.0
0.0
0.0
0.0
0.0
1.7167307332e-05
-1.7167307332e-05
0.0
0.0
0.0
0.0
0.0
0.0
0.0
-9.2642429561e-05
-7.95138670366e-17
-0.0092642429561
-1.71673073319e-05
1.7167307332e-05
0.0092642429561
0.0
0.0
0.0
9.2642429561e-05
0.0
7.95138670366e-17
-7.95138670366e-17
0.0
1.71673073318e-05
-1.71673073318e-05
-8.83487411518e-18
1.71673073319e-05
-1.71673073319e-05
8.83487411518e-18
-8.83487411518e-18
0.0
0.0
-9.26424295609e-05
-7.54751222291e-05
-8.2153975903e-17
-8.24128101056e-17
8.24128101056e-17
0.0
-9.26424295611e-05
0.0
0.0
0.0
9.26424295609e-05
1.2374863226e-16
-1.23619215158e-16
-1.64791108984e-18
1.64428741101e-16
-1.63056919827e-16
8.06354819145e-17
8.25422272069e-17
-1.63056919827e-16
8.40520933887e-17
8.25422272069e-17
1.29417101297e-19
1.6469620311e-16
0.0
-9.2642429561e-05
0.0
8.24128101056e-17
-8.24128101056e-17
0.0
8.24128101056e-17
8.24128101056e-17
-1.64825620211e-16
1.64825620211e-16
0.0
9.26424295607e-05
1.64825620211e-16
0.0
-8.25422272069e-17
8.24732047529e-17
-1.63117314474e-16
1.64955037313e-16
1.29417101297e-19
-9.26424295609e-05
-8.21367202895e-17
8.04801813929e-17
-8.39313040942e-17
-8.22747651976e-17
1.62892991499e-16
8.22747651976e-17
0.0
0.0
0.0
0.163328603316
0.00787460651268
0.000387737025576
-1.71673073319e-05
1.71673073319e-05
-1.71673073321e-05
0.0
1.71673073322e-05
-1.7167307332e-05
-1.41357985843e-16
9.26424295611e-05
7.06789929214e-17
-7.06789929214e-17
1.06018489382e-16
1.06018489382e-16
-0.0092642429561
-1.71673073321e-05
1.71673073321e-05
0.0
-1.71673073321e-05
1.71673073319e-05
1.41357985843e-16
0.00463212147805
-1.06018489382e-16
0.0
1.06018489382e-16
-7.06789929214e-17
0.0
1.7167307332e-05
-0.000109809736893
0.0
1.71673073319e-05
-1.71673073319e-05
-3.53394964607e-17
-3.53394964607e-17
3.53394964607e-17
-3.53394964607e-17
0.0
7.06789929214e-17
-7.06789929214e-17
-0.00917160052653
-1.71673073321e-05
1.7167307332e-05
1.06018489382e-16
-1.71673073321e-05
1.7167307332e-05
1.76697482304e-17
-1.7167307332e-05
0.00928141026343
-1.41357985843e-16
1.41357985843e-16
0.0
-1.41357985843e-16
1.76697482304e-16
3.53394964607e-17
1.71673073319e-05
-0.0700376767481
-0.0373348991131
-0.0125993704203
-0.000202452166454
-8.83487411518e-18
0.0
1.59027734073e-16
-1.67862608188e-16
0.0
1.59027734073e-16
-0.0092642429561
-1.7167307332e-05
0.00928141026343
0.0
7.95138670366e-17
9.26424295609e-05
0.0
8.83487411518e-17
0.0
-9.2642429561e-05
0.0
0.0
0.0
1.7167307332e-05
-1.7167307332e-05
8.83487411518e-18
3.53394964607e-17
-4.41743705759e-17
1.67862608188e-16
-1.67862608188e-16
0.0
0.0
0.0
0.0
0.0
-0.00928141026343
1.71673073318e-05
7.95138670366e-17
0.00463212147805
0.0
9.2642429561e-05
-9.2642429561e-05
0.019796326667
0.00787460651268
0.000202452166454
-1.71673073318e-05
1.71673073318e-05
7.54751222291e-05
0.0
-8.83487411518e-17
7.06789929214e-17
0.0
-7.95138670366e-17
7.06789929214e-17
0.0
-7.95138670366e-17
7.06789929214e-17
-0.0092642429561
-1.7167307332e-05
1.71673073321e-05
0.0092642429561
0.0
7.95138670366e-17
0.0
8.83487411518e-18
0.0
0.0
-9.26424295611e-05
0.0
1.59027734073e-16
0.000109809736893
-1.71673073319e-05
0.0
-4.41743705759e-17
8.83487411518e-18
4.41743705759e-17
-7.95138670366e-17
7.95138670366e-17
0.0
8.83487411518e-18
-1.59027734073e-16
1.59027734073e-16
-0.00928141026343
1.71673073318e-05
8.83487411518e-18
7.54751222291e-05
0.00918876783387
0.0
-7.95138670366e-17
0.0
7.95138670366e-17
0.0
-7.95138670366e-17
7.95138670366e-17
0.0
0.0
0.0
1.71673073319e-05
-1.71673073319e-05
8.83487411518e-18
-4.41743705759e-17
-1.32523111728e-16
1.67862608188e-16
0.0
-1.67862608188e-16
-8.83487411518e-18
1.59027734073e-16
-1.67862608188e-16
-0.0092642429561
-1.71673073319e-05
0.000109809736893
0.0092642429561
0.0
0.0
0.0
0.0
-7.95138670366e-17
0.0
1.59027734073e-16
-1.67862608188e-16
0.0
1.67862608188e-16
0.0
1.71673073319e-05
-1.71673073319e-05
8.83487411518e-18
-7.06789929214e-17
9.71836152669e-17
0.0
-9.2642429561e-05
-7.95138670366e-17
1.59027734073e-16
-7.95138670366e-17
9.2642429561e-05
-0.0138963644341
-8.83487411518e-18
-1.71673073319e-05
0.00928141026343
7.95138670366e-17
-7.95138670366e-17
0.0
7.95138670366e-17
-7.95138670366e-17
0.0
7.95138670366e-17
0.0
0.0
1.7167307332e-05
-1.7167307332e-05
0.0
0.0
0.0
-9.26424295611e-05
7.95138670366e-17
-7.95138670366e-17
8.83487411518e-18
7.95138670366e-17
9.26424295608e-05
1.59027734073e-16
-0.00928141026343
1.71673073319e-05
0.0
-1.71673073319e-05
0.00928141026343
0.0
7.95138670366e-17
0.0
-7.95138670366e-17
0.0
7.95138670366e-17
-1.67862608188e-16
0.0
1.59027734073e-16
1.71673073319e-05
-1.71673073319e-05
-8.83487411518e-18
-3.53394964607e-17
-9.26424295609e-05
0.0
-1.59027734073e-16
1.67862608188e-16
-8.83487411518e-18
-1.59027734073e-16
7.95138670366e-17
7.95138670366e-17
-0.00453947904849
-1.7167307332e-05
1.71673073319e-05
0.0092642429561
0.0
0.0
-7.95138670366e-17
7.95138670366e-17
0.0
0.0
-7.95138670366e-17
7.95138670366e-17
0.0
0.0
0.0
-7.5475122229e-05
-1.71673073319e-05
-1.14853363497e-16
1.23688237612e-16
-8.83487411518e-18
0.0
-1.76697482304e-16
1.59027734073e-16
-8.83487411518e-18
-7.95138670366e-17
7.95138670366e-17
-0.00917160052653
-1.7167307332e-05
1.71673073319e-05
0.00463212147805
1.71673073318e-05
9.26424295609e-05
0.0
-9.26424295611e-05
1.64829934115e-16
0.0
0.0
0.0
0.0
-1.63046135068e-16
2.67462009346e-19
1.63184179976e-16
-8.22186844537e-17
-8.07670559675e-17
1.64437368907e-16
-8.2285549956e-17
-8.26781151633e-17
1.64437368907e-16
-9.26424295611e-05
-1.64791108984e-18
1.51849398855e-18
1.66214697099e-16
8.24128101056e-17
9.26424295609e-05
0.0
8.24149670573e-17
0.0
-8.24149670573e-17
8.24149670573e-17
0.0
-1.64829934115e-16
0.0
1.64829934115e-16
0.0
-1.64829934115e-16
-9.26424295607e-05
-1.23947071815e-16
-3.9558493963e-17
0.0
8.22833930043e-17
-8.2015930995e-17
1.77732819114e-18
9.26424295611e-05
3.94722158954e-19
-1.51633703686e-18
1.29417101297e-19
2.65305057658e-19
-8.21518189513e-17
-8.24149670573e-17
0.0
8.24149670573e-17
-8.24149670573e-17
0.168331294512
0.012228800702
-0.000538687270034
-1.7167307332e-05
-7.5475122229e-05
-1.71673073321e-05
0.0
1.41357985843e-16
-3.53394964607e-17
-1.06018489382e-16
1.06018489382e-16
-1.06018489382e-16
0.0
-0.00464928878538
0.000109809736893
0.0
-1.7167307332e-05
1.71673073319e-05
3.53394964607e-17
-1.71673073321e-05
1.71673073321e-05
0.0092642429561
0.0
-1.06018489382e-16
0.0
0.0
-7.06789929214e-17
1.06018489382e-16
0.0
1.71673073318e-05
-1.71673073318e-05
0.0
1.7167307332e-05
-1.7167307332e-05
0.0
3.53394964607e-17
-9.2642429561e-05
0.0
-7.06789929214e-17
-0.0092642429561
1.41357985843e-16
-7.06789929214e-17
-7.06789929214e-17
9.26424295611e-05
-1.7167307332e-05
1.71673073319e-05
2.12036978764e-16
0.0092642429561
-7.06789929214e-17
0.0
3.53394964607e-17
0.0
0.0
1.71673073319e-05
-1.71673073321e-05
1.41357985843e-16
1.7167307332e-05
-1.71673073322e-05
-0.112097339769
-0.012228800702
0.000277927288683
-7.95138670366e-17
7.95138670366e-17
-2.47376475225e-16
-0.0092642429561
-1.71673073319e-05
0.00928141026343
0.0
7.95138670366e-17
-7.95138670366e-17
0.0
0.0
7.95138670366e-17
8.83487411518e-17
-1.67862608188e-16
1.67862608188e-16
0.0
1.71673073318e-05
-1.71673073318e-05
-8.83487411518e-18
0.0
-1.23688237612e-16
1.14853363497e-16
-9.26424295611e-05
0.0
-1.67862608188e-16
1.59027734073e-16
9.26424295607e-05
0.0
-0.00928141026343
1.71673073319e-05
0.0
0.00461495417072
7.95138670366e-17
-7.95138670366e-17
7.95138670366e-17
-7.95138670366e-17
1.67862608188e-16
-1.67862608188e-16
0.0
0.0
1.67862608188e-16
-1.67862608188e-16
-9.26424295611e-05
1.7167307332e-05
-1.71673073319e-05
-1.50192859958e-16
9.71836152669e-17
7.95138670366e-17
0.0
-7.95138670366e-17
7.95138670366e-17
9.26424295609e-05
0.0
1.67862608188e-16
-0.0092642429561
-1.71673073319e-05
1.7167307332e-05
0.00463212147805
0.0
0.0
0.0
7.95138670366e-17
-7.95138670366e-17
0.0
0.0
-9.26424295609e-05
0.0
1.71673073319e-05
-1.71673073319e-05
-4.41743705759e-17
4.41743705759e-17
0.0
9.26424295609e-05
1.32523111728e-16
0.0
-8.83487411518e-17
-7.95138670366e-17
1.67862608188e-16
0.0
-0.00928141026343
1.71673073319e-05
0.0
0.00917160052653
0.0
0.0
-7.95138670366e-17
0.0
7.95138670366e-17
0.0
-1.67862608188e-16
0.0
1.67862608188e-16
0.0
1.71673073318e-05
-1.71673073319e-05
9.26424295611e-05
-1.14853363497e-16
0.0
1.14853363497e-16
8.83487411518e-18
-1.67862608188e-16
1.59027734073e-16
-8.83487411518e-18
-1.67862608188e-16
0.0
-0.00937405269299
1.71673073319e-05
0.0
0.00461495417072
7.95138670366e-17
0.0
0.0
0.000277927288683
-0.000260759981351
-1.71673073319e-05
1.7167307332e-05
-1.7167307332e-05
0.0
-4.41743705759e-17
-9.26424295609e-05
-0.000185284859122
-0.000277927288683
0.0
0.0
0.0147301463002
0.0127846552794
0.000387737025576
-1.7167307332e-05
1.7167307332e-05
-1.7167307332e-05
1.67862608188e-16
-2.12036978764e-16
3.53394964607e-17
-9.26424295609e-05
0.0
-1.59027734073e-16
1.67862608188e-16
-1.59027734073e-16
0.0
-0.00928141026343
1.71673073318e-05
8.83487411518e-17
-1.71673073319e-05
0.00463212147805
9.2642429561e-05
0.0
8.83487411518e-18
8.83487411518e-17
-7.95138670366e-17
0.0
0.0
0.0
0.0
-8.83487411518e-18
1.71673073319e-05
-1.71673073319e-05
0.0
-9.26424295609e-05
-1.32523111728e-16
-8.83487411518e-18
7.95138670366e-17
-7.95138670366e-17
0.0
7.95138670366e-17
-7.95138670366e-17
-0.0092642429561
-1.71673073318e-05
1.71673073319e-05
0.0092642429561
9.2642429561e-05
-7.95138670366e-17
7.95138670366e-17
0.0
0.0
0.0
0.0
0.0
0.0
1.71673073319e-05
-1.71673073321e-05
-9.26424295607e-05
-7.95138670366e-17
-7.06789929214e-17
0.0
8.83487411518e-17
-7.95138670366e-17
8.83487411518e-18
7.95138670366e-17
7.95138670366e-17
-1.59027734073e-16
-0.00928141026343
0.0
1.7167307332e-05
-7.95138670366e-17
0.00452231174115
0.0
0.0
-0.000279745811258
1.71673073318e-05
8.24149670573e-17
-1.64829934115e-16
1.64829934115e-16
0.0
-9.26424295611e-05
9.26424295611e-05
-1.64829934115e-16
1.64829934115e-16
-8.2611249661e-17
-8.22833930043e-17
-1.51633703686e-18
8.20871104007e-17
-8.28075322646e-17
-1.38691993556e-18
8.2285549956e-17
-8.26759582116e-17
-1.38691993556e-18
8.40628781472e-17
-8.25443841586e-17
1.31574052985e-19
0.0
-9.2642429561e-05
0.0
0.0
0.0
9.2642429561e-05
0.0
0.0
-8.24149670573e-17
1.64829934115e-16
-1.64829934115e-16
0.0
1.64829934115e-16
-1.64829934115e-16
1.31574052985e-19
8.2348101555e-17
-8.26134066126e-17
1.64791108984e-18
-1.29417101297e-19
-2.15695168828e-21
-9.26424295609e-05
1.29417101297e-19
1.29417101297e-19
1.29417101297e-19
8.24128101056e-17
-8.22833930043e-17
1.29417101297e-19
0.0
0.0
0.0
9.26424295609e-05
8.24149670573e-17
0.0
0.167682797505
0.0117655885542
-7.5475122229e-05
-1.71673073318e-05
1.71673073319e-05
-1.71673073321e-05
1.76697482304e-16
-1.06018489382e-16
-3.53394964607e-17
1.41357985843e-16
-7.06789929214e-17
-1.06018489382e-16
-0.0092642429561
-1.06018489382e-16
1.06018489382e-16
-1.71673073319e-05
1.71673073318e-05
0.0
-1.71673073318e-05
0.0
0.00928141026343
0.0
-7.06789929214e-17
0.0
9.26424295611e-05
-7.54751222291e-05
-1.71673073321e-05
-3.53394964607e-17
1.7167307332e-05
-1.7167307332e-05
-3.53394964607e-17
1.7167307332e-05
-1.7167307332e-05
0.0
1.06018489382e-16
0.0
-1.41357985843e-16
-0.00928141026343
1.71673073319e-05
1.06018489382e-16
-1.7167307332e-05
1.71673073319e-05
0.0
-1.71673073319e-05
1.7167307332e-05
0.0092642429561
-1.76697482304e-16
7.06789929214e-17
1.06018489382e-16
-1.76697482304e-16
7.06789929214e-17
-7.5475122229e-05
-1.7167307332e-05
9.26424295611e-05
1.71673073319e-05
-1.71673073321e-05
0.0
1.71673073321e-05
-1.7167307332e-05
-0.121639510014
-0.0119508734134
-0.000185284859122
-0.0092642429561
-1.7167307332e-05
0.00928141026343
7.95138670366e-17
0.0
-9.2642429561e-05
0.0
8.83487411518e-17
-7.95138670366e-17
7.95138670366e-17
0.0
-1.67862608188e-16
1.67862608188e-16
1.7167307332e-05
-7.06789929214e-17
-1.7167307332e-05
1.59027734073e-16
-8.83487411518e-17
9.26424295608e-05
8.83487411518e-18
8.83487411518e-17
-8.83487411518e-17
-8.83487411518e-18
8.83487411518e-17
7.95138670366e-17
0.0
-0.00470759660028
8.83487411518e-18
0.0092642429561
-7.95138670366e-17
0.0
0.0
0.0
0.0
9.26424295609e-05
-7.54751222289e-05
-1.71673073321e-05
8.83487411518e-17
7.95138670366e-17
-8.83487411518e-18
-8.83487411518e-18
-8.83487411518e-18
-9.26424295611e-05
8.83487411518e-17
-7.06789929214e-17
8.83487411518e-18
8.83487411518e-18
-0.0092642429561
-8.83487411518e-17
0.0092642429561
0.0
0.0
0.0
9.2642429561e-05
-1.59027734073e-16
9.26424295611e-05
-0.00016811755179
-1.71673073318e-05
9.26424295609e-05
3.53394964607e-17
0.0
-8.83487411518e-17
7.95138670366e-17
0.0
-8.83487411518e-17
7.06789929214e-17
0.0
-8.83487411518e-17
-0.00463212147805
1.7167307332e-05
0.0092642429561
0.0
0.0
0.0
0.0
0.0
-9.2642429561e-05
0.0
0.0
0.0
0.0
0.0
1.71673073319e-05
7.54751222291e-05
8.83487411518e-18
-2.65046223455e-17
-1.14853363497e-16
1.67862608188e-16
8.83487411518e-18
-1.59027734073e-16
1.67862608188e-16
8.83487411518e-18
-1.59027734073e-16
0.0
-0.00928141026343
1.71673073318e-05
0.0092642429561
0.0
0.0
-9.2642429561e-05
7.95138670366e-17
0.000370569718244
0.000109809736893
-0.000109809736893
-1.59027734073e-16
7.95138670366e-17
8.83487411518e-17
-7.06789929214e-17
-7.95138670366e-17
8.83487411518e-18
8.83487411518e-17
-7.95138670366e-17
0.0
7.95138670366e-17
7.95138670366e-17
-0.0092642429561
-1.71673073319e-05
0.00463212147805
-7.95138670366e-17
0.0
-7.95138670366e-17
0.0
9.26424295611e-05
0.0
0.0
-1.67862608188e-16
1.67862608188e-16
0.0286436780417
0.00778196408312
0.00016811755179
-5.30092446911e-17
0.0
1.59027734073e-16
0.0
-1.59027734073e-16
0.0
-0.00463212147805
7.5475122229e-05
1.71673073318e-05
0.0092642429561
0.0
8.83487411518e-17
-9.26424295609e-05
-8.83487411518e-17
0.0
0.0
-1.76697482304e-17
0.0
0.0
1.7167307332e-05
-1.71673073318e-05
-1.76697482304e-16
0.0
1.76697482304e-16
1.76697482304e-17
-1.59027734073e-16
1.76697482304e-16
1.76697482304e-17
-1.59027734073e-16
0.0
1.76697482304e-16
-0.00928141026343
1.7167307332e-05
9.26424295608e-05
-1.71673073318e-05
0.00928141026343
-0.000185284859122
0.000277927288683
0.0
0.0
-1.59027734073e-16
1.59027734073e-16
-0.0196230277596
-0.00826234353826
-0.00092642429561
7.95138670366e-17
-7.95138670366e-17
8.83487411518e-17
0.0
-0.00464928878538
0.000277927288683
0.00407626690068
1.71673073318e-05
0.0
-9.2642429561e-05
8.24128101056e-17
-1.64825620211e-16
0.0
0.0
1.64825620211e-16
-1.64825620211e-16
1.23550192704e-16
4.11373825988e-17
-6.90224540248e-20
-8.06441097212e-17
2.46850179013e-16
-1.64834248018e-16
9.26424295609e-05
0.0
0.0
-9.26424295609e-05
0.0
-1.62918874919e-16
1.64955037313e-16
-8.24128101056e-17
0.0
0.0
0.0
0.0
0.0
0.0
8.24128101056e-17
0.0
0.0
0.0
0.0
0.0
9.26424295609e-05
-9.26424295609e-05
-1.21712469866e-16
1.6336752087e-16
-8.25508550137e-17
-8.2680272115e-17
1.63928328309e-18
1.64428741101e-16
-1.6469620311e-16
-1.64791108984e-18
1.66206069292e-16
-1.63574588232e-16
1.62918874919e-16
0.0
-8.24128101056e-17
0.0
8.24128101056e-17
-8.24128101056e-17
0.177595537468
0.0119508734134
1.7167307332e-05
-1.71673073321e-05
3.53394964607e-17
1.71673073322e-05
-1.7167307332e-05
-1.41357985843e-16
2.12036978764e-16
-3.53394964607e-17
-1.41357985843e-16
2.82715971686e-16
-0.0092642429561
-1.7167307332e-05
1.7167307332e-05
0.0
-1.7167307332e-05
1.7167307332e-05
0.0
-1.71673073319e-05
1.71673073319e-05
0.0092642429561
-3.53394964607e-17
-1.06018489382e-16
7.06789929214e-17
-7.5475122229e-05
-3.53394964607e-17
-1.7167307332e-05
0.000109809736893
-1.71673073318e-05
0.0
1.71673073318e-05
-1.71673073318e-05
0.0
-1.41357985843e-16
1.76697482304e-16
0.0
-1.76697482304e-16
-0.00463212147805
0.0
-1.71673073321e-05
1.71673073321e-05
0.0
-7.06789929214e-17
3.53394964607e-17
-3.53394964607e-17
0.0092642429561
1.41357985843e-16
-7.06789929214e-17
-7.06789929214e-17
7.06789929214e-17
0.0
1.71673073319e-05
-1.71673073319e-05
9.26424295611e-05
1.71673073319e-05
-0.11191205491
-0.00750403679444
-0.000943591602941
-7.95138670366e-17
7.95138670366e-17
-0.000185284859122
9.26424295608e-05
7.95138670366e-17
0.0
0.0
-7.95138670366e-17
7.95138670366e-17
0.0
-1.67862608188e-16
1.67862608188e-16
0.0
-9.26424295611e-05
1.7167307332e-05
-1.71673073318e-05
-1.59027734073e-16
8.83487411518e-17
8.83487411518e-17
0.0
-7.95138670366e-17
7.95138670366e-17
9.26424295609e-05
-8.83487411518e-18
-8.83487411518e-18
-0.00928141026343
1.71673073319e-05
8.83487411518e-17
0.0092642429561
0.0
0.0
0.0
0.0
-7.95138670366e-17
-9.26424295609e-05
1.67862608188e-16
0.0
-1.67862608188e-16
1.59027734073e-16
-8.83487411518e-18
1.71673073318e-05
-1.7167307332e-05
7.06789929214e-17
-8.83487411518e-17
-8.83487411518e-18
9.2642429561e-05
-8.83487411518e-17
0.0
1.67862608188e-16
-1.59027734073e-16
-8.83487411518e-18
-0.00464928878538
1.71673073318e-05
8.83487411518e-18
0.00917160052653
0.0
0.0
0.0
-8.83487411518e-17
8.83487411518e-17
8.83487411518e-17
-1.59027734073e-16
-0.0381686809791
-0.012228800702
-0.0010414314694
0.0
0.0
0.0
0.0159344978845
0.00870838837873
-0.00416890933024
1.71673073319e-05
0.0092642429561
0.0
0.0
0.0
0.0
7.95138670366e-17
-1.67862608188e-16
0.0
0.0
1.67862608188e-16
-1.67862608188e-16
1.7167307332e-05
-1.71673073318e-05
-1.67862608188e-16
0.0
4.41743705759e-17
1.14853363497e-16
-1.67862608188e-16
1.59027734073e-16
0.0
0.0
-8.83487411518e-18
-9.26424295611e-05
7.95138670366e-17
-0.0092642429561
9.26424295611e-05
0.00461495417072
0.0
0.0
0.0
0.0
-7.95138670366e-17
1.67862608188e-16
0.0
-1.67862608188e-16
0.0
1.67862608188e-16
0.0
-1.67862608188e-16
7.95138670366e-17
8.83487411518e-17
-1.50192859958e-16
8.83487411518e-17
7.95138670366e-17
8.83487411518e-18
-9.26424295611e-05
0.0
0.0
0.0
0.0
-0.00928141026343
1.7167307332e-05
0.0139890068637
0.0
0.0
0.0
0.0
7.95138670366e-17
8.83487411518e-18
0.0
0.0
0.0
1.71673073318e-05
-1.7167307332e-05
1.59027734073e-16
-7.95138670366e-17
-7.95138670366e-17
1.50192859958e-16
-7.95138670366e-17
7.06789929214e-17
-9.26424295611e-05
1.67862608188e-16
0.0
-1.67862608188e-16
1.67862608188e-16
-0.00463212147805
-1.7167307332e-05
0.00928141026343
0.0
0.0
9.2642429561e-05
0.0
0.0
8.83487411518e-17
-1.67862608188e-16
1.67862608188e-16
0.0
-1.67862608188e-16
1.67862608188e-16
-1.67862608188e-16
0.0
7.95138670366e-17
8.83487411518e-17
-1.50192859958e-16
8.83487411518e-17
-9.2642429561e-05
0.0
7.95138670366e-17
-7.95138670366e-17
0.0
7.95138670366e-17
-0.00928141026343
1.71673073318e-05
0.0092642429561
-7.95138670366e-17
0.0
0.0
0.0
9.26424295611e-05
-7.95138670366e-17
-8.83487411518e-17
0.0
0.0
0.0
8.83487411518e-18
1.7167307332e-05
-1.7167307332e-05
0.0
3.53394964607e-17
1.23688237612e-16
-9.26424295611e-05
8.83487411518e-18
8.83487411518e-18
0.0
0.0
-0.000555854577366
1.71673073318e-05
-8.24149670573e-17
8.24149670573e-17
8.24149670573e-17
-9.26424295611e-05
0.0
0.0
0.0
0.0
0.0
0.0
0.0
0.0
0.0
0.0
0.0
0.0
0.0
0.0
9.26424295607e-05
1.64829934115e-16
-9.26424295609e-05
0.0
0.0
0.0
0.0
0.0
0.0
0.0
0.0
0.0
0.0
0.0
0.0
0.0
0.0
0.0
0.0
1.73418915737e-18
0.0
0.0
0.0
0.0
0.0
0.0
0.0
0.0
0.0
0.0
0.0
0.0
0.0
0.0
0.193807962642
0.0120435158429
-0.0010945418474
-1.7167307332e-05
-3.53394964607e-17
1.7167307332e-05
-1.7167307332e-05
-3.53394964607e-17
9.2642429561e-05
2.47376475225e-16
-1.76697482304e-16
-3.53394964607e-17
-0.00463212147805
-1.7167307332e-05
1.7167307332e-05
7.06789929214e-17
-1.7167307332e-05
-3.53394964607e-17
1.7167307332e-05
7.06789929214e-17
-0.000109809736893
0.00464928878538
3.53394964607e-17
7.06789929214e-17
-7.06789929214e-17
0.0
1.7167307332e-05
-1.71673073319e-05
-1.76697482304e-16
1.41357985843e-16
0.0
1.71673073318e-05
-1.71673073319e-05
0.0
-3.53394964607e-17
9.2642429561e-05
0.0
3.53394964607e-17
-0.0162295924805
1.7167307332e-05
-1.7167307332e-05
1.71673073319e-05
0.0092642429561
-7.06789929214e-17
7.06789929214e-17
0.0
1.7167307332e-05
-0.12174931975
-0.0123670465853
-9.2642429561e-05
-8.83487411518e-17
1.50192859958e-16
-8.83487411518e-17
-7.95138670366e-17
7.06789929214e-17
-7.95138670366e-17
0.0
-0.00928141026343
1.71673073319e-05
0.0
-1.71673073319e-05
0.00453947904849
-7.95138670366e-17
9.2642429561e-05
0.0
0.0
8.83487411518e-17
-1.67862608188e-16
1.67862608188e-16
0.0
-1.67862608188e-16
0.0
1.71673073319e-05
-1.71673073319e-05
-8.83487411518e-18
5.30092446911e-17
-3.53394964607e-17
8.83487411518e-18
8.83487411518e-17
-7.95138670366e-17
0.0
8.83487411518e-17
-7.06789929214e-17
-0.0092642429561
0.0
-1.71673073319e-05
0.00918876783387
0.0
0.0
0.0
9.2642429561e-05
-8.83487411518e-17
8.83487411518e-17
-7.95138670366e-17
0.0
0.0
1.7167307332e-05
-1.7167307332e-05
0.0
7.95138670366e-17
8.83487411518e-17
0.0
-1.14853363497e-16
1.14853363497e-16
-8.83487411518e-18
-1.59027734073e-16
0.0
-9.26424295607e-05
0.0
-0.00928141026343
1.7167307332e-05
-1.7167307332e-05
0.00928141026343
-7.95138670366e-17
0.0
0.0
9.26424295611e-05
-1.67862608188e-16
8.83487411518e-17
8.83487411518e-17
-1.67862608188e-16
1.67862608188e-16
0.0
1.71673073319e-05
-0.000109809736893
8.83487411518e-18
8.83487411518e-18
-1.67862608188e-16
1.59027734073e-16
-1.67862608188e-16
0.0
1.59027734073e-16
-8.83487411518e-17
-7.95138670366e-17
-0.00917160052653
-1.71673073318e-05
1.71673073319e-05
0.0
0.0092642429561
0.0
0.0
-7.95138670366e-17
0.0
7.95138670366e-17
-0.00016811755179
-1.71673073321e-05
1.59027734073e-16
-1.59027734073e-16
1.76697482304e-17
1.67862608188e-16
0.0
0.0
-7.95138670366e-17
7.95138670366e-17
0.0
-7.95138670366e-17
-0.00461495417072
0.0
-1.7167307332e-05
0.00463212147805
-7.95138670366e-17
0.0
7.95138670366e-17
0.0
0.0
-7.95138670366e-17
7.95138670366e-17
9.26424295611e-05
-1.67862608188e-16
-9.26424295609e-05
0.0
-3.53394964607e-17
-1.23688237612e-16
1.67862608188e-16
-3.53394964607e-17
-1.23688237612e-16
1.67862608188e-16
-1.67862608188e-16
0.0
1.67862608188e-16
-8.83487411518e-18
-0.0092642429561
-1.71673073318e-05
1.71673073318e-05
8.83487411518e-18
0.0092642429561
-7.95138670366e-17
0.0
7.95138670366e-17
0.0
9.26424295609e-05
0.0
-9.26424295611e-05
1.67862608188e-16
1.71673073319e-05
-1.71673073321e-05
-8.83487411518e-18
1.14853363497e-16
5.30092446911e-17
1.76697482304e-17
-4.41743705759e-17
4.41743705759e-17
0.0
0.0
0.0
0.0
0.0
-0.00463212147805
0.0
-1.71673073319e-05
0.00464928878538
0.0
0.0
0.0
-7.95138670366e-17
0.0
7.95138670366e-17
9.26424295609e-05
-9.26424295609e-05
-0.000185284859122
0.000185284859122
0.0
-8.83487411518e-18
-7.95138670366e-17
-9.26424295609e-05
-0.00481740633717
0.00928141026343
0.0
0.0
9.2642429561e-05
9.2642429561e-05
-1.67862608188e-16
1.7167307332e-05
-1.71673073318e-05
0.0
9.26424295608e-05
-0.000463212147805
-1.59027734073e-16
2.5621134934e-16
-0.00463212147805
-8.83487411518e-17
-0.000109809736893
-7.54751222291e-05
-1.64566786009e-16
0.0
0.0
0.0
0.0
0.0
0.0
0.0
-9.2642429561e-05
8.08252936631e-17
1.3804490805e-18
-1.3804490805e-19
1.03533681037e-19
-1.3804490805e-19
0.0
-1.62892991499e-16
1.66482159108e-16
0.0
-1.64825620211e-16
9.26424295611e-05
0.0
0.0
0.0
0.0
0.0
0.0
0.0
0.0
-9.26424295611e-05
1.64825620211e-16
0.0
-1.64825620211e-16
0.0
1.64825620211e-16
-3.94808437022e-17
1.93262871269e-18
3.82384395297e-17
-8.40003265482e-17
-8.24128101056e-17
9.26424295611e-05
0.0
0.0
0.0
0.0
0.0
0.0
0.0
0.0
0.0
-9.26424295609e-05
0.0
-8.24128101056e-17
0.191028689755
0.00935688538566
-0.000353402410912
-1.7167307332e-05
1.71673073321e-05
-1.71673073321e-05
-3.53394964607e-17
1.7167307332e-05
-1.71673073321e-05
0.0
3.53394964607e-17
-1.06018489382e-16
-0.0092642429561
-1.71673073319e-05
1.71673073319e-05
0.0
-1.71673073319e-05
1.71673073319e-05
0.0
-1.71673073319e-05
1.71673073319e-05
0.00917160052653
1.06018489382e-16
-1.41357985843e-16
1.06018489382e-16
7.06789929214e-17
9.26424295608e-05
1.7167307332e-05
-1.71673073319e-05
-1.06018489382e-16
-3.53394964607e-17
1.71673073321e-05
-1.71673073323e-05
1.41357985843e-16
7.06789929214e-17
-2.12036978764e-16
1.76697482304e-16
0.0
-0.0092642429561
0.0
-1.71673073319e-05
1.7167307332e-05
-1.71673073319e-05
1.71673073319e-05
0.0
-1.7167307332e-05
1.7167307332e-05
0.0092642429561
0.0
-7.06789929214e-17
-9.26424295609e-05
1.7167307332e-05
-1.7167307332e-05
0.0
0.000109809736893
-1.7167307332e-05
-3.53394964607e-17
-0.148969026734
-0.007596679224
-0.000370569718244
-8.83487411518e-18
0.0
-8.83487411518e-18
-8.83487411518e-18
-0.00463212147805
0.0092642429561
-7.95138670366e-17
0.0
0.0
0.0
7.95138670366e-17
-7.95138670366e-17
0.0
7.95138670366e-17
-1.67862608188e-16
1.67862608188e-16
-7.5475122229e-05
-1.71673073321e-05
1.67862608188e-16
-7.95138670366e-17
-7.95138670366e-17
8.83487411518e-18
1.67862608188e-16
9.26424295609e-05
8.83487411518e-18
0.0
-7.95138670366e-17
7.95138670366e-17
0.0
-0.0092642429561
0.0
0.0092642429561
0.0
-7.95138670366e-17
7.95138670366e-17
0.0
-9.2642429561e-05
-8.83487411518e-18
8.83487411518e-17
0.0
-1.67862608188e-16
1.67862608188e-16
0.0
1.71673073318e-05
7.54751222291e-05
1.67862608188e-16
-1.59027734073e-16
8.83487411518e-18
1.67862608188e-16
-1.67862608188e-16
0.0
1.59027734073e-16
-2.5621134934e-16
7.95138670366e-17
-8.83487411518e-17
-0.0092642429561
-9.26424295609e-05
0.00461495417072
0.0
-7.95138670366e-17
0.0
7.95138670366e-17
8.83487411518e-17
-1.67862608188e-16
0.0
1.67862608188e-16
-1.67862608188e-16
1.67862608188e-16
0.0
1.71673073319e-05
7.5475122229e-05
0.0
-7.95138670366e-17
-8.83487411518e-17
1.59027734073e-16
-9.2642429561e-05
-7.95138670366e-17
8.83487411518e-18
7.95138670366e-17
-7.95138670366e-17
8.83487411518e-18
-0.00928141026343
1.71673073319e-05
0.00463212147805
0.0
9.2642429561e-05
0.0
-8.39313040942e-17
0.0
0.0183432010531
0.00843046109005
0.000573021884698
-1.71673073322e-05
1.67862608188e-16
0.0
-1.50192859958e-16
8.83487411518e-17
7.95138670366e-17
-1.59027734073e-16
8.83487411518e-17
7.95138670366e-17
0.0
-0.00928141026343
1.71673073318e-05
-9.26424295608e-05
0.00463212147805
0.0
0.0
9.2642429561e-05
0.0
0.0
-7.95138670366e-17
7.95138670366e-17
0.0
0.0
0.0
0.0
1.71673073319e-05
-1.71673073319e-05
8.83487411518e-18
-4.41743705759e-17
4.41743705759e-17
-1.67862608188e-16
1.59027734073e-16
0.0
-1.67862608188e-16
-9.26424295608e-05
-7.95138670366e-17
-0.00928141026343
1.7167307332e-05
-7.95138670366e-17
0.0138963644341
0.0
9.2642429561e-05
0.0
-7.95138670366e-17
8.83487411518e-18
8.83487411518e-17
-8.83487411518e-18
-1.67862608188e-16
1.67862608188e-16
0.0
-1.67862608188e-16
1.7167307332e-05
-1.71673073318e-05
8.83487411518e-18
-3.53394964607e-17
5.30092446911e-17
0.0
-9.26424295609e-05
-8.83487411518e-18
-1.67862608188e-16
0.0
1.67862608188e-16
-0.00463212147805
-8.83487411518e-17
-1.71673073319e-05
0.00464928878538
0.0
0.0
9.26424295609e-05
7.95138670366e-17
-7.95138670366e-17
7.95138670366e-17
0.0
0.0
0.0
0.0
1.71673073319e-05
-1.71673073319e-05
8.83487411518e-18
8.83487411518e-18
0.0
0.0
-7.95138670366e-17
7.95138670366e-17
-9.26424295611e-05
8.83487411518e-17
8.83487411518e-17
-0.00463212147805
-1.7167307332e-05
1.71673073321e-05
0.0092642429561
-7.95138670366e-17
7.95138670366e-17
0.0
-7.95138670366e-17
9.26424295609e-05
0.0
-8.83487411518e-17
1.67862608188e-16
0.0
-1.67862608188e-16
1.59027734073e-16
1.7167307332e-05
-1.71673073321e-05
8.83487411518e-18
1.67862608188e-16
0.0
0.0
-9.26424295609e-05
-7.95138670366e-17
7.06789929214e-17
0.0
-7.95138670366e-17
-0.0092642429561
0.000260759981351
1.71673073318e-05
0.0
0.0
0.0
0.0
0.0
0.0
0.0
0.0
3.9558493963e-17
-9.26424295609e-05
-1.58751644257e-18
-1.29417101297e-19
9.26424295609e-05
0.0
1.38476298387e-18
1.38476298387e-18
0.0
-2.6314810597e-19
1.38476298387e-18
0.0
8.07670559675e-17
0.0
0.0
0.0
0.0
0.0
0.0
0.0
0.0
1.64829934115e-16
-9.26424295611e-05
0.0
0.0
-1.64825620211e-16
9.26424295611e-05
6.68655023365e-20
6.68655023365e-20
0.0
0.0
0.0
0.0
0.0
0.0
0.0
0.0
0.0
0.0
0.0
0.0
0.0
0.0
0.0
-9.26424295609e-05
0.191862471621
0.0117655885542
-0.000260759981351
-1.71673073319e-05
0.000109809736893
-1.71673073318e-05
-3.53394964607e-17
-3.53394964607e-17
7.06789929214e-17
3.53394964607e-17
-0.00928141026343
1.71673073319e-05
-3.53394964607e-17
-1.71673073319e-05
1.7167307332e-05
-1.71673073319e-05
-7.06789929214e-17
1.7167307332e-05
-1.06018489382e-16
0.0092642429561
-7.06789929214e-17
0.0
7.06789929214e-17
0.0
-7.06789929214e-17
1.71673073321e-05
-1.7167307332e-05
0.0
-7.54751222289e-05
-1.7167307332e-05
0.0
1.7167307332e-05
7.54751222289e-05
0.0
0.0
0.0
-0.0092642429561
-1.71673073319e-05
1.71673073319e-05
-7.06789929214e-17
-1.71673073319e-05
1.7167307332e-05
0.0
-1.7167307332e-05
1.71673073321e-05
0.0092642429561
-1.06018489382e-16
7.06789929214e-17
3.53394964607e-17
1.71673073319e-05
3.53394964607e-17
-1.71673073319e-05
1.71673073319e-05
-0.131366965117
-0.007596679224
7.5475122229e-05
7.95138670366e-17
0.0
-1.67862608188e-16
0.0
7.95138670366e-17
-0.0092642429561
1.76697482304e-16
-1.71673073319e-05
0.00464928878538
7.95138670366e-17
0.0
-7.95138670366e-17
0.0
7.95138670366e-17
-7.95138670366e-17
-8.83487411518e-18
0.0
0.0
0.0
1.71673073319e-05
-1.71673073318e-05
-1.59027734073e-16
0.0
8.83487411518e-18
1.67862608188e-16
-1.67862608188e-16
8.83487411518e-18
8.83487411518e-18
-1.59027734073e-16
1.67862608188e-16
8.83487411518e-18
-0.00461495417072
7.95138670366e-17
0.0092642429561
7.95138670366e-17
0.0
-7.95138670366e-17
0.0
0.0
8.83487411518e-18
8.83487411518e-17
8.83487411518e-17
-8.83487411518e-18
-8.83487411518e-18
-9.26424295611e-05
1.7167307332e-05
7.54751222289e-05
0.0
0.0
8.83487411518e-18
-1.67862608188e-16
1.67862608188e-16
0.0
-1.67862608188e-16
1.67862608188e-16
0.0
-0.0092642429561
-1.71673073319e-05
1.7167307332e-05
0.0092642429561
0.0
0.0
0.0
7.95138670366e-17
-7.95138670366e-17
0.0
-9.26424295609e-05
0.0
0.0
1.7167307332e-05
-1.7167307332e-05
0.0
9.26424295609e-05
-4.41743705759e-17
-1.59027734073e-16
2.47376475225e-16
-7.06789929214e-17
0.0
-9.26424295609e-05
0.0
0.0
0.0
-0.00463212147805
-7.95138670366e-17
-1.71673073319e-05
0.00463212147805
0.0
0.0
0.0
0.0
-7.95138670366e-17
0.0
8.83487411518e-17
9.26424295609e-05
0.0
-8.83487411518e-18
1.71673073319e-05
-1.71673073319e-05
-9.26424295609e-05
-2.65046223455e-17
4.41743705759e-17
0.0
-7.95138670366e-17
7.95138670366e-17
-7.95138670366e-17
7.95138670366e-17
0.0
-0.00928141026343
1.7167307332e-05
7.95138670366e-17
0.00463212147805
0.0
0.0
0.0
0.0
9.26424295611e-05
-1.59027734073e-16
0.0
1.67862608188e-16
0.0
-7.54751222291e-05
-1.71673073319e-05
0.0
-8.83487411518e-18
-1.67862608188e-16
1.59027734073e-16
0.0
0.0
0.0
0.0
0.0
-7.95138670366e-17
7.95138670366e-17
-0.00463212147805
-1.7167307332e-05
1.71673073319e-05
0.0092642429561
0.0
7.95138670366e-17
-7.95138670366e-17
9.26424295611e-05
-7.95138670366e-17
7.95138670366e-17
8.83487411518e-17
0.0
-1.67862608188e-16
-9.26424295609e-05
0.0
0.0
-3.53394964607e-17
4.41743705759e-17
1.76697482304e-17
8.83487411518e-18
0.0
0.0
0.0
0.0
0.0
0.0
-0.00463212147805
7.95138670366e-17
-1.7167307332e-05
0.00463212147805
7.95138670366e-17
0.0
-7.95138670366e-17
7.95138670366e-17
0.0
-7.95138670366e-17
9.2642429561e-05
0.0
0.0
-9.26424295609e-05
-1.67862608188e-16
0.0
1.94367230534e-16
-4.41743705759e-17
8.83487411518e-18
-8.83487411518e-18
0.0
0.0
0.0
0.0
0.0
-0.00928141026343
1.7167307332e-05
-8.83487411518e-17
0.00463212147805
0.0
0.0
-0.0108391642586
-0.0135257947159
-0.000555854577366
0.0
4.41743705759e-18
1.63445171131e-16
-1.63445171131e-16
9.26424295609e-05
-0.000370569718244
-0.000277927288683
9.2642429561e-05
-8.39313040942e-17
0.000370569718244
-0.00435419418936
0.0096085884542
0.0
-9.2642429561e-05
0.0
9.26424295609e-05
0.0
0.0
0.0
0.0
0.0
8.08985656338e-17
-8.08309596854e-17
2.63985131998e-19
1.99598514437e-19
-1.31992565999e-19
-1.65151674043e-18
-9.26424295609e-05
0.0
0.0
0.0
1.3804490805e-18
0.0
8.07735268225e-17
0.0
9.26424295609e-05
0.0
8.24148704774e-17
0.0
0.0
0.0
8.24148704774e-17
0.0
-1.64829740955e-16
1.64829740955e-16
0.0
-1.64829740955e-16
-9.26424295609e-05
6.90224540248e-20
0.0
0.0
1.3804490805e-19
0.0
0.0
0.0
0.0
0.0
0.0
9.26424295609e-05
1.51630484355e-18
-8.24148704774e-17
0.0
8.24148704774e-17
0.0
0.163421245746
0.0123214431316
-0.00016811755179
-1.71673073319e-05
1.71673073318e-05
-1.71673073318e-05
0.0
-3.53394964607e-17
1.71673073318e-05
-1.71673073319e-05
0.0
-1.06018489382e-16
1.06018489382e-16
3.53394964607e-17
-0.0092642429561
7.06789929214e-17
-1.7167307332e-05
1.71673073319e-05
0.0
-1.7167307332e-05
1.7167307332e-05
0.00917160052653
-7.06789929214e-17
7.06789929214e-17
0.0
-7.06789929214e-17
3.53394964607e-17
1.7167307332e-05
-1.7167307332e-05
0.0
0.0
1.7167307332e-05
7.54751222289e-05
-3.53394964607e-17
1.76697482304e-16
-1.41357985843e-16
1.06018489382e-16
7.06789929214e-17
0.0
-0.00928141026343
1.7167307332e-05
0.0
-1.7167307332e-05
1.7167307332e-05
1.06018489382e-16
-1.7167307332e-05
1.7167307332e-05
0.00463212147805
7.06789929214e-17
-9.2642429561e-05
-1.76697482304e-16
7.06789929214e-17
0.0
3.53394964607e-17
1.7167307332e-05
-1.7167307332e-05
0.0
-0.0937369714084
-0.00778196408312
0.000446044840473
0.0
0.0
-1.67862608188e-16
0.0
-0.00928141026343
1.71673073318e-05
0.0
0.0092642429561
0.0
0.0
0.0
7.95138670366e-17
-1.59027734073e-16
7.95138670366e-17
0.0
1.67862608188e-16
-1.59027734073e-16
1.7167307332e-05
-1.71673073318e-05
0.000109809736893
-1.7167307332e-05
-9.26424295609e-05
4.41743705759e-17
-2.03202104649e-16
-8.83487411518e-18
1.59027734073e-16
-1.67862608188e-16
1.67862608188e-16
0.0
0.0
-0.0092642429561
8.83487411518e-17
0.0
0.0092642429561
7.95138670366e-17
0.0
0.0
0.0
0.0
8.83487411518e-17
-7.95138670366e-17
0.0
0.0
-7.54751222291e-05
-1.71673073318e-05
9.26424295609e-05
0.0
-1.59027734073e-16
8.83487411518e-18
1.67862608188e-16
-8.83487411518e-18
8.83487411518e-18
1.67862608188e-16
-1.67862608188e-16
8.83487411518e-18
1.67862608188e-16
-0.0092642429561
-1.7167307332e-05
-8.83487411518e-18
0.0139135317415
0.0
0.0
0.0
8.83487411518e-18
-9.26424295611e-05
1.67862608188e-16
8.83487411518e-18
9.26424295609e-05
0.0
1.71673073319e-05
-1.71673073319e-05
0.0
-5.30092446911e-17
2.03202104649e-16
0.0
-1.67862608188e-16
1.67862608188e-16
0.0
-1.76697482304e-16
-8.83487411518e-18
-9.26424295609e-05
-0.00928141026343
1.71673073319e-05
0.0
0.0092642429561
9.26424295609e-05
7.95138670366e-17
-7.95138670366e-17
7.95138670366e-17
0.0
0.0
8.83487411518e-18
1.67862608188e-16
-1.67862608188e-16
1.71673073319e-05
-1.71673073317e-05
1.71673073318e-05
-1.7167307332e-05
1.67862608188e-16
-2.03202104649e-16
3.53394964607e-17
1.67862608188e-16
-1.67862608188e-16
-9.26424295611e-05
0.0
1.67862608188e-16
8.83487411518e-18
-0.00463212147805
1.59027734073e-16
-1.59027734073e-16
0.00935688538566
7.95138670366e-17
-7.95138670366e-17
0.0
0.0
7.95138670366e-17
0.0
0.0
-0.0523429727019
0.00741139436488
0.0121361582725
-0.000463212147805
-1.59027734073e-16
1.67862608188e-16
0.0
-1.67862608188e-16
1.67862608188e-16
0.0
0.0
0.0
-0.00463212147805
0.0
0.00461495417072
0.0
0.0
0.0
0.0
0.0
0.0
0.0
0.0
-9.26424295611e-05
1.67862608188e-16
0.0
9.26424295609e-05
0.0
0.0
-4.41743705759e-17
-1.23688237612e-16
0.0
1.67862608188e-16
0.0
-1.67862608188e-16
1.67862608188e-16
0.0
-1.67862608188e-16
-0.00464928878538
0.00928141026343
0.0
0.0
0.0
0.0
0.0
0.0
0.0
0.0
0.0
0.0
-7.54751222289e-05
-1.7167307332e-05
9.26424295609e-05
0.0
8.83487411518e-18
8.83487411518e-18
0.0
0.0
0.0
0.0
0.0
0.0
0.0
-0.0092642429561
-1.71673073319e-05
0.00928141026343
0.0
0.0
0.0
0.0
0.0
-7.95138670366e-17
7.95138670366e-17
0.0
-9.26424295609e-05
-1.67862608188e-16
1.67862608188e-16
1.71673073319e-05
-1.7167307332e-05
9.26424295611e-05
-7.06789929214e-17
7.95138670366e-17
-8.83487411518e-18
0.0
0.0
0.0
0.0
-9.2642429561e-05
-0.00463212147805
1.71673073318e-05
-9.26424295609e-05
0.0
0.0
0.0
0.0
0.0
0.0
0.0
0.0
0.0
0.0
0.0
0.0
0.0
0.0
-9.26424295611e-05
-1.69105012361e-18
1.64307951806e-16
9.26424295609e-05
0.0
0.0
0.0
0.0
0.0
0.0
0.0
0.0
0.0
0.0
0.0
0.0
0.0
0.0
0.0
-9.26424295611e-05
8.38622816402e-17
8.22057427436e-17
9.26424295609e-05
0.0
0.0
0.0
0.0
0.0
0.0
0.0
0.0
0.0
0.0
0.0
0.0
0.0
0.0
0.186581853136
0.00722610950575
-0.00100189941784
-1.71673073318e-05
-1.41357985843e-16
0.0
1.76697482304e-16
0.0
-1.76697482304e-16
1.76697482304e-16
9.26424295608e-05
7.06789929214e-17
0.0
-0.00928141026343
1.71673073321e-05
-7.06789929214e-17
-1.7167307332e-05
1.71673073321e-05
-7.06789929214e-17
-1.7167307332e-05
1.71673073321e-05
0.0092642429561
-1.06018489382e-16
1.41357985843e-16
-7.06789929214e-17
1.7167307332e-05
-1.71673073319e-05
-7.06789929214e-17
1.7167307332e-05
-1.71673073319e-05
-3.53394964607e-17
1.71673073318e-05
-1.71673073318e-05
0.0
-1.06018489382e-16
7.06789929214e-17
-9.2642429561e-05
3.53394964607e-17
-0.0092642429561
0.0
7.5475122229e-05
1.71673073319e-05
0.0
-1.71673073319e-05
1.71673073318e-05
-1.71673073318e-05
7.06789929214e-17
0.00928141026343
-7.06789929214e-17
3.53394964607e-17
0.0
3.53394964607e-17
1.71673073319e-05
-1.71673073319e-05
-1.76697482304e-16
1.7167307332e-05
-0.112282624628
-0.00787460651268
-1.7167307332e-05
0.0
0.0
-9.26424295609e-05
-1.59027734073e-16
-0.00928141026343
0.0
0.00463212147805
-7.95138670366e-17
0.0
7.95138670366e-17
-1.67862608188e-16
1.67862608188e-16
0.0
0.0
1.7167307332e-05
-1.71673073322e-05
9.26424295611e-05
-4.41743705759e-17
4.41743705759e-17
0.0
0.0
0.0
0.0
0.0
0.0
-0.0092642429561
-1.7167307332e-05
1.71673073321e-05
0.00917160052653
0.0
7.95138670366e-17
0.0
-1.59027734073e-16
1.59027734073e-16
8.83487411518e-18
8.83487411518e-18
-1.67862608188e-16
1.67862608188e-16
-1.67862608188e-16
1.7167307332e-05
-1.71673073318e-05
9.26424295609e-05
0.0
8.83487411518e-18
0.0
0.0
0.0
-9.2642429561e-05
2.47376475225e-16
-1.67862608188e-16
-8.83487411518e-17
-0.00461495417072
-1.71673073321e-05
1.7167307332e-05
0.0138963644341
0.0
0.0
0.0
0.0
-7.95138670366e-17
8.83487411518e-17
7.95138670366e-17
-1.67862608188e-16
0.0
1.71673073321e-05
-1.7167307332e-05
-0.0107465218291
-0.00833781866049
-0.000463212147805
-8.83487411518e-18
9.26424295609e-05
0.0
1.67862608188e-16
-0.00928141026343
1.71673073319e-05
0.00917160052653
0.0
-7.95138670366e-17
7.95138670366e-17
0.0
-7.95138670366e-17
0.0
7.95138670366e-17
0.0
-1.67862608188e-16
0.0
1.59027734073e-16
-1.67862608188e-16
1.32523111728e-16
9.26424295609e-05
0.0
0.0
1.59027734073e-16
0.0
0.0
-9.26424295611e-05
-8.83487411518e-18
-8.83487411518e-18
-0.00928141026343
1.71673073321e-05
-1.71673073321e-05
0.00464928878538
0.0
0.0
7.95138670366e-17
-7.95138670366e-17
0.0
7.95138670366e-17
0.0
0.0
0.0
0.0
1.71673073319e-05
-1.71673073319e-05
9.26424295609e-05
-3.53394964607e-17
3.53394964607e-17
-8.83487411518e-18
0.0
0.0
-9.26424295611e-05
1.67862608188e-16
-8.83487411518e-18
0.0
-0.00928141026343
1.71673073319e-05
0.0092642429561
7.95138670366e-17
-7.95138670366e-17
7.95138670366e-17
0.0
-7.95138670366e-17
8.83487411518e-17
-1.59027734073e-16
1.67862608188e-16
0.0
-1.67862608188e-16
0.0
1.59027734073e-16
-3.53394964607e-17
-1.23688237612e-16
9.26424295609e-05
2.12036978764e-16
-9.26424295611e-05
0.0
7.95138670366e-17
7.95138670366e-17
-1.67862608188e-16
1.59027734073e-16
0.0
-0.00928141026343
1.71673073319e-05
0.0092642429561
0.0
0.0
-7.95138670366e-17
0.0
7.95138670366e-17
0.0
0.0
0.0
0.0
1.7167307332e-05
-1.7167307332e-05
0.0
-4.41743705759e-17
4.41743705759e-17
-1.59027734073e-16
9.26424295612e-05
-9.2642429561e-05
0.0
-7.95138670366e-17
7.06789929214e-17
-8.83487411518e-18
-7.95138670366e-17
7.95138670366e-17
-0.0092642429561
-1.7167307332e-05
0.00464928878538
0.0
-7.95138670366e-17
7.95138670366e-17
-1.67862608188e-16
0.0
1.67862608188e-16
0.0
-1.67862608188e-16
1.67862608188e-16
0.0
1.71673073319e-05
-1.71673073321e-05
1.14853363497e-16
4.41743705759e-17
-4.41743705759e-17
-0.000277927288683
0.0
0.0
-0.00492721607406
1.71673073318e-05
0.0
0.0
-1.64829934115e-16
0.0
1.64829934115e-16
0.0
-1.64829934115e-16
1.64829934115e-16
2.93345429605e-19
-3.94247629583e-17
-9.2642429561e-05
1.38907688725e-18
-1.64791108984e-18
-1.64791108984e-18
9.2642429561e-05
2.47376475225e-16
-1.64829934115e-16
-8.39313040942e-17
2.47376475225e-16
-1.29417101297e-19
-0.00928141026343
0.00928141026343
0.0
-8.24149670573e-17
8.24149670573e-17
0.0
0.0
0.0
0.0
0.0
-9.26424295611e-05
1.64825620211e-16
0.0
9.26424295609e-05
-1.29417101297e-19
-1.51418008517e-18
-1.29417101297e-19
-1.31574052985e-19
-1.51633703686e-18
1.64961508168e-16
-2.60991154281e-19
-1.64698360062e-16
1.64961508168e-16
-2.46983910018e-16
8.08986300205e-17
-1.51633703686e-18
-1.6456894296e-16
8.24149670573e-17
-8.24149670573e-17
0.0
0.0
-9.2642429561e-05
8.24128101056e-17
8.24128101056e-17
0.172685488702
0.0116729461247
-7.5475122229e-05
-1.71673073318e-05
0.0
1.71673073318e-05
-1.71673073318e-05
3.53394964607e-17
0.0
9.26424295607e-05
-0.0092642429561
-1.06018489382e-16
-9.2642429561e-05
-1.71673073318e-05
1.71673073319e-05
-1.06018489382e-16
-1.71673073318e-05
1.71673073319e-05
1.06018489382e-16
0.0092642429561
7.06789929214e-17
0.0
-7.06789929214e-17
1.06018489382e-16
1.71673073319e-05
-1.7167307332e-05
0.0
1.71673073319e-05
7.06789929214e-17
-1.7167307332e-05
0.0
0.0
3.53394964607e-17
3.53394964607e-17
0.0
3.53394964607e-17
-0.00463212147805
-1.7167307332e-05
0.000109809736893
0.0
-1.71673073319e-05
1.71673073319e-05
0.0
-9.26424295609e-05
-3.53394964607e-17
0.0092642429561
-7.06789929214e-17
0.0
1.06018489382e-16
-7.06789929214e-17
0.0
3.53394964607e-17
1.7167307332e-05
-1.7167307332e-05
-3.53394964607e-17
1.71673073321e-05
-1.71673073323e-05
1.41357985843e-16
3.53394964607e-17
-0.12654955878
-0.007596679224
-0.00463212147805
1.71673073318e-05
-1.71673073318e-05
0.00463212147805
0.0
0.0
-7.95138670366e-17
7.95138670366e-17
-8.83487411518e-18
-8.83487411518e-17
0.0
1.67862608188e-16
-1.67862608188e-16
0.0
1.71673073321e-05
-1.71673073321e-05
0.0
4.41743705759e-17
-2.03202104649e-16
-9.26424295607e-05
-7.95138670366e-17
7.95138670366e-17
0.0
0.0
9.26424295609e-05
1.67862608188e-16
-0.0092642429561
-1.7167307332e-05
0.00928141026343
0.0
7.95138670366e-17
0.0
-7.95138670366e-17
0.0
0.0
0.0
0.0
0.0
0.0
-9.26424295609e-05
1.7167307332e-05
-1.7167307332e-05
0.0
0.0
0.0
0.0
0.0
9.2642429561e-05
8.83487411518e-17
8.83487411518e-18
-7.06789929214e-17
8.83487411518e-17
-0.0092642429561
-8.83487411518e-17
0.0092642429561
0.0
0.0
0.0
0.0
0.0
0.0
-9.26424295609e-05
0.0
0.0
1.71673073318e-05
-1.71673073318e-05
1.71673073319e-05
-1.71673073319e-05
0.0
0.0
9.2642429561e-05
-7.95138670366e-17
0.0
7.95138670366e-17
-7.95138670366e-17
0.0
7.95138670366e-17
-2.47376475225e-16
-0.00935688538566
-1.71673073319e-05
0.00463212147805
0.0
0.0
0.0
7.95138670366e-17
-1.59027734073e-16
8.83487411518e-17
0.0
0.0
0.0
1.7167307332e-05
-1.7167307332e-05
0.0
9.26424295609e-05
7.95138670366e-17
-7.95138670366e-17
8.83487411518e-18
8.83487411518e-18
8.83487411518e-18
-9.26424295609e-05
0.0
0.0
0.0
-0.0092642429561
-8.83487411518e-17
0.0092642429561
0.0
0.0
0.0
0.0
-7.95138670366e-17
7.95138670366e-17
-1.59027734073e-16
0.0
1.67862608188e-16
0.0
-8.83487411518e-18
1.7167307332e-05
7.54751222289e-05
-9.26424295609e-05
0.0
0.0
0.0
0.0
0.0
0.0
0.0
0.0
0.0
-0.00464928878538
1.7167307332e-05
0.0092642429561
0.0
0.0
0.0
0.0
0.0
8.83487411518e-18
1.71673073319e-05
7.54751222292e-05
-1.67862608188e-16
0.0
1.67862608188e-16
-1.59027734073e-16
1.59027734073e-16
8.83487411518e-18
-1.59027734073e-16
1.59027734073e-16
0.0
-0.00928141026343
0.0
1.71673073321e-05
0.0092642429561
0.0
0.0
0.0
0.015193358448
0.0127846552794
0.000480379455137
-1.71673073321e-05
1.71673073321e-05
-1.7167307332e-05
-1.76697482304e-16
7.06789929214e-17
8.83487411518e-17
-9.26424295611e-05
8.83487411518e-17
7.06789929214e-17
-1.76697482304e-17
-8.83487411518e-17
8.83487411518e-17
-0.0092642429561
-1.7167307332e-05
7.95138670366e-17
1.7167307332e-05
0.0092642429561
0.0
8.83487411518e-17
8.83487411518e-17
-1.59027734073e-16
1.59027734073e-16
0.0
9.26424295609e-05
0.0
0.0
1.71673073319e-05
-0.000109809736893
0.0
-7.06789929214e-17
0.0
1.06018489382e-16
-7.06789929214e-17
8.83487411518e-17
1.76697482304e-17
-8.83487411518e-17
8.83487411518e-17
-0.000648497006927
1.71673073318e-05
-9.26424295609e-05
-8.24128101056e-17
0.0
0.0
0.0
0.0
0.0
0.0
8.39313040942e-17
9.2642429561e-05
-9.26424295611e-05
8.40607211955e-17
8.22833930043e-17
-1.6304829202e-16
8.40607211955e-17
8.24128101056e-17
0.0
-1.6304829202e-16
8.39313040942e-17
8.24128101056e-17
-1.51849398855e-18
0.0
-8.24128101056e-17
0.0
0.0
8.24128101056e-17
-8.24128101056e-17
0.0
1.64825620211e-16
0.0
-1.64825620211e-16
-9.26424295609e-05
9.26424295609e-05
1.64825620211e-16
1.29417101297e-19
-1.21772864513e-16
-4.10079654975e-17
1.63108686667e-16
-8.25422272069e-17
-8.22833930043e-17
0.0
1.62918874919e-16
-8.2153975903e-17
-8.22833930043e-17
1.62918874919e-16
-8.40607211955e-17
-8.08943161171e-17
0.0
0.0
0.156936275676
0.00796724894224
0.0142841014597
-3.53394964607e-17
1.71673073321e-05
-1.71673073321e-05
1.41357985843e-16
1.71673073319e-05
-3.53394964607e-17
-1.71673073319e-05
-3.53394964607e-17
-7.06789929214e-17
-1.06018489382e-16
9.2642429561e-05
0.0
-1.76697482304e-16
-0.0092642429561
-1.71673073319e-05
1.71673073319e-05
0.0
7.06789929214e-17
-7.06789929214e-17
-1.71673073319e-05
0.00928141026343
0.0
-7.06789929214e-17
7.06789929214e-17
0.0
0.0
-9.26424295609e-05
-1.41357985843e-16
1.7167307332e-05
-1.71673073319e-05
0.0
1.71673073318e-05
-1.7167307332e-05
1.41357985843e-16
0.0
-7.06789929214e-17
7.06789929214e-17
0.0
9.2642429561e-05
-0.0092642429561
-1.7167307332e-05
1.71673073321e-05
-7.06789929214e-17
-1.7167307332e-05
1.71673073321e-05
-7.06789929214e-17
0.00461495417072
-7.06789929214e-17
1.06018489382e-16
0.0
-7.06789929214e-17
-9.26424295609e-05
1.7167307332e-05
-1.71673073319e-05
-1.76697482304e-16
1.41357985843e-16
0.0
-1.76697482304e-16
1.7167307332e-05
-0.0982181426419
-0.0080598913718
-0.000370569718244
7.95138670366e-17
-0.00464928878538
1.71673073321e-05
0.0092642429561
-7.95138670366e-17
0.0
7.95138670366e-17
-7.95138670366e-17
0.0
8.83487411518e-17
-8.83487411518e-18
-1.67862608188e-16
9.26424295611e-05
-7.5475122229e-05
-1.7167307332e-05
1.67862608188e-16
-7.95138670366e-17
-7.95138670366e-17
1.59027734073e-16
-8.83487411518e-17
7.95138670366e-17
-7.06789929214e-17
-7.95138670366e-17
1.50192859958e-16
-8.83487411518e-18
-7.95138670366e-17
-0.0092642429561
-8.83487411518e-18
-1.71673073321e-05
0.00928141026343
0.0
0.0
0.0
0.0
0.0
7.95138670366e-17
-9.26424295611e-05
9.26424295611e-05
-1.67862608188e-16
1.67862608188e-16
1.7167307332e-05
-1.71673073321e-05
1.59027734073e-16
-2.65046223455e-17
0.000463212147805
0.0
0.0
-0.00937405269299
1.71673073319e-05
0.0
0.0092642429561
-7.95138670366e-17
9.2642429561e-05
0.0
7.95138670366e-17
-7.95138670366e-17
0.0
0.0
0.0
0.0
0.0
0.0
-7.54751222291e-05
-1.71673073318e-05
-1.59027734073e-16
1.23688237612e-16
4.41743705759e-17
9.26424295609e-05
0.0
8.83487411518e-18
1.67862608188e-16
-1.59027734073e-16
0.0
-0.0092642429561
0.0
-7.95138670366e-17
0.0092642429561
0.0
-0.00176020616166
-0.0116729461247
-9.2642429561e-05
1.67862608188e-16
1.71673073318e-05
-1.7167307332e-05
1.50192859958e-16
-4.41743705759e-17
-1.23688237612e-16
1.67862608188e-16
-1.67862608188e-16
0.0
0.0
7.95138670366e-17
-7.95138670366e-17
0.0
7.95138670366e-17
-0.00463212147805
-8.83487411518e-17
0.0092642429561
0.0
-9.26424295609e-05
0.0
0.0
0.0
9.2642429561e-05
8.83487411518e-18
0.0
0.0
-1.67862608188e-16
1.59027734073e-16
1.71673073319e-05
-1.71673073321e-05
1.59027734073e-16
-7.95138670366e-17
-7.06789929214e-17
-8.83487411518e-18
7.06789929214e-17
-7.95138670366e-17
0.0
7.95138670366e-17
-7.95138670366e-17
0.0
-0.00464928878538
-7.5475122229e-05
0.00461495417072
-7.95138670366e-17
7.95138670366e-17
-7.95138670366e-17
0.0
0.0
9.2642429561e-05
7.95138670366e-17
-1.67862608188e-16
0.0
1.7167307332e-05
-1.7167307332e-05
0.0
7.95138670366e-17
7.95138670366e-17
-1.50192859958e-16
1.67862608188e-16
0.0
-8.83487411518e-17
7.06789929214e-17
0.0
-9.26424295611e-05
1.59027734073e-16
-0.0092642429561
0.0
0.00463212147805
-0.00537326091454
-0.0131552249977
-0.000555854577366
9.26424295611e-05
-9.26424295611e-05
0.0
0.0
-8.83487411518e-18
0.0
0.0
0.0
0.0
8.83487411518e-18
-8.83487411518e-18
-1.67862608188e-16
1.67862608188e-16
0.0
-1.67862608188e-16
0.0
-0.00928141026343
1.71673073318e-05
0.0092642429561
0.0
0.0
0.0
0.0
0.0
0.0
0.0
1.59027734073e-16
9.26424295607e-05
-9.26424295609e-05
0.0
8.83487411518e-18
8.83487411518e-18
8.83487411518e-18
0.0
-8.83487411518e-18
0.000185284859122
9.2642429561e-05
-0.0092642429561
0.00685553978751
1.71673073318e-05
-8.24149670573e-17
8.24149670573e-17
-1.64829934115e-16
1.64829934115e-16
0.0
9.26424295609e-05
-9.26424295609e-05
-1.64829934115e-16
1.23425089507e-16
4.11416965022e-17
-1.64499920506e-16
8.41901382968e-17
8.22833930043e-17
-1.64791108984e-18
-8.07670559675e-17
2.47376475225e-16
-1.64829934115e-16
-8.07670559675e-17
2.47376475225e-16
-1.64829934115e-16
-8.39313040942e-17
-1.31574052985e-19
0.0
8.24149670573e-17
0.0
-8.24106531539e-17
0.0
0.0
8.24149670573e-17
0.0
0.0
0.0
0.0
0.0
-4.10726740481e-17
3.95628078663e-17
-2.60991154281e-19
-2.6314810597e-19
1.31574052985e-19
-1.64575413815e-18
-1.51633703686e-18
1.31574052985e-19
-9.26424295611e-05
8.24128101056e-17
-8.26716443082e-17
0.0
-1.29417101297e-19
-8.24128101056e-17
0.0
8.24128101056e-17
-8.24128101056e-17
0.0
8.24128101056e-17
0.0
0.186952422854
0.00731875193532
1.71673073318e-05
-1.71673073319e-05
1.7167307332e-05
-1.71673073319e-05
0.0
0.0
0.0
0.0
-0.00928141026343
1.71673073319e-05
9.26424295609e-05
-1.71673073319e-05
1.71673073319e-05
-3.53394964607e-17
-1.71673073319e-05
1.7167307332e-05
0.0
0.00463212147805
-1.06018489382e-16
0.0
1.06018489382e-16
-1.76697482304e-16
7.06789929214e-17
1.71673073319e-05
-1.71673073319e-05
-1.76697482304e-16
1.7167307332e-05
-1.7167307332e-05
1.76697482304e-16
-1.06018489382e-16
-9.2642429561e-05
0.0
-3.53394964607e-17
3.53394964607e-17
-0.0092642429561
-7.06789929214e-17
0.0
1.06018489382e-16
7.5475122229e-05
1.7167307332e-05
-1.7167307332e-05
1.7167307332e-05
0.0092642429561
0.0
0.0
0.0
0.0
3.53394964607e-17
3.53394964607e-17
-0.117100030965
-0.0125067279907
-0.000185284859122
1.67862608188e-16
-1.59027734073e-16
9.26424295609e-05
-8.83487411518e-18
7.95138670366e-17
-8.83487411518e-17
-8.83487411518e-18
-0.00928141026343
1.71673073319e-05
-8.83487411518e-17
0.0092642429561
-9.2642429561e-05
0.0
0.0
0.0
7.95138670366e-17
-7.95138670366e-17
0.0
1.67862608188e-16
0.0
-1.67862608188e-16
0.0
1.7167307332e-05
-1.7167307332e-05
0.0
0.0
0.0
8.83487411518e-18
0.0
0.0
9.26424295609e-05
8.83487411518e-17
-7.06789929214e-17
-0.00463212147805
-9.26424295608e-05
-8.83487411518e-18
0.0092642429561
0.0
-7.95138670366e-17
7.95138670366e-17
-7.95138670366e-17
0.0
8.83487411518e-17
-7.95138670366e-17
0.0
1.59027734073e-16
-1.67862608188e-16
0.0
4.41743705759e-17
-2.12036978764e-16
1.67862608188e-16
4.41743705759e-17
-2.12036978764e-16
-8.83487411518e-18
-9.26424295608e-05
9.26424295611e-05
-1.59027734073e-16
0.0
1.59027734073e-16
-0.0092642429561
-1.7167307332e-05
0.00928141026343
0.0
-7.95138670366e-17
7.95138670366e-17
0.0
-7.95138670366e-17
0.0
0.0
0.0
0.0
1.7167307332e-05
-1.7167307332e-05
-9.26424295609e-05
-4.41743705759e-17
9.26424295611e-05
8.83487411518e-18
-8.83487411518e-17
7.95138670366e-17
8.83487411518e-18
-1.59027734073e-16
1.59027734073e-16
8.83487411518e-18
8.83487411518e-18
-0.0092642429561
0.0
-1.71673073321e-05
0.00928141026343
0.0
0.0
0.0
-7.95138670366e-17
0.0
7.95138670366e-17
0.0
-9.26424295611e-05
1.67862608188e-16
0.0
1.71673073318e-05
7.54751222291e-05
1.67862608188e-16
-2.12036978764e-16
3.53394964607e-17
1.59027734073e-16
-8.83487411518e-17
-7.95138670366e-17
0.0
7.95138670366e-17
-2.47376475225e-16
1.67862608188e-16
-0.00463212147805
1.71673073318e-05
1.76697482304e-16
0.00463212147805
-7.95138670366e-17
0.0
-9.26424295609e-05
0.0
8.83487411518e-18
0.0
0.0
0.0
9.26424295609e-05
8.83487411518e-18
0.0
3.53394964607e-17
-4.41743705759e-17
0.0
4.41743705759e-17
-2.12036978764e-16
1.67862608188e-16
0.0
-1.59027734073e-16
1.67862608188e-16
0.0
-0.0092642429561
0.0
-1.71673073319e-05
0.00928141026343
-7.95138670366e-17
-9.2642429561e-05
7.95138670366e-17
0.0
0.0
-7.95138670366e-17
7.95138670366e-17
0.0
9.26424295609e-05
0.0
-8.83487411518e-18
0.0
-8.83487411518e-18
-8.83487411518e-18
-8.83487411518e-18
0.0
8.83487411518e-18
8.83487411518e-18
0.0
-8.83487411518e-18
0.0
0.0
-0.0092642429561
-7.95138670366e-17
-1.71673073319e-05
0.00455664635582
0.0
0.0
0.0
7.95138670366e-17
-1.67862608188e-16
1.59027734073e-16
-1.67862608188e-16
0.0
1.67862608188e-16
0.0
0.000109809736893
-1.71673073319e-05
-8.83487411518e-18
-4.41743705759e-17
2.03202104649e-16
-1.67862608188e-16
0.0
8.83487411518e-17
7.95138670366e-17
-1.59027734073e-16
1.67862608188e-16
8.83487411518e-18
-0.00463212147805
-7.54751222289e-05
0.0
0.00463212147805
-7.95138670366e-17
7.95138670366e-17
0.0
-7.95138670366e-17
0.0
7.95138670366e-17
0.0
0.0
1.71673073319e-05
-1.71673073319e-05
0.0
9.26424295609e-05
1.67862608188e-16
-1.23688237612e-16
0.0
1.23688237612e-16
0.0
-1.67862608188e-16
0.0
1.59027734073e-16
-9.26424295611e-05
-0.00928141026343
1.71673073318e-05
-8.24149670573e-17
8.24149670573e-17
-1.64829934115e-16
0.0
1.64829934115e-16
-1.64829934115e-16
1.64829934115e-16
-9.26424295609e-05
9.26424295608e-05
8.08339214698e-17
1.71477659218e-18
-8.22186844537e-17
8.20224018501e-17
-1.77948514283e-18
-8.2285549956e-17
-8.26781151633e-17
1.64437368907e-16
-1.64829934115e-16
-2.6314810597e-19
1.66348428103e-16
-1.63311440126e-16
8.24149670573e-17
0.0
-8.24149670573e-17
8.24149670573e-17
-9.2642429561e-05
0.0
0.0
8.24128101056e-17
0.0
0.0
0.0
9.26424295607e-05
1.64767382516e-16
-4.14026876564e-17
-1.22038169571e-16
1.62987897373e-16
-1.94125651945e-19
-1.63179866073e-16
1.65006804153e-18
8.2153975903e-17
-8.05060648132e-17
1.90890224412e-18
8.39334610459e-17
-2.60991154281e-19
-8.2153975903e-17
1.29417101297e-19
-8.24149670573e-17
0.0
8.24149670573e-17
0.0
-8.24149670573e-17
0.154249645219
0.0117655885542
-0.000260759981351
-1.7167307332e-05
1.71673073321e-05
-1.71673073319e-05
-1.41357985843e-16
9.26424295611e-05
0.0
0.0
0.0
-3.53394964607e-17
0.0
-0.00463212147805
1.71673073319e-05
1.76697482304e-16
-1.7167307332e-05
1.71673073319e-05
3.53394964607e-17
-1.71673073318e-05
0.00464928878538
0.0
7.06789929214e-17
-1.76697482304e-16
1.06018489382e-16
1.7167307332e-05
-1.71673073321e-05
-9.26424295609e-05
1.71673073321e-05
-1.71673073319e-05
0.0
-3.53394964607e-17
-3.53394964607e-17
9.26424295609e-05
0.0
0.0
0.0
0.0
-0.0092642429561
0.0
-1.71673073319e-05
1.71673073319e-05
1.76697482304e-17
-1.71673073319e-05
1.7167307332e-05
-1.59027734073e-16
0.00463212147805
0.0
-7.06789929214e-17
-3.53394964607e-17
7.06789929214e-17
0.0
1.7167307332e-05
-1.7167307332e-05
0.0
1.7167307332e-05
-1.7167307332e-05
-9.26424295609e-05
-0.108299000157
-0.0121361582725
-0.000833781866049
9.26424295611e-05
-7.95138670366e-17
-0.00928141026343
1.71673073319e-05
0.0138963644341
0.0150080735889
0.00833781866049
0.000370569718244
1.59027734073e-16
-1.67862608188e-16
0.0
-9.26424295609e-05
1.71673073319e-05
-1.71673073321e-05
1.59027734073e-16
4.41743705759e-17
-2.03202104649e-16
-8.83487411518e-18
9.26424295611e-05
7.95138670366e-17
-7.95138670366e-17
8.83487411518e-17
8.83487411518e-17
-1.50192859958e-16
-0.00928141026343
1.7167307332e-05
0.0
0.0092642429561
0.0
0.0
0.0
0.0
7.95138670366e-17
-7.95138670366e-17
0.0
-9.26424295609e-05
0.0
1.7167307332e-05
-1.7167307332e-05
1.7167307332e-05
-1.7167307332e-05
0.0
9.26424295609e-05
1.23688237612e-16
0.0
-8.83487411518e-17
-7.95138670366e-17
1.67862608188e-16
-8.83487411518e-17
-7.95138670366e-17
-0.00463212147805
1.71673073319e-05
8.83487411518e-18
0.00461495417072
-7.95138670366e-17
-9.26424295609e-05
0.0
0.0
0.0
-7.95138670366e-17
-8.83487411518e-17
1.67862608188e-16
0.0
0.0
-8.83487411518e-18
0.0
9.26424295611e-05
0.0
-1.23688237612e-16
1.23688237612e-16
-9.26424295611e-05
-8.83487411518e-18
-1.59027734073e-16
1.67862608188e-16
0.0
-1.67862608188e-16
-0.0092642429561
8.83487411518e-18
-1.67862608188e-16
0.0092642429561
-7.95138670366e-17
0.0
0.0
8.83487411518e-18
0.0
0.0
0.0
1.67862608188e-16
-1.67862608188e-16
1.7167307332e-05
-1.71673073318e-05
-1.67862608188e-16
0.0
0.0
0.0
8.83487411518e-18
-1.59027734073e-16
1.59027734073e-16
0.0
-1.59027734073e-16
1.59027734073e-16
-0.00928141026343
1.71673073319e-05
0.0
0.0092642429561
7.95138670366e-17
-7.95138670366e-17
0.0
0.0
-7.95138670366e-17
0.0
7.95138670366e-17
0.0
0.0
-1.67862608188e-16
0.0
1.67862608188e-16
8.83487411518e-18
-1.67862608188e-16
1.59027734073e-16
8.83487411518e-18
0.0
0.0
0.0
0.0
0.0
0.0
-0.00464928878538
1.7167307332e-05
0.0
0.0092642429561
0.0
0.0
0.0
0.0
0.0
0.0
0.0
0.0
1.71673073319e-05
-1.71673073319e-05
0.0
1.7167307332e-05
-1.7167307332e-05
3.53394964607e-17
0.0
0.0
-8.83487411518e-18
-8.83487411518e-18
8.83487411518e-17
8.83487411518e-17
-1.67862608188e-16
0.0
-0.0138963644341
-1.7167307332e-05
1.71673073319e-05
0.0092642429561
0.0
-8.83487411518e-18
-7.95138670366e-17
7.95138670366e-17
0.0
-1.67862608188e-16
0.0
1.67862608188e-16
-9.26424295611e-05
0.0
1.71673073321e-05
7.54751222291e-05
-1.59027734073e-16
1.59027734073e-16
0.0
-1.59027734073e-16
1.67862608188e-16
0.0
-1.67862608188e-16
-8.83487411518e-18
1.59027734073e-16
-0.00464928878538
1.71673073319e-05
-1.71673073319e-05
0.00464928878538
0.0
7.95138670366e-17
-1.59027734073e-16
7.95138670366e-17
0.0
0.0
0.0
0.0
0.0
-9.26424295609e-05
0.0
0.0
9.26424295609e-05
0.0
0.0
0.0
-8.83487411518e-18
0.0
0.0
0.0
-9.2642429561e-05
-0.000185284859122
1.71673073318e-05
0.0
-8.24149670573e-17
1.64829934115e-16
0.0
-9.26424295611e-05
0.0
0.0
0.0
0.0
0.0
0.0
0.0
0.0
9.26424295609e-05
8.24149670573e-17
-2.47376475225e-16
1.64829934115e-16
8.2153975903e-17
-2.47376475225e-16
-1.64791108984e-18
2.47113327119e-16
-8.22833930043e-17
-9.2642429561e-05
0.0
0.0
0.0
0.0
0.0
0.0
0.0
0.0
0.0
0.0
0.0
9.26424295609e-05
-1.71477659218e-18
4.27227420897e-17
-4.08159967972e-17
1.77948514283e-18
-9.26424295609e-05
0.0
0.0
0.0
0.0
0.0
0.0
0.0
0.0
0.0
0.0
0.163977100323
0.012228800702
-0.000909256988278
-1.7167307332e-05
1.71673073319e-05
3.53394964607e-17
-1.71673073318e-05
1.71673073318e-05
-1.71673073318e-05
0.0
-1.41357985843e-16
-3.53394964607e-17
1.41357985843e-16
-7.06789929214e-17
-7.06789929214e-17
-0.00917160052653
-1.71673073319e-05
-7.5475122229e-05
0.0
-1.71673073319e-05
0.0
1.71673073319e-05
0.0092642429561
1.41357985843e-16
-1.41357985843e-16
0.0
1.76697482304e-16
3.53394964607e-17
1.71673073318e-05
-1.71673073318e-05
0.0
1.71673073318e-05
-1.7167307332e-05
1.76697482304e-16
1.71673073318e-05
-1.7167307332e-05
0.0
0.0
0.0
0.0
-0.00928141026343
1.71673073319e-05
0.0
-1.71673073319e-05
1.7167307332e-05
9.2642429561e-05
-1.7167307332e-05
1.71673073321e-05
0.00463212147805
-9.2642429561e-05
7.06789929214e-17
0.0
-7.06789929214e-17
7.06789929214e-17
0.0
1.71673073319e-05
-1.71673073319e-05
0.0
0.0
1.71673073319e-05
-1.71673073319e-05
-0.112467909487
-0.00741139436488
0.000648497006927
7.95138670366e-17
-0.0092642429561
-1.7167307332e-05
0.00928141026343
0.0
0.0
0.0
-9.26424295609e-05
7.95138670366e-17
-1.59027734073e-16
1.67862608188e-16
0.0
-1.67862608188e-16
1.71673073321e-05
-1.71673073319e-05
-1.59027734073e-16
4.41743705759e-17
1.32523111728e-16
8.83487411518e-18
-1.67862608188e-16
1.59027734073e-16
-1.59027734073e-16
0.0
9.26424295611e-05
0.0
-8.83487411518e-18
-0.00928141026343
1.71673073319e-05
-1.7167307332e-05
0.00928141026343
-9.26424295609e-05
0.0
0.0
-7.95138670366e-17
0.0
1.67862608188e-16
0.0
-1.67862608188e-16
0.0
1.59027734073e-16
1.71673073319e-05
-1.71673073321e-05
1.59027734073e-16
-8.83487411518e-17
-7.95138670366e-17
-8.83487411518e-18
7.06789929214e-17
9.26424295608e-05
1.59027734073e-16
-9.26424295611e-05
0.0
1.59027734073e-16
-0.00928141026343
1.71673073319e-05
0.0092642429561
0.0
0.0
0.0
0.0
0.0
0.0
-8.83487411518e-17
0.0
0.0
0.0
8.83487411518e-18
-7.5475122229e-05
7.54751222292e-05
8.83487411518e-18
0.0
8.83487411518e-18
8.83487411518e-18
8.83487411518e-18
8.83487411518e-18
8.83487411518e-18
8.83487411518e-18
0.0
0.0
-0.00928141026343
1.71673073318e-05
0.0092642429561
0.0
0.0
0.0
-7.95138670366e-17
0.0
-9.26424295609e-05
-0.00016811755179
-1.71673073319e-05
-7.95138670366e-17
-7.95138670366e-17
0.0
7.06789929214e-17
-8.83487411518e-17
9.26424295611e-05
0.0
0.0
0.0
-0.00928141026343
1.7167307332e-05
-8.83487411518e-18
0.0092642429561
-7.95138670366e-17
0.0
0.0
0.0
0.0
0.0
7.95138670366e-17
0.0
-1.67862608188e-16
-9.26424295609e-05
0.0
1.71673073319e-05
-1.71673073318e-05
-7.06789929214e-17
-7.06789929214e-17
8.83487411518e-18
9.26424295611e-05
0.0
-1.67862608188e-16
-8.83487411518e-18
1.67862608188e-16
-1.67862608188e-16
0.00528061848497
0.0129699401385
0.00509533362585
7.95138670366e-17
-1.59027734073e-16
7.95138670366e-17
8.83487411518e-17
-1.67862608188e-16
0.0
-9.26424295607e-05
1.71673073318e-05
-1.7167307332e-05
-8.83487411518e-18
0.0
9.26424295611e-05
-8.83487411518e-18
-1.59027734073e-16
8.83487411518e-18
0.0
7.95138670366e-17
-7.95138670366e-17
0.0
-0.00464928878538
1.71673073319e-05
0.0
0.0092642429561
-7.95138670366e-17
7.95138670366e-17
0.0
-7.95138670366e-17
8.83487411518e-17
8.83487411518e-18
-7.95138670366e-17
0.0
-7.54751222289e-05
-1.7167307332e-05
0.0
1.7167307332e-05
-1.7167307332e-05
7.95138670366e-17
-8.83487411518e-17
-8.83487411518e-18
9.26424295611e-05
0.0
-1.59027734073e-16
7.95138670366e-17
7.95138670366e-17
-0.0092642429561
-1.71673073319e-05
1.7167307332e-05
0.0
0.0092642429561
0.0
0.0
7.95138670366e-17
-7.95138670366e-17
8.83487411518e-17
8.83487411518e-18
-1.67862608188e-16
0.0
-7.54751222289e-05
-1.7167307332e-05
-1.67862608188e-16
1.7167307332e-05
-1.71673073319e-05
-1.59027734073e-16
1.14853363497e-16
3.53394964607e-17
-1.67862608188e-16
2.5621134934e-16
-7.06789929214e-17
8.83487411518e-18
0.0
-0.0092642429561
0.0
-0.000295094596015
1.71673073318e-05
-9.2642429561e-05
0.0
0.0
0.0
0.0
0.0
0.0
0.0
0.0
-1.57888863582e-18
-1.57888863582e-18
0.0
0.0
-2.58834202593e-19
9.26424295609e-05
-9.26424295609e-05
-2.58834202593e-19
1.38907688725e-18
1.38907688725e-18
0.0
8.07648990158e-17
0.0
0.0
0.0
0.0
0.0
0.0
0.0
0.0
1.64825620211e-16
-1.64825620211e-16
0.0
1.64825620211e-16
-1.23619215158e-16
-4.11373825988e-17
6.90224540248e-20
0.0
6.90224540248e-20
1.29417101297e-19
0.0
0.0
0.0
0.0
0.0
0.0
0.0
0.0
0.0
0.0
0.0
0.0
0.0
0.163606530605
0.007596679224
-0.000260759981351
-1.71673073319e-05
1.7167307332e-05
-1.7167307332e-05
-3.53394964607e-17
-3.53394964607e-17
0.0
-3.53394964607e-17
-1.06018489382e-16
3.53394964607e-17
-0.0092642429561
-1.71673073321e-05
1.7167307332e-05
3.53394964607e-17
-3.53394964607e-17
-1.7167307332e-05
1.71673073319e-05
3.53394964607e-17
0.0092642429561
-7.06789929214e-17
-3.53394964607e-17
1.41357985843e-16
-1.41357985843e-16
1.7167307332e-05
7.5475122229e-05
-9.26424295609e-05
1.7167307332e-05
-1.7167307332e-05
0.0
1.7167307332e-05
-1.7167307332e-05
0.0
3.53394964607e-17
0.0
-1.41357985843e-16
2.12036978764e-16
-0.00464928878538
1.71673073318e-05
2.12036978764e-16
-1.71673073319e-05
1.71673073318e-05
-1.71673073318e-05
1.71673073319e-05
3.53394964607e-17
0.0092642429561
-7.06789929214e-17
0.0
7.06789929214e-17
0.0
-7.06789929214e-17
1.7167307332e-05
-1.71673073319e-05
0.0
0.000109809736893
-1.7167307332e-05
-9.2642429561e-05
1.06018489382e-16
0.0
-1.06018489382e-16
-3.53394964607e-17
3.53394964607e-17
-1.06018489382e-16
-0.110190054876
-0.0125067279907
-0.000463212147805
0.0
0.0
0.0
-7.95138670366e-17
7.95138670366e-17
0.0
0.0
0.0
0.0
0.0
0.0
-3.53394964607e-17
4.41743705759e-17
0.0
0.0
0.0
9.2642429561e-05
-9.2642429561e-05
-8.83487411518e-18
0.0
0.0
-8.83487411518e-18
-0.00463212147805
1.7167307332e-05
0.0092642429561
0.0
0.0
0.0
-7.95138670366e-17
7.95138670366e-17
0.0
-1.67862608188e-16
0.0
1.67862608188e-16
0.0
-1.67862608188e-16
1.59027734073e-16
-9.2642429561e-05
-7.95138670366e-17
1.67862608188e-16
9.26424295609e-05
-8.83487411518e-18
0.0
0.0
0.0
0.0
0.0
0.0
-0.0092642429561
-1.7167307332e-05
0.00463212147805
0.0
7.95138670366e-17
0.0
0.0
8.83487411518e-18
8.83487411518e-17
-7.95138670366e-17
0.0
0.0
-9.26424295609e-05
1.71673073319e-05
-1.71673073321e-05
9.26424295611e-05
-2.65046223455e-17
4.41743705759e-17
0.0
0.0
-1.67862608188e-16
1.59027734073e-16
0.0
-1.67862608188e-16
-8.83487411518e-18
-0.00928141026343
1.71673073319e-05
0.0092642429561
0.0
0.0
-9.2642429561e-05
0.0
-7.95138670366e-17
8.83487411518e-17
-8.83487411518e-17
0.0
0.0
1.67862608188e-16
9.26424295609e-05
1.7167307332e-05
-1.7167307332e-05
0.0
-3.53394964607e-17
3.53394964607e-17
0.0
0.0
0.0
0.0
0.0
0.0
-1.67862608188e-16
-0.00935688538566
-1.71673073319e-05
0.00464928878538
0.0
0.0
0.0
0.0
0.0
0.0
-8.83487411518e-17
1.67862608188e-16
9.26424295609e-05
1.71673073319e-05
-1.71673073319e-05
0.0
-1.59027734073e-16
8.83487411518e-17
0.0105612369699
0.0125993704203
0.000185284859122
8.83487411518e-18
-0.0092642429561
-1.59027734073e-16
0.0
0.0092642429561
0.0
0.0
0.0
0.0
-7.95138670366e-17
8.83487411518e-18
0.0
0.0
1.67862608188e-16
-1.67862608188e-16
1.7167307332e-05
-1.71673073319e-05
9.26424295607e-05
9.71836152669e-17
7.95138670366e-17
0.0
-9.2642429561e-05
-8.83487411518e-17
1.50192859958e-16
-8.83487411518e-17
-8.83487411518e-17
1.50192859958e-16
-0.00464928878538
1.71673073319e-05
7.95138670366e-17
0.0092642429561
0.0
0.0
0.0
0.0
8.83487411518e-17
0.0
-1.67862608188e-16
1.67862608188e-16
0.0
-1.67862608188e-16
1.7167307332e-05
-1.71673073318e-05
9.26424295607e-05
0.0
-9.26424295609e-05
-3.53394964607e-17
8.83487411518e-18
8.83487411518e-18
0.0
8.83487411518e-18
8.83487411518e-17
-7.06789929214e-17
-0.00928141026343
1.7167307332e-05
-7.95138670366e-17
0.00463212147805
0.0
0.0
0.0
7.95138670366e-17
0.0
-7.95138670366e-17
8.83487411518e-17
0.0
0.0
1.7167307332e-05
-1.7167307332e-05
-7.54751222291e-05
7.54751222289e-05
0.0
1.23688237612e-16
3.53394964607e-17
-1.67862608188e-16
1.67862608188e-16
-9.26424295611e-05
