0.00755643859982
0.0123813220147
0.0124147256447
0.0124483099098
0.0124990282147
0.0125416100839
0.012412118379
0.012847627333
0.0128835649174
0.0129288125315
0.0129835646786
0.0130202674377
0.0130665159116
0.0131036895575
0.013150498474
0.00390296670995
0.00392858141913
0.00394559639421
0.0132212523535
0.0132596385749
0.0133176374257
0.013366358576
0.0134055927646
0.0134545583098
0.0135142786025
0.0135443378796
0.013604859139
0.0136557079717
0.0136966613135
0.0137757402227
0.0137897229193
0.0138524605633
0.01390517943
0.013969013419
0.014001090905
0.014065769862
0.0141310892846
0.0141639158286
0.0142301104396
0.0142857881761
0.0143305698507
0.00509358907806
0.00510564107316
0.00503726137407
0.0143363163843
0.0143936216935
0.0144397966205
0.0144979332824
0.0145683177783
0.0146037667463
0.014675184391
0.0147352344838
0.0147836293044
0.0148568200603
0.0149355722326
0.0149679883421
0.0150304617769
0.0150808313889
0.0151569997106
0.0152211107704
0.0152727047196
0.0153377512534
0.0154165905627
0.0154695194823
0.0155362556084
0.0155106014
0.0156570069066
0.00642879216796
0.00643984024879
0.00647972468519
0.0157750526784
0.0158591074743
0.0159156429985
0.0159868812971
0.0160732128777
0.0161167289678
0.0162044712664
0.0162783223311
0.0163378891936
0.0164280606329
0.0165211780429
0.0165652296518
0.0166579325764
0.0167360387828
0.0167989471998
0.0168783832957
0.0168493889859
0.0169458367938
0.0171197737953
0.0171856067
0.0172686899198
0.0173695179074
0.00815605364185
0.00819603969222
0.0082282949649
0.00826899418544
0.0176111536931
0.0177167908176
0.0177700855472
0.0178776417213
0.0179682704302
0.0180414369621
0.0181337364393
0.0182457487502
0.0183022748656
0.0184163830904
0.0185491426518
0.0185902533639
0.0186151484874
0.0187139851793
0.0188864165553
0.0189876564753
0.0190692954483
0.0191931926861
0.0192977532715
0.0193820831831
0.0195100867435
0.0196181338783
0.0150640695834
0.0151482453059
0.0152505053292
0.0246045980376
0.0247162631984
0.0246216784426
0.0258016982365
0.0164598222535
0.00765742068455
0.00773417743093
0.00776282604378
0.00782087290722
0.00785016847242
0.00790949669732
0.00796976580506
0.00800018937155
0.00806181526103
-0.00119143247529
-0.00117883233859
-0.00109542224187
0.00355458436015
0.00357338280461
0.00359716231556
0.00353342775839
0.00355249213531
0.00357661385395
0.00360599585148
0.00362585350845
0.00365098525321
0.00367646780348
0.00369711129778
0.00372324394194
0.00375511483133
0.00377663355342
0.0038094290996
0.00382601048772
0.00385965201567
0.00388816313304
0.004004097322
0.00403405084441
0.00407061472779
0.00409532267732
0.00403367325601
-0.00525658920842
-0.00531464785628
0.00394196179046
0.0039729814661
0.00399815091422
0.00403650873688
0.00406904031275
0.0040954455458
0.00413570224335
0.00416985900377
0.00419062520961
0.00423278433027
0.00429298101795
0.00429763762678
0.00434198849761
0.00437955884127
0.00441013407199
0.00445684953935
0.0044965714749
0.00452880824474
0.00456982902114
0.00462000796614
0.00464548125031
0.00469734464923
0.00474145699874
-0.00449588615298
-0.00454742177305
-0.00460846304304
2.75930346394e-05
2.78636012993e-05
2.8195368799e-05
2.83642330203e-05
2.87081030724e-05
2.90010955485e-05
2.92398309452e-05
0.000123019354348
0.000124314507701
3.27253404477e-05
3.30763854389e-05
3.33625966539e-05
3.3801434385e-05
3.42146521559e-05
3.45205864347e-05
3.49903267603e-05
3.53919555027e-05
3.58858791637e-05
3.61377334437e-05
3.66528437833e-05
3.70937853676e-05
3.74536449657e-05
3.80072398938e-05
-0.00928911677485
-0.00936509363718
-0.00948424417403
-0.00492697630125
-0.00496542292598
-0.00504414462154
-0.00509802716966
-0.0051670209491
-0.00525231897702
-0.00529603276765
-0.00529184031233
-0.00536755298268
-0.00542970091312
-0.00561869371398
-0.00568554912755
-0.00577165559698
-0.0058603182345
-0.00597037620967
-0.00606537026607
-0.00614343777431
-0.00626457137444
-0.00632683045353
-0.0064552977945
-0.00656649099415
-0.00665808669875
-0.00677634949526
-0.0163142844952
-0.0165362008769
-0.00751820446429
-0.00769003789222
-0.00777893358618
-0.00796303530682
-0.00815606047079
-0.00825612452904
-0.00846380207318
-0.00864501667571
-0.00870264572531
-0.00889643087977
-0.0092175046777
-0.0094067528976
-0.00963119115714
-0.00991516184722
-0.0100632842644
-0.0103736051094
-0.0107038765194
-0.0108766971506
-0.0112400955522
-0.0114310515308
-0.0118331035344
-0.0121906653724
-0.0124921348149
-0.022155110958
-0.0229029011083
-0.0235052895692
-0.0148308085876
-0.0154772489878
-0.0161825605523
-0.0165598623966
-0.0173697742634
-0.0186209983456
0.0
0.0
0.0
0.0
0.0
0.0
0.0
0.0
0.0
0.000144127933064
0.00783340268549
0.0125692491489
0.0126031613307
0.0126543739261
0.0126801365345
0.012824659423
0.0128773057572
0.0129037912352
0.0129570901834
0.0130190391034
0.0130378926131
0.0129994447323
0.0130448473772
0.0130813372699
0.0131272802741
0.0131828738823
0.0132201407097
0.0132670650506
0.0133048449068
0.0133523732086
0.0041055661389
0.00413457700409
0.0041494999925
0.013428774021
0.0135703279763
0.0136099000911
0.0136696926295
0.013699786226
0.0137603724314
0.0138112715414
0.0138522625768
0.0139142070992
0.0139662520446
0.013915282597
0.013967683677
0.0140482879414
0.0140630193332
0.0141272935279
0.0141921978017
0.0142248132911
0.014290577389
0.0143236878422
0.0143903708666
0.014446457559
0.0145840958567
0.0146527887482
0.010040862751
0.0100898028325
0.0101298378558
0.0194491828576
0.0195113354755
0.0195895863918
0.0196843189427
0.0197639645596
0.0198281460088
0.0198322466278
0.0198809034648
0.0199789359792
0.0200785683146
0.0201278226793
0.020211491013
0.0203300133476
0.0203809435325
0.0204667310495
0.0205706973761
0.0207331119828
0.0208214934888
0.0208927422944
0.0209735474115
0.0169795546598
0.0263209167745
0.0264374863021
0.0265314862543
0.0266499281835
0.0267934585973
0.0269142507773
0.0270116696418
0.0271591242448
0.0272334554283
0.0273833420961
0.0274588606189
0.027517787488
0.0276713411865
0.0278007107389
0.0279972842441
0.0281291814294
0.0282892028106
0.00411103532467
-0.0095078582478
-0.00976146052478
-0.0190634163276
-0.0191933107219
-0.0146156593618
-0.0146737595081
-0.0147617803967
-0.0148061877423
-0.0148958082308
-0.0149713243237
-0.0150322903181
-0.0151246753192
-0.0152025340595
-0.0152654001474
-0.0153447171418
-0.015516528708
-0.0155989106174
-0.0155880421078
-0.0156874587246
-0.0153919056958
-0.01616070288
-0.0162321122459
-0.0162293871463
-0.0255478575985
-0.0256910614488
-0.0165299054321
-0.0166048316795
-0.016699449241
-0.0168144221353
-0.0168725037519
-0.0169898779868
-0.0170690380729
-0.01716903057
-0.0172905774105
-0.0173519978428
-0.0174761558333
-0.0176949771211
-0.0178019645832
-0.0178883446273
-0.0179976062945
-0.018085980318
-0.0181268538381
-0.0182396336888
-0.0181333084853
-0.023595038116
-0.0237003934281
-0.0145669347669
-0.0146435921078
-0.0147405550514
-0.0149516798734
-0.015011795934
-0.015133488958
-0.0152157188724
-0.0153197705284
-0.0154465250637
-0.0155537659504
-0.01554738736
-0.0156787367097
-0.0157727503417
-0.0158799474899
-0.0159939908133
-0.0161331085473
-0.0162034470655
-0.0163461565134
-0.0164426996908
-0.0165649928202
-0.0168069275814
-0.0168828490071
-0.0170369584989
-0.0171940024589
-0.0265110804429
-0.0267581644823
-0.0176322907038
-0.0176503735994
-0.0177903698213
-0.0179613217666
-0.0180771247656
-0.0182239931387
-0.0184034128051
-0.0185249993528
-0.0186792579901
-0.0188677897021
-0.0189634882523
-0.0192504550891
-0.0193991553594
-0.0195509434048
-0.019721982099
-0.0199313460883
-0.0200731851005
-0.0202535129388
-0.0204743615465
-0.0205863903619
-0.0208145885648
-0.0210085277896
-0.0210731105306
-0.0213133348699
-0.026047421429
-0.0170339322239
-0.017199614111
-0.0173344960928
-0.0175060999556
-0.0177165586602
-0.0178958414071
-0.0180418986291
-0.0182655050795
-0.0184561171367
-0.0186114919909
-0.0188495163492
-0.0189708235897
-0.0193112063812
-0.0195234848713
-0.0196964020218
-0.0199171051328
-0.020188727741
-0.0203270740948
-0.0206098802427
-0.0209008373281
-0.0210491368039
-0.0212589117652
-0.021517525796
-0.0217286288661
-0.0269707640084
-0.0240292379851
-0.0138567938895
-0.000698067297667
5.62831891941e-05
3.97479411748e-05
4.01054882551e-05
4.0840438603e-05
4.14739629736e-05
4.22611236519e-05
4.26652593575e-05
4.34982200644e-05
4.43648980992e-05
4.48104834555e-05
4.57302159279e-05
4.65266022167e-05
-4.54600292497e-05
-0.00931029239276
-0.00943825697424
-0.00956091173545
-0.00037095580648
-0.000379537692622
-0.000383979281572
-0.000393181803252
-0.000401194388286
-0.000407843486544
-0.000418240908262
-0.000423640987028
-0.000434870568949
-0.000444693593516
-0.000452877702058
-0.000463541489235
-0.000477020083568
-0.000488874467069
-0.000498773930565
-0.000511739016687
-0.000528225985766
-0.000539802155189
-0.00055502047423
-0.000574467209862
-0.000588185176496
-0.000606299592456
-0.000718182613574
-0.00543938687855
-0.00556707269729
-0.00568234844115
0.00832882539149
0.00863640930732
0.00889932710213
0.00932514597332
0.00979374865667
0.0100461601606
0.0104970452934
0.0
0.0
0.0
0.0
0.0
0.0
0.0
0.0
0.0
0.00922276966457
0.0211733029897
0.0262577115836
0.0263285316044
0.026417594424
0.0264892786914
0.0265794316864
0.0266884267122
0.0267615868062
0.0268536015872
0.0076652991755
-0.00539751234653
-0.00571097202273
-0.00572707895476
-0.00575144817792
-0.00576368795902
-0.00578835506193
-0.00580908823769
-0.0150858054412
-0.0151509987872
-0.0152229459155
-0.0060537408959
-0.0060757547263
-0.00610238355796
-0.00611578568692
-0.00614276730546
-0.00616543449865
-0.00618368904106
-0.00621127441231
-0.006225159586
-0.00625311698582
-0.00627660738658
-0.00628785840119
-0.0063241086179
-0.00634813637289
-0.00637722979997
-0.00639184954358
-0.00641639573257
-0.00644611956553
-0.00646605798813
-0.00649117848141
-0.00652160075616
-0.00654200952564
-0.00656776636172
-0.0112341430547
-0.011252477776
-0.00203293317507
-0.00204104247555
-0.00204757664513
-0.00205745672096
-0.0020657632456
-0.00207245691258
-0.00208088524496
-0.00209109017654
-0.00209623026877
-0.00210658663559
-0.00209988177863
-0.00212231456465
-0.00213293100043
-0.00214185173649
-0.00214904179049
-0.00215810596066
-0.00216909122135
-0.00217646563251
-0.00209295062998
-0.00219290399321
-0.00220424190357
-0.00221378720735
-0.00222147030897
-0.0161265278657
-0.0162142990567
-0.016254013494
-0.0070307518829
-0.007068146861
-0.00708699389467
-0.00712499105886
-0.00716339779644
-0.00718275682993
-0.00722179045457
-0.00725464396897
-0.00728114274827
-0.00731453964799
-0.00733786779281
-0.00738224511964
-0.00741657810415
-0.00736534182207
-0.00747861490276
-0.00752096805922
-0.00756377697562
-0.00758533792509
-0.00762159225241
-0.00766558476404
-0.00769515040797
-0.00773246441038
-0.00777774970481
-0.0170661997778
-0.0171668324309
-0.00798737712768
-0.00801112175063
-0.00805903696221
-0.00809940624168
-0.00813199396653
-0.0081813701144
-0.00820628367605
-0.00825656868024
-0.00829894590967
-0.00833316211721
-0.00837633110496
-0.00852147539826
-0.00854895941249
-0.00850922467417
-0.00855423708631
-0.00860891841926
-0.00864570548174
-0.00869217697611
-0.0087486414078
-0.00877709657839
-0.00883463726882
-0.00889297343723
-0.00892237656886
-0.008981843812
-0.0136969681438
-0.0137411239075
-0.00453347897721
-0.00454887011169
-0.00457996801906
-0.00460620958228
-0.00462742032527
-0.00465960522921
-0.0046867699511
-0.00470873082721
-0.00473647301911
-0.00475879055421
-0.00479283540764
-0.00482158054226
-0.00483935586509
-0.00487417921952
-0.00490990130824
-0.00494009461656
-0.00496447702928
-0.00499532433943
-0.00503287424143
-0.00505182637474
-0.00509020983666
-0.0051292052401
-0.00514889117258
-0.0144463010499
-0.0145572198967
-0.0146158745313
-0.010150625007
-0.0101381298016
-0.0102055983823
-0.0102602230409
-0.0103432649166
-0.0104134999115
-0.0104703781805
-0.0105423554544
-0.0106006534586
-0.0106893190479
-0.0107472083163
-0.0108251086848
-0.0109020619584
-0.0109958955458
-0.0110592716897
-0.0111396012087
-0.0112376109439
-0.0112871727761
-0.011480767282
-0.0114393292998
-0.0115426331169
-0.0116478844482
-0.0117011336355
-0.0164465067233
-0.0165997445112
-0.00743926359487
-0.00748606249187
-0.00754539552606
-0.00760567641731
-0.00765459894593
-0.00772917408102
-0.00779243889635
-0.00784380119411
-0.00790896393462
-0.00798860245497
-0.00804259164616
-0.00818679108492
-0.00826020228741
-0.00833167181065
-0.00832564742596
-0.00836955156091
-0.0084587634411
-0.00853462883076
-0.00859620426493
-0.00869033934624
-0.008770434133
-0.00886844453947
-0.00891821369299
-0.00901957301554
-0.0137818512967
-0.0138706483064
-0.0093597212183
-0.00947006587744
-0.00954508542774
-0.00964054749675
-0.00975765229209
-0.0098172777323
-0.0099387410363
-0.0100422795385
-0.0101266760921
-0.0103487820575
-0.0104152660365
-0.0105508292961
-0.0106728428397
-0.0106680403323
-0.0108115572876
-0.0109342286386
-0.0110342191151
-0.0111878243307
-0.0113192309583
-0.0114809284771
-0.0115634185768
-0.0117322166899
-0.0118767992967
-0.0212292955799
-0.0215672505439
-0.0217139590505
-0.0126810558817
-0.0128461409477
-0.0129813345652
-0.0131543792082
-0.0133682179085
-0.0135146794349
-0.0137023291881
-0.0138562406507
-0.0141869952614
-0.0143925237493
-0.0145612814996
-0.0147778728018
-0.0150464356521
-0.0151839059392
-0.0153728332374
-0.0156159316979
-0.0159181765148
-0.0161259269957
-0.016393612604
-0.0167270035676
-0.0168985100255
-0.0172527310472
-0.0175596804343
-0.0224461096216
-0.0128954772109
0.000652908570894
0.00659679559876
0.00670747330082
0.00685115399261
0.00697060710601
0.00703295071827
0.0072433656168
0.00732676435462
0.00753666650029
0.00777627028627
0.00796741140763
0.00821325639259
0.0084301847451
0.00861184416272
0.0088997748144
0.00915503639359
0.0093696661954
0.00965279829246
0.0100162186822
0.000820232687354
0.000852729738225
0.000864571273234
0.000906367495531
0.0104731425288
0.0108684362997
0.0112068155903
0.0117558078741
0.0122561165389
0.0126880883414
0.0132728209763
0.0
0.0
0.0
0.0
0.0
0.0
0.0
0.0
0.0
0.0
0.0
0.0
0.0
0.0
0.0
-0.0276495078366
-0.00532224495341
0.00644329290878
0.0112557137048
0.011286102422
0.0113243197536
0.0113550804001
0.0113984979387
0.0114452903743
0.0114766992354
0.0115333972565
0.0115480267365
0.0116886186035
0.0116363198831
0.0116769317871
0.0117095955175
0.0117589809873
0.0118004855836
0.0118338448686
0.0118758490803
0.011926680754
0.011960758039
0.00734344800192
0.00738177545881
0.00741377833756
0.0166995111256
0.0167480394542
0.0168090975651
0.0168829569876
0.0169325579202
0.0169949700545
0.0170452316908
0.0171084779498
0.0172775095008
0.0173291779991
0.0173012181341
0.0173794693652
0.0174624127189
0.0174981941621
0.0180351970357
0.0187183044689
0.0187767563894
0.0188504045657
0.0143727673766
0.0144295333109
0.014481100701
0.0237970785304
0.023892059471
0.0240070403226
0.0240649459666
0.0241815977165
0.0242796732178
0.0243587071553
0.0244582246671
0.000110233580505
-0.00822759413554
-0.00880138810906
-0.00883106627102
-0.00886850921466
-0.00889864242191
-0.00894427053775
-0.00898268141705
-0.00901359662484
-0.0090525773673
-0.0090998308273
-0.00912359877045
-0.0184439750759
-0.0185422486714
-0.0139551046013
-0.0140169135299
-0.0140918103566
-0.0141675113468
-0.0142056674587
-0.0142825991804
-0.0143473479173
-0.0143995708419
-0.014465386189
-0.0145451625909
-0.014585381447
-0.0146492464735
-0.0147209461243
-0.0147897361836
-0.0148731888578
-0.0149151909534
-0.0150000157299
-0.0150858634166
-0.0151290761247
-0.0152163563804
-0.0153047035993
-0.0153491799823
-0.0154390238162
-0.0247809442408
-0.0248610805957
-0.0203393741663
-0.0204605755624
-0.0205421810567
-0.0206451066263
-0.0207699850578
-0.0208329917054
-0.0212707619283
-0.0216767414499
-0.0216923166009
-0.0218302694241
-0.0172793139853
-0.0220328744741
-0.0222438109417
-0.0223397942162
-0.0224854656423
-0.0226084067368
-0.022707563919
-0.0035330721199
0.00434188650047
0.00534252807765
0.0053670140138
0.00539793885286
0.00542293648036
0.00546087002643
0.00548003648764
0.0056116806667
0.00564493438076
0.00570254261567
0.00570579470887
0.00574710248889
0.0057991864195
0.00581023973198
0.00585307895216
0.00579646099583
0.00582524429906
0.00586900004167
0.00590599597011
0.00593588005692
0.00597372658029
0.00600430171761
-0.00322122114698
-0.00325931487101
-0.00316602812183
-0.00318680877242
0.00610534474393
0.00613778531429
0.00617882400372
0.00622880059831
0.00625409325927
0.00630529976545
0.0063399057782
0.00638370109491
0.00643706072793
0.0064066639831
0.00642556095376
0.00648041566894
0.00652688309188
0.0065644764834
0.00661212600941
0.006650746524
0.00670953056039
0.00685244597085
0.00689332756827
0.0069451689692
0.00700845654755
0.00705122634998
-0.00216965484731
-0.0022070439341
-0.00220010634153
0.0070468621343
0.00709140246973
0.00714787583884
0.00712348814874
0.00718122749787
0.0072280971872
0.00729956000052
0.00736020055314
0.00740944314104
0.00747193060226
0.00756551184961
0.00758710426061
0.00766587934387
0.00781214141819
0.00788080209167
0.00796485711147
0.00802180818171
0.00809422009395
0.00807504610992
0.00813426694917
0.00822482947853
0.00830185274506
-0.000901048987087
-0.000888920861517
-0.00089918018912
-0.000925116236329
0.00838717041256
0.00846989685657
0.00853726206736
0.00864034284993
0.00882081712948
0.00889312738641
0.00900384275787
0.00909823288535
0.00917518155163
0.00927321678323
0.00941086438878
0.00947570717894
0.00958030413332
0.00957280175369
0.00968060938246
0.009813309721
0.00994961213154
0.0100191061195
0.0101612247316
0.0102828637138
0.0103821239499
0.0105348023903
0.00135774506345
0.00138519415757
0.00140623900826
0.0106884700013
0.0107713254892
0.0109409493143
0.0110864360796
0.0112056401118
0.0113582975217
0.0114834498913
0.0116764342511
0.0119353726172
0.012142315244
0.0122484997298
0.012483772329
0.0126163077369
0.0128085897169
0.0129537324142
0.0130753706859
0.0133259430466
0.0181965015978
0.0138189892156
0.0139574184955
0.0142431217959
0.0145409453901
0.0146942862915
0.00562694977688
0.005708781499
0.00581447969568
0.0152008792071
0.0154328267998
0.0157943201136
0.0161087472737
0.016369440472
0.0167766796753
0.0171318364805
0.0175188560979
0.0179043673193
0.0183899587236
0.0186427559066
0.0191697643958
0.019649644025
0.0201234298453
0.0205310340194
0.021064835352
0.0217435902947
0.0220989427111
0.0228470400873
0.0233736754373
0.0240677191223
0.024957442108
0.00197888764903
-0.00626691168624
-0.00813571191994
-0.00838898821253
-0.00879991132786
-0.00902084414319
-0.00949773960584
-0.00993543211449
-0.0103157329869
0.0
0.0
0.0
0.0
0.0
0.0
0.0
0.0
0.0
0.00940748316707
0.0217289885997
0.0267115137976
0.0267835087337
0.0268922300263
0.0269469215492
0.00692198734531
-0.00465836314569
-0.00512866897129
-0.00514294584144
-0.00525747455812
-0.00527592706893
-0.00529076878885
-0.0053094700438
-0.0053245013344
-0.00534342814343
-0.00536633287318
-0.00538168828373
-0.0100378530699
-0.0100912245315
-0.0101031870859
-0.000848709602859
-0.000851800209695
-0.000854288949038
-0.000858049445958
-0.000861208576269
-0.000863752678815
-0.000866954022776
-0.00086953223461
-0.000872776644024
-0.00087670203771
-0.000971974403205
-0.000975642144071
-0.000887430498657
-0.000890809666842
-0.00089352703678
-0.000896950335701
-0.000901095649682
-0.000903876233436
-0.000907379446942
-0.00091162194668
-0.000914467975979
-0.00091805393541
-0.00557059555881
-0.00557097124615
-0.00561467549244
-0.0009765010653
-0.000981180522896
-0.000985114467443
-0.00098828440886
-0.000993077757761
-0.000997107877845
-0.00100035560186
-0.00100444512989
-0.00100939691726
-0.00101272532229
-0.00110955071998
-0.00111507467095
-0.00100988616148
-0.00103049523984
-0.00103483201248
-0.00104008782769
-0.00104361599306
-0.00104806745356
-0.0010516500563
-0.00105616710353
-0.00106164244316
-0.00106439633425
-0.00106995410298
-0.010372233901
-0.0103822690215
-0.0104371389036
-0.0058515024326
-0.00587227716459
-0.00589845392212
-0.00591956394039
-0.00595151377922
-0.00597840325994
-0.00601099307814
-0.00602742157706
-0.00596785147927
-0.00608255635897
-0.0061106464633
-0.00614469897855
-0.0061562106577
-0.00619649522344
-0.00622564991072
-0.00626102164241
-0.00628479003757
-0.00631478340442
-0.00634508693789
-0.0063694990419
-0.00640650589369
-0.00642517102506
-0.00646282943633
-0.0111325639123
-0.0112156842805
-0.0112317477675
-0.00198650650223
-0.00199444341674
-0.00200445419425
-0.00201660058255
-0.00202272914631
-0.00203509870599
-0.00204748443572
-0.00205380273501
-0.00206655704364
-0.00207730727027
-0.00207317494515
-0.00209912890106
-0.0021102217425
-0.00212369718406
-0.00213048701119
-0.00214421481941
-0.00215579915362
-0.00216514147102
-0.00217694484781
-0.00219128880412
-0.00220094193123
-0.00221314905596
-0.00222299617214
-0.0115282381921
-0.0116233105496
-0.00236808341894
-0.00229155663577
-0.00239758206887
-0.00240859025506
-0.00242529338
-0.00243939064311
-0.00245078699866
-0.00246518306151
-0.00248268316428
-0.00249448858809
-0.0025094042293
-0.00251037851392
-0.00253668613663
-0.00255522013325
-0.00257403861292
-0.00258353449582
-0.00260276193652
-0.00261901689748
-0.00263214575476
-0.00264869171037
-0.00266891757175
-0.00268255277917
-0.00269981005612
-0.0120226942779
-0.0121009162851
-0.0121470344655
-0.00292237619756
-0.0029378541722
-0.00295743373077
-0.00298127646047
-0.00300144104775
-0.003017770179
-0.00303843315167
-0.00306360531261
-0.00307634844447
-0.00310215539792
-0.00320423006224
-0.00323507289367
-0.00326279237443
-0.00318387628269
-0.00321151175016
-0.00323492790329
-0.00325387630119
-0.00328274576731
-0.00330721614028
-0.00332702340951
-0.00335214208993
-0.00338278972343
-0.00340878017313
-0.00807358692184
-0.00814906191993
0.00106404875183
0.0010707645932
0.00107927955775
0.00108967799897
0.00109672232892
0.00101269453659
0.00111196343381
0.00112115663682
0.00113239114389
0.00114000673923
0.00114967150083
0.00117667240773
0.00116751671208
0.00117970415314
0.00119006426128
0.00119847015687
0.00121131606625
0.00122224141047
0.00123110970258
0.00124238824253
0.00125156096148
0.00126557684541
0.00127750772655
0.00128719932431
-0.00811280939833
-0.00822418714268
-0.00361479268508
-0.00365746195883
-0.00369379679425
-0.00373836300078
-0.00376867606355
-0.00380726574399
-0.00385462946213
-0.00387875598111
-0.00392792652061
-0.0039698643965
-0.00400406506689
-0.00430392180217
-0.00440470999035
-0.00444580678897
-0.00450900912586
-0.00455208461138
-0.00460715188146
-0.00467505957565
-0.00470970488479
-0.0140792553697
-0.0142750030645
-0.0144038778169
-0.0052303558277
-0.00529911516398
-0.00535543799495
-0.0054275477131
-0.00551668449382
-0.00557775340289
-0.00565601733239
-0.00572022760063
-0.00580256989199
-0.00590456450347
-0.00597515427748
-0.00615709601975
-0.00627029204957
-0.00636792379089
-0.00644811000415
-0.0065513247807
-0.00667970978131
-0.0066751284605
-0.00678736172967
-0.00692721335812
-0.0069991875912
-0.00714799884327
-0.00725061084358
-0.0167217138354
-0.0170493026742
-0.00795963155654
-0.00814302965881
-0.00830244220507
-0.00843453655311
-0.00860568388059
-0.00882045525637
-0.00904621812444
-0.00916348839223
-0.00970664508638
-0.0108482095715
-0.0111298666284
-0.0114269845365
-0.011675919948
-0.0120030726046
-0.0124209519133
-0.0126405754812
-0.0131045572473
-0.0136041971521
-0.0230430085576
-0.023967358935
-0.0248136260084
-0.0312459042795
-0.0396468933076
0.000795167294954
0.0133942432767
0.0
0.0
0.0
0.0
0.0
0.0
0.0
0.0
-0.027464202
-0.00439629362005
0.00736924564287
0.0116337367463
0.0116651460175
0.0117046468067
0.011829003216
0.0118773969516
0.0119180284331
0.0118580099065
0.011898825966
0.0119653720085
0.0119730189252
0.0120230198457
0.0120565343942
0.0120987303561
0.0121497884892
0.0121840141653
0.0122271083154
0.0122792252031
0.0123230289281
0.012358238511
0.0077593689775
0.00777574270194
0.0078154231508
0.0171023201784
0.0171520184829
0.0172145486288
0.017197148516
0.0172350131799
0.0173112444469
0.0173881523849
0.0174268629245
0.0175048028708
0.0175702868263
0.017623027373
0.0177027339652
0.0177869006374
0.0178372412327
0.0178915469166
0.0179737040987
0.0180288955709
0.0180983628814
0.0181684190988
0.0182247610096
0.0183100107725
0.018381716499
0.0185320323888
0.00931164131398
0.00933134527601
0.00937818200771
0.0140513181227
0.0141188221903
0.0141528178717
0.014221302417
0.0142904525219
0.0143252801964
0.0143954469683
0.0144544461412
0.0145019945836
0.0145618715283
0.0146515691139
0.014683119976
0.0147445039843
0.0148189058885
0.0148563120542
0.0149317870839
0.015087832985
0.0150462689259
0.0151107308663
0.0151888659799
0.015241324816
0.0153074712992
0.0060766595625
0.00610980126676
0.0061420225282
0.00615196191719
0.0108154536227
0.0108732194982
0.0109023343626
0.0109610341836
0.011010435536
0.0110502782675
0.0111004888549
0.0111613469254
0.0112228757013
0.0112538950475
0.0112233604965
0.0112927770029
0.0113177412057
0.0114744205043
0.0115286136897
0.0115722649001
0.0116273880618
0.0116717915657
0.0117278271033
0.0117958259772
0.0118415272142
0.0118992076431
0.00265792627229
0.0026856076758
0.00269887324267
0.011982992038
0.0120307100531
0.0121030035875
0.0121394769915
0.0122130869666
0.0122875946371
0.012325190253
0.012401075557
0.0124650304337
0.0124670708278
0.0124887637153
0.0125844567017
0.0126201855502
0.0127794280959
0.0128610871282
0.0129160231369
0.0129854209442
0.0130697409221
0.0131122335643
0.0131981595599
0.0132706830559
0.0133291798301
0.0134030984613
0.00415513391483
0.00419097543036
0.00421458997085
0.013523685622
0.0135698090347
0.0136630056003
0.0137416523044
0.0138052241673
0.0139016918266
0.0139831167733
0.0140489462833
0.014039190035
0.0142495216614
0.0143005264118
0.0143867049742
0.0145087201215
0.0145444916892
0.0146516042228
0.01474214387
0.0148152620086
0.0149264121048
0.0150203882957
0.0150962975683
0.0152117895574
0.0152700916653
0.00610416196976
0.0061265461109
0.00617569443873
0.00622435199781
0.011010438425
0.0110689152619
0.0110497275768
0.0111390587037
0.0111994192417
0.0112757957208
0.0113688333312
0.0114159300199
0.011511303283
0.0116254802989
0.011657387514
0.0117568534892
0.011807249911
0.0119092996238
0.0119957622091
0.0120657235791
0.0121723081116
0.0122626443636
0.0123357612756
0.0124284786974
0.0124485520703
0.0125244740639
0.00805754487441
0.00813253743629
0.00817893524812
0.0174989417537
0.0176373984241
0.0178064632496
0.0178922156685
0.0180662197172
0.0181841128618
0.0183336584008
0.0185163885335
0.0186091248195
0.0186898804115
0.0196940394753
0.0198340583948
0.0200480555376
0.0202300772213
0.0203778400183
0.0205659190084
0.0208108968964
0.0210455261661
0.0165582425251
0.0167019565053
0.0168629980463
0.0261978679405
0.0264033698912
0.0266648152695
0.00207544791417
-0.00570668222117
-0.00624378690451
-0.00629718878236
-0.00634809766214
-0.00642071081405
-0.00641302695903
-0.006484702996
-0.00654310927059
-0.00663280234741
-0.00670950389519
-0.00677204872717
-0.00685196353778
-0.00695044799016
-0.00700066553316
-0.00719681224844
-0.00730410206393
-0.0166046891797
-0.016856991719
-0.00771786341538
-0.00779768850046
-0.00789982185231
-0.00798347485892
-0.00811232908051
-0.00822292755386
-0.0083136010528
-0.00845342289753
-0.00857358398997
-0.00867220010038
-0.00879870621072
-0.00890259926543
-0.00906312096173
-0.00910845481388
-0.00927840145744
-0.00936561131576
-0.00954526818683
-0.00970044809017
-0.00982805572269
-0.0100260738816
-0.0101974154652
-0.0103385234071
-0.0105580059232
-0.0106710659749
-0.0203560093101
-0.0207503905433
-0.0163387155591
-0.016651228916
-0.0170423808116
-0.0173135103853
-0.0177367584253
-0.0181055840095
-0.0183343268694
-0.0188095807527
-0.019310097888
-0.0195704673453
-0.0201128256699
-0.0205711963459
-0.020984922037
-0.0215029547987
-0.0221597469915
-0.0226195982176
-0.0231276260276
-0.0238921556063
-0.0242929003066
-0.0251371121772
-0.0260425549081
-0.0265192272969
-0.0126468095707
0.000888459121077
-0.0124408975894
-0.0128207188208
-0.0135290442386
-0.0138616173228
-0.0145783159133
-0.0152346820873
-0.0158038834874
0.0
0.0
0.0
0.0
0.0
0.0
0.0
0.0
0.0
0.0
0.0
0.0
0.0
0.0
0.0
-0.0232026801821
-0.00421105339107
0.00773976950704
0.0124731008075
0.0125994943633
0.0126506844315
0.0126850427358
0.0126355246715
0.0126873871943
0.0127221992323
0.0127659836669
0.0128361198578
0.0128455713273
0.0128991751099
0.0129442211547
0.0129804244193
0.0130351613409
0.0130811633198
0.0131181373118
0.0131646928907
0.013221032316
0.0132588018975
0.00400214887668
0.00403086062416
0.00413815392583
0.0134173844807
0.0133732680578
0.0134122596535
0.0134711749842
0.0135206676872
0.0135505381504
0.0136106765384
0.0136713507744
0.0137018910771
0.0137633826053
0.0138322349514
0.0138566739121
0.0139195647254
0.0139512245741
0.0140149780734
0.014068592361
0.014111707656
0.0141769387752
0.0142318009772
0.0142759233218
0.0143426839976
0.0143988381653
0.0145365320236
0.00994135412102
0.00997140316354
0.0100123320062
0.0193312003284
0.0194239971937
0.0194707301066
0.0195648729592
0.019659929451
0.0197078044726
0.0198042565312
0.0198528370036
0.019950715549
0.0200502182501
0.0200993681439
0.0201996953804
0.0203012673832
0.0203520901952
0.0204549592094
0.0205415444086
0.0205937442146
0.02069864249
0.0208051151882
0.0208586631675
0.0209667233146
0.0210576988408
0.0118483266869
0.0119104886311
0.0119456275362
0.0120049334215
0.0213362002022
0.0214499697781
0.0215073100723
0.0216229138777
0.0217397652184
0.0217986650322
0.0219174258226
0.0220374856577
0.0220980093853
0.0222372632333
0.0222816042235
0.0223128412403
0.022530322381
0.022593505712
-0.00650064430323
-0.0184503617859
-0.018843583276
-0.0189167980888
-0.0190278644501
-0.0283383679035
-0.0285230514741
-0.023906643277
-0.0240016560548
-0.0241455970243
-0.0242668707146
-0.0243647686022
-0.0244882551613
-0.0247308664103
-0.0248067595927
-0.00929177815643
0.00358596336136
0.00406928668488
0.00408658980749
0.00410844709459
0.00403341559366
0.00405958268765
0.00408610798323
0.00409947615288
0.00412651023605
0.00414016142002
0.00416773653946
-0.000481310268864
-0.000466241736756
0.00879537405056
0.0088452098102
0.00888548678488
0.00893635163963
0.00899816327872
0.00903984815881
0.00909250039369
0.00924946776035
0.00928213344001
0.0093481617009
0.00939270475449
0.00944898379143
0.00942421082836
0.00948147467697
0.00952771160213
0.00958620013267
0.00965738526742
0.00970535758555
0.00976605376297
0.00983994449905
0.00987724116004
0.00995278291846
0.0100166700463
0.000791099808103
0.000797261215113
0.000878178147913
0.0101631094442
0.0102301898602
0.0102844949236
0.0103531921354
0.0104368495731
0.0104933760833
0.0105649008199
0.0105592388647
0.0106323066597
0.010691492758
0.0107815172441
0.0108749234542
0.0109194560988
0.0109976103935
0.011060943682
0.011141143098
0.0112389913224
0.0113975563634
0.0114820309073
0.011585131562
0.0116372818451
0.011743135041
0.0118328945942
0.00253012053205
0.00255363833837
0.00255641319551
0.00723434983164
0.00729157882964
0.00736146005596
0.00742072565986
0.00746882954466
0.00754216598457
0.00760438868793
0.00765491082206
0.00771901525142
0.00777107688782
0.00783714953282
0.00793512737655
0.00797247698851
0.00804203327183
0.00812717260058
0.00817034120779
0.00825817833595
0.00833288718828
0.00839353240976
0.00848626009487
0.00856517138959
0.00862925693722
-0.0051937383263
-0.00526042827575
-0.0052835303284
-0.0053347692379
-0.000714765131664
-0.000718994069678
-0.000727603867286
-0.000734937800603
-0.000740912261366
-0.00065567033225
-0.000663848102657
-0.000669414228841
-0.00067650453589
-0.000760676862921
-0.000782880495408
-0.000793157579183
-0.000801898767529
-0.000809050776681
-0.000820031549106
-0.000829419523319
-0.000837073204459
-0.000846850424494
-0.000858896404281
-0.000865037349656
-0.000877602248611
-0.00088836331408
-0.0101591349685
-0.0103118486943
-0.010459920531
-0.00125859713382
-0.00127820749621
-0.00129502241813
-0.00130879627211
-0.00132643116637
-0.00125453629082
-0.00126493037691
-0.00128624395508
-0.00130456174458
-0.00131959595476
-0.00141933845402
-0.0014534925866
-0.00147537610855
-0.00149792844351
-0.00152593582309
-0.00154030904597
-0.00156992067848
-0.00160071253484
-0.00161653625087
-0.00164918229267
-0.0016774330889
-0.00170070089658
-0.00173687285119
-0.0111098857796
-0.0112544858329
-0.0114808590879
-0.00694771742308
-0.00710827677615
-0.00724785532685
-0.00736352715277
-0.00754412607524
-0.00760779536064
-0.00773693249916
-0.0079046513142
-0.00804415311803
-0.00835683391079
-0.00855057635481
-0.00877809001486
-0.0089228475541
-0.00918963088027
-0.00947303442486
-0.00962111280441
-0.00987879629225
-0.0102070445628
-0.0104379006928
-0.010741867242
-0.0111310815346
-0.0113360688558
-0.020977021374
-0.0215048577678
-0.0222274347561
-0.0137359279995
-0.0141290759122
-0.0146533099251
-0.0153360920044
-0.0157018934601
-0.0164884209953
-0.0173578177432
-0.0177335398916
0.0
0.0
0.0
0.0
0.0
0.0
0.0
0.0
0.0
0.0
-0.00494985196401
0.00737147788942
0.0121474298055
0.0121720090834
0.0122214671088
0.0122546629113
0.0122964119938
0.0123468877334
0.0123807689407
0.0124233826671
0.0124921029465
0.0125008427298
0.012553013395
0.0125968551613
0.0126320905833
0.0126764541324
0.0128230157034
0.0128592635021
0.012904938684
0.0129416515247
0.0128949467758
0.00366365973053
0.00365968168605
0.00368744773452
0.017595828648
0.0176597400589
0.0177112040951
0.0177759570514
0.0178542876874
0.0178937121796
0.0179730852483
0.0180531648634
0.0180934725773
0.0181746298134
0.0182600239635
0.0182977512849
0.0180993381284
0.0188582407518
0.0189019500117
0.0190827812443
0.0191422304373
0.0192171338872
0.00999669282599
0.010045429032
0.0100799088579
0.0152200220704
0.0152571134719
0.0153318408635
0.0153820668115
0.0154453135432
0.0155390900692
0.0155733931228
0.0155454524113
0.0156235144035
0.0156892037495
0.0157420654195
0.0156036879324
0.01617831366
0.0162204244832
0.00697747854387
0.00701914004584
0.00705001439639
0.0163617506918
0.0165046949954
0.0173900039119
0.0174533972065
0.0175493576292
0.0175049302275
0.0176019722247
0.017860918987
0.0184223115641
0.0184750094199
0.0185814460153
0.0186351250094
0.0187434177458
0.00955325039761
0.00958577260541
0.0146468307649
0.0147059018685
0.0147804136962
0.0148405686278
0.0149317240809
0.0150085461334
0.0150705748474
0.0150559391523
0.015167543596
0.0152139634417
0.0152942159573
0.0153917034441
0.0154738456846
0.0155401312046
0.0156239307688
0.0156915101264
0.0157940772155
0.0158806432765
0.015950464718
0.0161313605507
0.0068984942172
0.00694656717698
0.00698560797122
0.0162734673332
0.0163657228275
0.0164778183644
0.0165534049611
0.0166488681108
0.0167648860752
0.0168628089321
0.0168491326608
0.0169485906605
0.017086704644
0.0171306027495
0.0172541294462
0.017375663031
0.0174428345897
0.0175709172678
0.0177719443701
0.017859827552
0.0179710966857
0.0180609633892
0.0181975870839
0.018313113497
0.0184064383677
0.0185245492425
0.00931497496803
0.00938058367757
0.00944190398116
0.0186995027269
0.0187735865446
0.0189235271883
0.019050317365
0.0191529779102
0.0193090576772
0.0194410782009
0.0195479999486
0.0196833153399
0.0198654027822
0.0199596375075
0.0201007245354
0.0203822795246
0.0204525380891
0.0205365614554
0.0206860459193
0.0208070041727
0.0209603460952
0.0210846542163
0.0213378588557
0.0214342185556
0.0213941086848
0.0221689641631
0.0222745924568
0.00755157846023
-0.000601681612314
-0.000537345788382
-0.000540067279001
-0.000528399053984
-0.000549282741326
-0.000554039895448
-0.000559861886385
-0.000563805531252
-0.000568818595415
-0.000574957045732
-0.000670701777531
-0.000678058588129
-0.000683045685486
-0.000689389608975
-0.000697164473694
-0.000701110678807
-0.0100426663252
-0.010083257648
-0.000822855103036
-0.000832528882876
-0.000840765836513
-0.000847473689023
-0.000857738586951
-0.000866484556656
-0.000873610805525
-0.000882685164983
-0.00089382637518
-0.000899503117698
-0.00100369829941
-0.000997375305546
-0.00102337396687
-0.00103697753132
-0.00104860184253
-0.00105807467352
-0.00107017047621
-0.00108506489182
-0.00109265448148
-0.00110817614236
-0.00112145175718
-0.00103963448848
-0.00105494639576
-0.0103468225491
-0.0104330877182
-0.0105653335034
-0.00134158425084
-0.00135200058344
-0.00137332614669
-0.00139533523781
-0.001414222316
-0.00142970414657
-0.00144953971656
-0.00146580890069
-0.0014909091484
-0.00151249217993
-0.0015302139806
-0.0016512895971
-0.00167629787275
-0.00169682172522
-0.00172321909548
-0.00175602133636
-0.00177286370685
-0.00180758035247
-0.00183758933337
-0.00186228180193
-0.00189412652471
-0.00184112295032
-0.0018671760515
-0.0112247180647
-0.0114891397572
-0.00694600417413
-0.00710390498641
-0.00726915051071
-0.00735468953763
-0.00753195143323
-0.00768632936556
-0.00781446317626
-0.00798076460434
-0.00818991228104
-0.00833554096431
-0.00852502354073
-0.00884001706325
-0.00898305596564
-0.00924600913196
-0.00947736234975
-0.00967061941814
-0.00997603617521
-0.0101360923739
-0.0104721175381
-0.0107698611196
-0.0111499904834
-0.0113500423968
-0.0116796439518
-0.0213355014038
-0.0217357969195
-0.0226222558619
-0.0138608716307
-0.0142595753131
-0.0147913892621
-0.0154843380438
-0.01585572332
-0.0170116821352
0.0
0.0
0.0
0.0
0.0
0.0
0.0
0.0
0.0
-0.0235741448307
-0.000321050541875
0.0122782054803
0.016988307317
0.017045585227
0.0171032503078
0.0172421898602
0.0173008760207
0.0173718283805
0.0173266921067
0.0173862728955
0.0174755139461
0.0174945681668
0.017567508919
0.0176411054433
0.0176780664741
0.0177525470423
0.0178151413095
0.0178654508804
0.0179415676787
0.0179797984796
0.0180568460215
0.0134591680526
0.0135173423199
0.0135637797695
0.0136227377799
0.0182131764703
0.0186785420462
0.0187480148408
0.0188180057531
0.0189198805058
0.0189595651664
0.0190483395356
0.0190888127648
0.0192540102973
0.0193422913797
0.0193866533273
0.0194761007507
0.0195664323729
0.0196118283179
0.0196102845466
0.0196869153834
0.0197485488491
0.0105463971868
0.0105796551556
0.0106299576859
0.0106550779374
0.0153415239671
0.0154029545428
0.0154773232433
0.0155398475145
0.0155902315361
0.0156536725036
0.0157304859908
0.0157821148217
0.0158471290072
0.0159430477235
0.0159655132166
0.0161380856044
0.0162193282116
0.0161673947539
0.0162493369989
0.0163183101458
0.0163738183374
0.0164438015339
0.0165002199066
0.0165712891402
0.0166574372564
0.0167152785062
0.00748512275227
0.00752450239165
0.00754046651011
0.0168418702052
0.0169165312633
0.0170070021497
0.0170678550862
0.0171445358027
0.0172063777651
0.0172999809429
0.0173787643076
0.0175347919959
0.0176153021516
0.0176369443867
0.017685081194
0.0177674127378
0.0178505755513
0.0179175556593
0.0180190672063
0.0181045420206
0.0182082515429
0.0182779449878
0.0183659622055
0.0184368691696
0.0185263589913
0.00933534418458
0.00937995648774
0.00943536674749
0.00946487744995
0.0187744821105
0.0188868883008
0.018981592245
0.0190580411482
0.0192665104043
0.019364588146
0.0194239149643
0.0195436644941
0.0196243201472
0.0196329446432
0.0197558720728
0.0198767160507
0.0200884055125
0.018222410874
0.0183020008342
0.0184026388868
0.0184838127192
0.00932216316659
0.0093570583968
0.00941624175926
0.00946934345565
0.0188292854734
0.0189366331401
0.0190233955369
0.0191550383402
0.0192215445114
0.0193559502757
0.0194693975389
0.019561116143
0.0197003237893
0.0198350618452
0.019912905889
0.0200329870753
0.0201784051544
0.020252120386
0.020401362005
0.0205529106973
0.0206293889
0.0207842558853
0.0209151941066
0.0210209593645
0.0211549021523
0.0212631082784
0.0121119859275
0.0121733810897
0.0122540781323
0.0215987359573
0.0217413331548
0.0218567716453
0.0220028023939
0.0220396522507
0.0229080630863
0.0230199059232
0.0232334736671
0.0233156614508
0.0235170658932
0.0237805378251
0.0239191433085
0.024094848577
0.0243092594871
0.0244541032927
0.0246377701109
0.0248619773786
0.0249754036831
0.0158459881953
0.0159514164186
0.0161010063258
0.0208134183181
0.0210109890108
0.0207318655965
0.0222600816536
0.0224096662639
0.0226550829808
0.0227925871809
0.0229889734625
0.0232293226558
0.0234433791289
0.0236921747154
0.0239037246993
0.0240754104672
-0.00472732586548
-0.0172321874905
-0.0228913399382
-0.0230499435714
-0.0186093713955
-0.0187548533908
-0.0189773868669
-0.0191669008033
-0.019321255788
-0.019517726728
-0.0197588244553
-0.019922888528
-0.0201318350475
-0.0203884218406
-0.0205191802593
-0.0208612959813
-0.0210148584706
-0.0211995841404
-0.0214842383041
-0.0216294469311
-0.0218261347468
-0.0235754750992
-0.0237486988091
-0.0333250105978
-0.0336414919463
-0.0201286624768
-0.0203872200003
-0.0205988915055
-0.0208697341929
-0.0209895785506
-0.0224184594831
-0.0226795997169
-0.0230393957288
-0.0233838484511
-0.0238112779658
-0.0241793360791
-0.0244817772222
-0.0249503092553
-0.00141218907984
0.0114641702054
0.00890836981852
0.0090864885611
0.00923631063479
0.00939142551163
0.0188815338476
0.0192471565321
0.0195499971757
0.0200225346229
0.0204340996797
0.0207757198564
0.021219126516
0.0217768146079
0.0220667801958
0.0227629219387
0.0234205276298
0.0237369046404
0.0244337381458
0.0250468692938
0.0255590623817
0.0262306147218
0.0267927906694
0.0276834724069
0.0284727094474
0.0291360304896
0.0301918934494
0.0311325838389
0.027291481515
0.0280264793784
0.0291774236036
0.039262677302
0.0403012350073
0.0466015145806
0.0431221077111
0.0452173222771
0.0471242435542
0.0487686892408
0.0514604558111
0.054026690899
0.0
0.0
0.0
0.0
0.0
0.0
0.0
-0.0183663849627
-0.0104926781482
-0.00608212622396
-0.00610265680348
-0.00612332643969
-0.00614413654999
-0.0061608867444
-0.00618618395942
-0.00628286458641
-0.0063130292721
-0.0063220306544
-0.00635674710162
-0.00638328404688
-0.00640558456044
-0.00642350745613
-0.00644607357566
-0.00647337999255
-0.00648709462865
-0.0065147332444
-0.0065379632118
-0.0065566355297
-0.0157514902358
-0.0158253608889
-0.0158538150221
-0.00663356571027
-0.006648014789
-0.00667710258075
-0.00670153753178
-0.00673109654785
-0.00675094782885
-0.00677592717275
-0.00689908354148
-0.0069145025327
-0.00694554817303
-0.00695447568719
-0.00699262998035
-0.00700721231429
-0.00704034143066
-0.00707252999075
-0.0070995995778
-0.00712136842398
-0.00715430376847
-0.00718200405928
-0.00711136811354
-0.00714464160783
-0.00717262907161
-0.00719513969008
-0.016496629872
-0.0165487728759
-0.016614399451
-0.00738680611909
-0.00741634447534
-0.007440145765
-0.00756276990529
-0.00759950040553
-0.00762418622369
-0.00765526990128
-0.00769290645471
-0.00771186382413
-0.00775006019163
-0.00776502536837
-0.00780805520796
-0.00784721272642
-0.00788016967564
-0.00790669076014
-0.00784718098025
-0.00787381717877
-0.00791411219013
-0.00794803293034
-0.00797533382707
-0.00800975680752
-0.00805148447519
-0.0080724726958
-0.0220369139744
-0.0221335039854
-0.0130592432108
-0.0131054225698
-0.0131636078169
-0.0132341153624
-0.0132815412697
-0.0133413035245
-0.0133895017272
-0.0134502411385
-0.0135238593857
-0.0135609713606
-0.0136358093595
-0.0136943178181
-0.0137496113121
-0.0137338270053
-0.0137981689339
-0.0138500296278
-0.0139286773545
-0.0139682632529
-0.0140482128292
-0.0141291325174
-0.0141698669259
-0.0143308711915
-0.0144144882708
-0.0237844330955
-0.0238370619579
-0.0239779766748
-0.0194561752282
-0.0195335242469
-0.0196507063623
-0.0197098255641
-0.0198291362001
-0.019929669282
-0.0197946303136
-0.019965963946
-0.020067011385
-0.0201943242217
-0.0202799665715
-0.0203881458181
-0.0205195736951
-0.0205858009434
-0.0206266436676
-0.0207391475449
-0.0208298847475
-0.0209445341152
-0.0210838745109
-0.0258082734236
-0.0259525684691
-0.0168342395481
-0.0169294834407
-0.0170991168359
-0.0171968511527
-0.017275845928
-0.0174784984311
-0.0178455802826
-0.0179699239876
-0.0180613274214
-0.0181662258953
-0.018277144883
-0.0184121307304
-0.0184802464381
-0.0186181710097
-0.0188271836751
-0.0189218279334
-0.0190657242259
-0.0191874089769
-0.0192857145574
-0.0286493448225
-0.028889648939
-0.028985249909
-0.0198867816804
-0.0200181182527
-0.0201244414912
-0.0202860581651
-0.0204227322827
-0.0205334028939
-0.0210863934248
-0.021602809997
-0.0217744802789
-0.0219314044739
-0.0220583660107
-0.0222517648769
-0.0224156582011
-0.022514958861
-0.0227164698096
-0.0228872944059
-0.0230255795859
-0.0232363606726
-0.0325957235611
-0.0327795785034
-0.0330344446921
-0.0240633736265
0.000298780005222
0.0130819338639
0.0141741004907
0.0142681974972
0.0143875891565
0.0144845496764
0.0145564710354
0.0147570993237
0.0149279077352
0.0149886781953
0.0151472199831
0.0152276043889
0.0153911624044
0.0155302707429
0.0156431897581
0.0158158402322
0.0159627612075
0.0160820756951
0.00688672842028
0.00694837031429
0.00701901217108
0.00708709509883
0.0164570273477
0.0166197522505
0.0167522654535
0.0170133937182
0.0171515152928
0.0173629502441
0.0175431653864
0.0175964569317
0.0177825626863
0.0180284226189
0.0181277286707
0.0183653212137
0.0186094080121
0.018733646448
0.0189874790782
0.0192044769042
0.0193813767713
0.0196531702598
0.0198857233948
0.0200754412913
0.0203179611008
0.0112398016061
0.0113681764457
0.0115103796302
0.0116686328862
0.0256567838185
0.0259886336726
0.0263291605938
0.00574821389428
-0.00268330940444
-0.00319913554863
-0.00323608500281
-0.00326634020712
-0.00332237446077
-0.00338253944134
-0.00343440575996
-0.00347698625275
-0.00353177152003
-0.00358835338366
-0.00363486246057
-0.00370699949079
-0.0037693845449
-0.00382073807492
-0.00380650458775
-0.00384661626559
-0.0179536206336
-0.0182974108185
-0.0185500607743
-0.00949524410696
-0.00967721607319
-0.00982789208621
-0.0101159439382
-0.0103627558892
-0.0106219080393
-0.0107564044524
-0.0110358766672
-0.0112303983147
-0.0114834067025
-0.011730926623
-0.0119685891941
-0.0123155880004
-0.0126207272593
-0.0128755057459
-0.0132779360608
-0.0136332833623
-0.0139310382006
-0.0143223950002
-0.0147366752386
-0.0150851552817
-0.0156404214374
-0.0207922816195
-0.021512307595
-0.0219259409691
-0.0132917937799
-0.0136701151188
-0.0141743984974
-0.0149223850764
-0.0153977523662
-0.0160362807482
-0.0168760115003
-0.0173297091103
0.0
0.0
0.0
0.0
0.0
0.0
0.0
0.0
0.0
0.0
-0.0324678001225
-0.00476764155315
0.00736851595815
0.0117190222365
0.0117585706972
0.0117983868694
0.0118304343902
0.0118707393381
0.0119194691035
0.0120365446577
0.011993279822
0.012060204631
0.0120680478671
0.0121184131219
0.0121607062648
0.0121947538178
0.0122461839515
0.0122894069041
0.0123241473014
0.0123678905161
0.0124208266269
0.012447415452
0.00321452488312
0.00320891782059
0.00323538318858
0.0125113454153
0.0125568177839
0.0125934342355
0.0127322592407
0.0127884004629
0.0128166570442
0.0127806716099
0.0128281213303
0.0128663353979
0.0129240850685
0.0129531545899
0.0130116875186
0.0130707515496
0.0131204194744
0.0131603594096
0.0132106741815
0.0132715995761
0.0133022164341
0.0133639522734
0.0134263021461
0.0134576373594
0.013520826801
0.00428189306629
0.00431259986239
0.00440851281524
0.00443620674496
0.0137328682725
0.0137877617025
0.0137390913601
0.0137944069556
0.0138613761021
0.0138951049549
0.0139630571854
0.0140316768728
0.0140662400916
0.0141358795169
0.0142116300086
0.0142416545244
0.0143010967566
0.0143731300342
0.014421481471
0.0144824365643
0.0145563116679
0.0145934632663
0.0146558829654
0.0148243284414
0.0149012518423
0.0149399414975
0.00574072499856
0.00574866503905
0.00578605999047
0.00572356588625
0.0103765246655
0.0104318505212
0.0104784079248
0.0105159540224
0.010563266586
0.0106206064668
0.0106591800184
0.0107077926294
0.0107667160584
0.0107964215063
0.0108563266553
0.0109341021404
0.0109474567982
0.0109987396033
0.0111326512286
0.011195822222
0.0112597536101
0.0112919338959
0.0113569299868
0.0113189153705
0.0113848015205
0.0114290845127
0.00219142502459
0.00218717106776
0.00221085483023
0.0114860512883
0.0115202896988
0.0115893822814
0.011647595411
0.0116945884834
0.0117657930838
0.0118257956782
0.0118742399909
0.011947654904
0.0120095307213
0.012059494454
0.0121225364995
0.0122162531961
0.0123563316732
0.012408779863
0.0124750803279
0.0125285431093
0.0125960820276
0.0125851150786
0.012639980698
0.0127092387712
0.0127934086894
0.0128358339108
0.00360179889538
0.00362195872669
0.00362927131942
0.0129293722168
0.0130175726777
0.0130770441928
0.0131521516914
0.0132434267668
0.0133049835024
0.013382738365
0.0134614068299
0.0135250102607
0.01360536426
0.0137202552662
0.0138020996107
0.0138516264329
0.0139529013946
0.0140384984771
0.0141076195854
0.0141950649617
0.0143015063138
0.0143732464534
0.0144640240797
0.0145745500582
0.0146303445465
0.00546018618183
0.00547835286242
0.00552411246028
0.00556029074654
0.0102302073759
0.0103116088808
0.010380439277
0.0104361685092
0.0105994276342
0.0106860617669
0.0107446086452
0.0108187002718
0.0108156605056
0.0108609708578
0.0109527396082
0.0110476267726
0.0111252044401
0.0111730903782
0.0112702302035
0.0113691347922
0.0114191474452
0.0115206936403
0.0116066512641
0.0116762810635
0.0117645839162
0.0118361932345
0.0026302797992
0.00273011315467
0.00276433573244
0.0119531962926
0.0120664645422
0.0121239071038
0.0122404479184
0.0123592498343
0.0124195193588
0.012521284824
0.0126456254786
0.0127298995943
0.0128368342207
0.0129847580901
0.0130561819586
0.0131686894387
0.0133062832718
0.0134232466395
0.0135181478709
0.0136388873282
0.0137368678086
0.0138614562352
0.0140140715955
0.0140915011962
-0.0236572269636
-0.0309707251029
-0.0193780751712
-0.0103864191638
-0.00559503469939
-0.00564027576301
-0.00569786634462
-0.00574479246024
-0.00581664886435
-0.00587791665329
-0.00592786796937
-0.00599151374501
-0.00605257324801
-0.00612295736675
-0.00619088519044
-0.00626038888687
-0.00634581699
-0.00640402156194
-0.00657128698527
-0.0066641787347
-0.00671152783647
-0.00680839471334
-0.00679762859299
-0.0068644183673
-0.0162197867673
-0.0163824838625
-0.0166326701107
-0.0121455794244
-0.0122719928724
-0.0124337570581
-0.0126335908415
-0.0127704186373
-0.012945676124
-0.0131624374299
-0.0132735615478
-0.0135015320322
-0.0137374650952
-0.01385854912
-0.0140651668805
-0.0143213830371
-0.0145872673597
-0.01472368828
-0.0150046788868
-0.0152473390947
-0.0154468505278
-0.0157963670324
-0.0161184653526
-0.0163402416764
-0.0166264563623
-0.016769502745
-0.0217074431117
-0.0222052332566
-0.0131719587269
-0.013422420385
-0.0137358328894
-0.0137775933582
-0.0155136921214
-0.0157931688609
-0.0162318574303
-0.016553855799
-0.0170335056861
-0.0173608482182
-0.017711065808
-0.0181696355003
-0.0186529222263
-0.0190577518301
-0.0196996241561
-0.0202688876696
-0.0207476946972
-0.0215105444687
-0.0221909070234
-0.0318834156387
-0.0329436055073
-0.0343300030077
-0.0302374978688
-0.0315725756756
-0.0330305520272
-0.033811034614
-0.03548765966
-0.0370167452568
-0.0390341481963
-0.0401271712686
0.0
0.0
0.0
0.0
0.0
0.0
0.0
0.0
0.0
0.00449877137905
0.0166348788603
0.0215240665262
0.0215820985028
0.0216697346743
0.021806314961
0.0218954013242
0.0219701970062
0.0220304018768
0.0221061227772
0.0222148724097
0.0222437499952
0.0223364479417
0.0224299784511
0.0224769502341
0.0225716029081
0.0226351480686
0.0226221503216
0.00777843528186
-0.00102331245175
-0.00571552440171
0.00356020864537
0.00348294723122
0.00349056608863
0.00350590423511
0.00361413058224
0.00362212375004
0.00363821662048
0.0036517369825
0.00366262583667
0.00367908141713
0.00371008019921
0.00370405674791
0.00371807168775
0.0037350408522
0.00374356779289
0.00376076034121
0.00377521930307
0.00378684729507
0.00380444058348
0.00381923801451
0.00382815416552
0.00384613425423
0.0037713310359
-0.000843465495002
-0.000847472559658
0.00850633195427
0.00852666414992
0.00856762146436
0.00860205426309
0.00862980036812
0.00867175668254
0.00870703310824
0.00873546151629
0.00877125908201
0.00881460525527
0.00883643935592
0.00888043351226
0.00891000704224
0.0089472520504
0.00899238714137
0.00902268398714
0.00906087880537
0.00910717022332
0.00905336443796
0.00908438939216
0.00912350721218
0.00917092489578
0.00919477463565
6.33458416357e-05
4.64967502226e-05
6.38318668781e-05
0.00932835656927
0.00936140130967
0.00940303782771
0.00945349301897
0.00947892415149
0.00953019899206
0.00957335356642
0.00960815955678
0.00966084554051
0.00970519379317
0.00974096651178
0.0097860548028
0.00982242699939
0.00986827415292
0.00983115765685
0.00986817912651
0.00991489327604
0.00997153719828
0.0101119077703
0.0101507169097
0.0102095470395
0.0102591323099
0.0102990815954
0.00104997090711
0.00107028089688
0.00107662596752
0.0103635171048
0.0104047949815
0.0104568568763
0.0105200227703
0.0105625588811
0.0106162150135
0.0106813260848
0.0107141819313
0.0107805035336
0.0108364017516
0.0108815392032
0.0108456386591
0.0109313753515
0.0109487866169
0.0110186485006
0.0111704160538
0.0112183470698
0.0112788985587
0.011352428431
0.0114269692146
0.011464537803
0.0115405151285
0.0116046505204
0.00701953511807
0.00706681831931
0.0163629194751
0.0164370379252
0.0165306347552
0.0166443663681
0.0167018205192
0.0168179259233
0.0168962296614
0.0169951397369
0.0171153697624
0.0171761243325
0.0172060868333
0.0173472219056
0.0173926413609
0.0176116879382
0.0177192600854
0.0178061218991
0.0179160872469
0.0180048922772
0.0181398870815
0.0184964106885
0.0144554650309
0.023793768479
0.0239823244981
0.0241096943917
0.0241774807335
0.024372933798
0.0244718478405
0.0142181004891
0.00143150397621
0.00112352846337
0.00111267317442
0.00112067496448
0.00112714887081
0.00113701041654
0.00114705229767
0.00115213058525
0.00116070573633
0.00117116592984
0.00118003448355
0.0011872145618
0.00119816025299
-0.00810448108065
-0.00804455470364
-0.0034646590515
-0.00348650753306
-0.00360723690285
-0.00364195981656
-0.00365957315422
-0.00369531589055
-0.00373176367348
-0.00375025850856
-0.0037878036272
-0.00381967028601
-0.00384555226408
-0.00388503971845
-0.00390138632614
-0.0039457553317
-0.00398034760747
-0.00402266743814
0.000569835641475
-0.00408369110509
-0.00412829517934
-0.0041662447163
-0.00410399621111
-0.00414235590247
-0.00417351141976
-0.00430624789027
-0.0136828068735
-0.00916981460637
-0.00924132629605
-0.0093507093164
-0.00944385894901
-0.00951972521494
-0.00961628902487
-0.00973478252407
-0.00979513078683
-0.00991809943734
-0.0100018077295
-0.0101084506205
-0.0102223354778
-0.0103340966256
-0.0104423946387
-0.0105586917908
-0.0107018022611
-0.010799231307
-0.0109236566173
-0.0110768990994
-0.0110616575544
-0.0113133220984
-0.0114500587224
-0.01156166189
-0.0117043954777
-0.021132160843
-0.0212743652772
-0.0122341122843
-0.0124242614992
-0.0125215688664
-0.012720826588
-0.0128228513402
-0.0130318877038
-0.0132478483753
-0.0133585336764
-0.013585543775
-0.0137806935348
-0.0139408943122
-0.0141464569339
-0.014401272887
-0.0146208462727
-0.0148011207663
-0.0150802821605
-0.0152723099456
-0.0155193275676
-0.0157746527595
-0.0159830033703
-0.0163083639621
-0.0165905455188
-0.0168230201741
-0.0171232127743
-0.0267830218523
-0.0271601929175
-0.0181984004356
-0.0186163383045
-0.0190927881417
-0.0215042164492
-0.0218893308298
-0.0224935355946
-0.0229007403957
-0.0235600331835
-0.0241395369542
-0.0246232123715
-0.0252563063766
-0.0259657679336
-0.00213866297526
0.00601548127283
0.00806280990909
0.00350077895097
0.00362453129037
0.00374204206703
0.0131123649047
0.0135939307984
0.0140054053853
0.0146715100449
0.0151815254404
0.0156997593105
0.0163994773615
0.0170057750227
0.0
0.0
0.0
0.0
0.0
0.0
0.0
0.0
0.0
0.00051377879774
0.012742443037
0.0182239096925
0.0182730548074
0.0183472709387
0.00772393517602
-0.00496844442198
-0.00542223475459
-0.00545447554183
-0.00547344403205
-0.0054963953073
-0.00551177953378
-0.0055311637537
-0.00554674348326
-0.00556636023145
-0.00559009896302
-0.00560601291219
-0.00553323698872
-0.0148345042541
-0.0148492688546
-0.014913587011
-0.0104160447242
-0.0104463131357
-0.0104920469202
-0.0105304653098
-0.0105614031146
-0.0106003318551
-0.0106474266961
-0.0106790563395
-0.0107188585414
-0.0107509144813
-0.0107860351165
-0.0108176692294
-0.0108675784846
-0.0109088206472
-0.0109503768797
-0.0110006952403
-0.0109417192033
-0.0109838820445
-0.0110349398605
-0.0110605993967
-0.0111123422131
-0.011248709742
-0.0112840061767
-0.0159634267857
-0.016056431412
-0.016090184057
-0.0115010045663
-0.0115562704247
-0.0115841029226
-0.0116401718809
-0.0116873121178
-0.0117252999836
-0.0117827468654
-0.0118116818188
-0.0118699799655
-0.0119190029639
-0.0119612186492
-0.0120082720714
-0.0119757879485
-0.0120362238506
-0.0120666144849
-0.0121279344095
-0.0122722469625
-0.0123141032442
-0.0123668757213
-0.0124308422236
-0.0124737886545
-0.0125279409761
-0.0125826059493
-0.0172481534253
-0.0173391318811
-0.00813609091021
-0.00816491462802
-0.00820123268382
-0.00824524302232
-0.00826742575794
-0.00831215116278
-0.00835736300203
-0.00838015382065
-0.00842611032344
-0.00845702898007
-0.0084959977802
-0.00854323699574
-0.00856583756802
-0.00861508415784
-0.00865552554208
-0.00870458955907
-0.00873755786964
-0.00877919073762
-0.00881272751145
-0.00886356310644
-0.00890640804429
-0.00894092546092
-0.00898449076547
-0.0183099092318
-0.018346585492
-0.01845529574
-0.0138963893634
-0.0139517610248
-0.0140356503311
-0.0141063320873
-0.0141633917858
-0.0142353684113
-0.0143227112807
-0.0142885571308
-0.0143622920284
-0.0144517839973
-0.0145894404842
-0.0146812030416
-0.0147414010315
-0.0148209938823
-0.0149156997644
-0.0149956096625
-0.0150600482233
-0.0151579023916
-0.0152072157367
-0.0153069345706
-0.0153910999854
-0.0154589873199
-0.0155447725785
-0.0249163820041
-0.0250733475396
-0.0251690601014
-0.0159873320612
-0.0160966976531
-0.0161704424091
-0.0162635782019
-0.0162835040837
-0.0163403642523
-0.0164552831948
-0.0165718285247
-0.0166307219027
-0.0167497722614
-0.0169025804366
-0.0170248857431
-0.0171490285332
-0.0172116745453
-0.0173385062331
-0.01744571447
-0.0175322941569
-0.0176418356606
-0.0177751870139
-0.0178424953923
-0.017978821117
-0.0180011187184
-0.0180937843883
-0.0275232385336
-0.0277026850747
-0.0185959771561
-0.0186695383621
-0.018911056876
-0.0190375648458
-0.0191776554942
-0.0195316395085
-0.0197343437411
-0.0198852745825
-0.0200159925891
-0.0201598618886
-0.0203353643357
-0.0204240995166
-0.0206041346488
-0.0207567168078
-0.0208802096141
-0.021068400724
-0.0212279527921
-0.0212641583314
-0.0214272867064
-0.03093154643
-0.0310582286266
-0.0220368746859
-0.0221757218627
-0.0223517567501
-0.0225667169804
-0.0228417521344
0.00167211980754
0.00954642726004
0.0112824933453
0.0113425973745
0.0114407353751
0.0115204764416
0.0117352826335
0.0118395974023
0.0119242510701
0.0120318856583
0.0121637211991
0.0122530884753
0.0123667666957
0.0124826595228
0.0032888924311
0.0033264928399
0.00334130115662
0.00338446698611
0.00795357492134
0.0080162785718
0.00811220958988
0.00819392328334
0.00827729954476
0.00834523197239
0.00844924690034
0.00850223256032
0.00861022236478
0.0088306473312
0.00892619118
0.00898689597909
0.00908621768433
0.00920845483955
0.00927067882447
0.00939784264422
0.00950658885155
0.00959526480197
0.00973155166128
0.00984820335687
0.00994339665312
0.0100651211168
0.00552467222294
0.00559738627703
0.00566843854722
0.00564518913095
0.0103552117776
0.0105189497815
0.0106027753193
0.0107744977894
0.0109518720323
0.01104276645
0.0112291560117
0.0113893535984
0.0115208392034
0.0117238573323
0.0119919749076
0.0121906798022
0.0123226297643
0.0125533064753
0.0127523850884
0.0129159735362
0.0131268110653
0.0133002064629
0.0135693113368
0.0138021967065
0.0139940122924
0.0142416401439
0.00508338593052
0.00517512011867
0.00527149684562
0.0145425114945
0.0147099377838
0.0150566194695
0.0153582438393
0.0156083789352
0.015999227986
0.0163401935187
0.0166236014356
0.0169919790885
0.0174734642844
0.0176978661546
0.0182954660651
0.0188491862996
0.0191119502447
0.0196978853664
0.020214683546
0.0206472997909
0.0209975314817
0.0199964969891
0.0205460884207
0.0213833645155
0.0268696826736
0.00515901861578
-0.00790393928407
0.0
0.0
0.0
0.0
0.0
0.0
0.0
0.0
0.0
0.0
0.0
0.0
0.0
0.0
0.0
0.0
0.0
0.0
0.00192836200288
-0.00557551032338
-0.00934143662724
-0.00936675345304
-0.00940498696462
-0.00942422097258
-0.00946292589918
-0.00950194996143
-0.00952158290406
-0.00956109307548
-0.00961144912753
-0.0096209887919
-0.00956174380924
-0.00960200162551
-0.00962222029405
-0.00966296462355
-0.00970408085792
-0.00972473203005
-0.00976635073846
-0.00989416945293
-0.00992255432909
-0.00995829843818
-0.00071667330091
-0.000718727602261
-0.00536668414877
-0.00538628000741
-0.00540206002132
-0.00542590415381
-0.00544593563387
-0.00546206761475
-0.00548236747581
-0.00550692735555
-0.00552756262592
-0.00554418251142
-0.00556509842897
-0.00560759489236
-0.005510334764
-0.00553556598987
-0.00555678495193
-0.00557384902175
-0.00559968257286
-0.00561266520379
-0.00563884437804
-0.0056608639912
-0.00567857422033
-0.00579811624874
-0.00582102572513
0.00343731908108
0.0034283006387
-0.00582226568541
-0.00584558489526
-0.00586437517271
-0.00589278816105
-0.00590709814009
-0.00593592759259
-0.00596016794951
-0.00597970323041
-0.00600924742044
-0.00603409148418
-0.00605411511472
-0.00598663933296
-0.00603388935373
-0.00603693001394
-0.00606239355638
-0.00608291955724
-0.00610877332459
-0.00614010883377
-0.00616645201217
-0.0061876701002
-0.00621442380453
-0.00624685531054
-0.00626863122868
-0.00629609107979
0.00297391195306
0.00296456621394
-0.00639587510268
-0.00642434089633
-0.00644729659349
-0.00648203935216
-0.00651127893092
-0.00653486118481
-0.00657055655364
-0.00660060189785
-0.00662483671121
-0.00665538160336
-0.00658714531757
-0.00661777023692
-0.00667207693139
-0.00667989839611
-0.00671139375978
-0.00674958240508
-0.00678176374008
-0.00680768713023
-0.00684040181745
-0.0068801014734
-0.00699953831629
-0.00703369183347
-0.0070612094066
-0.00710293067518
0.0021686958276
0.00216008433376
-0.00712324434025
-0.00707337724068
-0.00710185598086
-0.00713777846626
-0.00718136799088
-0.00720336297733
-0.00724775956663
-0.0072776625275
-0.00731538995613
-0.00736118233883
-0.00738429415252
-0.0074309557678
-0.00747031138569
-0.00751809937687
-0.00764281046243
-0.00768392159962
-0.00773387348526
-0.00775904686247
-0.00780998331624
-0.00783565532051
-0.00788757345329
-0.00793139957475
-0.00787371250573
0.00134635389571
0.00137113727358
-0.00790565876859
-0.00795065118816
-0.0080053225932
-0.00804218974134
-0.00808875385931
-0.00812639510725
-0.00818351831811
-0.00822900874949
-0.00828760812321
-0.00831722182473
-0.00837708855319
-0.00844482581104
-0.00846854253232
-0.00861285744146
-0.00858343723116
-0.00862580593371
-0.00867940848534
-0.00874465788997
-0.0087775904497
-0.00884428819415
-0.00890069071762
-0.00894625676209
-0.0090155518261
-0.00907416653138
0.000154588456597
0.00015560332505
-0.00913207685895
-0.00916842924181
-0.00924200898498
-0.00929172160264
-0.00935461931965
-0.00943122948273
-0.00949603611805
-0.00954852603598
-0.0095221836636
-0.00969512002402
-0.00974984249817
-0.00981912009749
-0.00992078174654
-0.00996069520122
-0.0100330116541
-0.0101212441343
-0.0101658615504
-0.0102563994313
-0.0103331456131
-0.0103952698675
-0.0104635262378
-0.0105273564071
-0.0106245747743
-0.0107070333771
-0.00611886072686
-0.0061669545602
-0.0155387345066
-0.0156129217653
-0.0157634401896
-0.0159168866077
-0.015994734621
-0.0160592177926
-0.0161925098692
-0.0164477760647
-0.0165309243866
-0.0166997664868
-0.0168431230335
-0.0169595907669
-0.0171373413047
-0.017613440769
-0.0185428220044
-0.018680932875
-0.0188567842077
-0.0189996239772
-0.0193652818582
-0.0081537828394
-0.00823705055808
-0.00832203611832
-0.00837387426535
-0.0082099722561
-0.0086161404339
-0.00869374574282
-0.00881292206624
-0.00887374364155
-0.00899793988847
-0.00910412301365
-0.00923497932765
-0.00930170322632
-0.00943825627381
-0.00957896529935
-0.00965077022445
-0.00044471442986
-0.000450553314206
-0.00978350243339
-0.00993768734739
-0.0100166161018
-0.0101782943058
-0.0103170660485
-0.0104308370187
-0.0106062756001
-0.010757044837
-0.0107563616823
-0.0109446546275
-0.0112330660804
-0.0113340301184
-0.0115415003972
-0.0117568934462
-0.0118673971038
-0.01209503914
-0.0122916651291
-0.012453353688
-0.0126617394032
-0.0129213549123
-0.0131001449253
-0.0133309261346
-0.0135214856844
-0.013817757135
-0.00467261766664
-0.0047602740384
-0.0142033857679
-0.0145364762818
-0.0148855532474
-0.0150664503978
-0.0154417528153
-0.0157690784196
-0.0160410940429
-0.0163737933358
-0.0165941573349
-0.0170531544455
-0.0174554863429
-0.0177912685254
-0.0183213330494
-0.018879781644
-0.0192707458779
-0.0197832839765
-0.0204358691822
-0.020777908952
-0.0214983937103
-0.0222710492751
-0.0226777808756
-0.023539073082
-0.0241495186062
-0.0249592725023
-0.0162872160522
-0.0257979780691
-0.0124155741592
0.000933028777644
0.00264493679469
0.0028406651713
0.0
0.0
0.0
0.0
0.0
0.0
0.0
-0.0024256425303
-0.00992975895513
-0.0133132051515
-0.0133402612705
-0.0133947045725
-0.0134312475115
-0.0134772073691
-0.0135327758471
-0.0135700766204
-0.0136169925278
-0.0136909181737
-0.0137949509152
-0.0138527814671
-0.013901381165
-0.0139404415926
-0.0139064977168
-0.0139558036251
-0.0139954342957
-0.0140453364755
-0.0141057279803
-0.0141564206894
-0.0141971998473
-0.00958072474554
-0.00962571574995
-0.0189519523908
-0.0190211615652
-0.0190768934791
-0.0191470187687
-0.0192318518268
-0.0192888255484
-0.0193605185785
-0.019418257386
-0.0192201389195
-0.0195313960964
-0.0195912377595
-0.0196666830403
-0.0197579190272
-0.0198191571822
-0.0198963692508
-0.0199897509976
-0.0200367126939
-0.0201314766074
-0.0201950528626
-0.015627669308
-0.0156852490419
-0.0203732563961
-0.0204713250429
-0.0205537720205
-0.020620208629
-0.0207206716162
-0.020897613346
-0.0209659868105
-0.0210520844778
-0.0211388911439
-0.0212088528517
-0.0213146667411
-0.0213279556889
-0.0213821837556
-0.0214902055195
-0.0215810596376
-0.0216727522353
-0.0217465447427
-0.0218582831088
-0.0219334144604
-0.022028056924
-0.0221235894335
-0.022200484347
-0.0223169410225
-0.0224149970577
-0.0180332667347
-0.00730337563289
0.00613061859559
0.00722969194419
0.00725606997749
0.00738857537198
0.0074294588586
0.00745007070818
0.00749163936379
0.00750948160171
0.00746215639457
0.00749733656777
0.00752567291748
0.00756142922696
0.00760481472169
0.00763397074938
0.007670765877
0.00771541858942
0.00774543037515
0.00778331024897
0.00782928650957
0.00785243581164
0.0171739594394
0.0126003541329
0.0127434545734
0.0128074881744
0.0128851826215
0.0129243842158
0.013003506981
0.0130701860321
0.0131511086212
0.0131919466341
0.0132743878545
0.0133438796471
0.0133999988333
0.0133779323005
0.0134633648119
0.0135208390285
0.0135934427672
0.0136816573433
0.0137261123645
0.0138160059774
0.0139692845615
0.0140462772079
0.0141398535346
0.0142028352714
0.0142824294868
0.0143629802283
0.00977660556474
0.00984337379468
0.00989971439328
0.00996818005883
0.0100143522132
0.0100726722089
0.010143558844
0.0101793775043
0.0102517788496
0.0102196973107
0.0102686777963
0.0103305673876
0.0103886825701
0.0104438686377
0.0106138090031
0.0106661340571
0.0107323318167
0.0108129115968
0.0108535810322
0.0109359468127
0.011005597525
0.0110618654869
0.0111474340151
0.0112198124715
0.0112782970625
0.0206016698277
0.011448886774
0.0114317768202
0.0114928533095
0.0115701224399
0.0116642274081
0.0117278187449
0.0118082892185
0.0118734647089
0.0119559523738
0.0121491954235
0.012217667232
0.0123043494955
0.0123922700047
0.0124635157774
0.0125719329482
0.0126637997261
0.012738140155
0.0128323894435
0.0129474167018
0.0130251325895
0.0131236906113
0.0132440209118
0.0133566132418
0.0133464151526
0.0134505511006
0.0135495372606
0.0136136691341
0.0137437704152
0.0138541017281
0.013943649624
0.0140801618077
0.0142886927528
0.0143833388503
0.0145034231784
0.0146501960436
0.0147247013354
0.0148760070402
0.0150044892005
0.0151088828933
0.0152415330986
0.0153491599333
0.0155136324276
0.0155167109896
0.016516352276
0.0166738055367
0.0168345273004
0.0169651310928
0.0171005908663
0.0173033112389
0.0174411469146
0.0176165574482
0.0177594442032
0.018034185696
0.0182585867522
0.0184498934294
0.0186058462477
0.0188045300365
0.0190486176933
0.0192148895693
0.0194268513291
0.0196875776917
0.0198203512975
0.0199977327243
0.0202286549514
0.0204169458176
0.0207063100561
0.0209539638153
0.0211560463931
0.021345556744
0.0228554006489
0.0230969004369
0.0234060350261
0.0237880772482
0.024049763664
0.0243850649718
0.0247999525023
0.02501272487
0.0102562688803
-0.00280812798338
-0.00346426267853
-0.00349779399712
-0.00356692942692
-0.00360253219625
-0.0036759132514
-0.00373943491854
-0.00388427487114
-0.00396763655683
-0.00403994205671
-0.00409961080617
0.00520730982456
-0.00395739739972
-0.00401885373703
-0.00409841135265
-0.00419813923386
-0.0042498455129
-0.00426278991168
-0.00435442850128
-0.0044306256048
-0.00452970564717
-0.00465461196583
-0.00474178120775
-0.00485544359791
-0.00499924337538
-0.00507455720063
-0.00523183247933
-0.00537064449143
-0.00548691378051
-0.00567124921294
-0.00583471933401
-0.00597220501525
-0.00615362210256
-0.00638656896647
-0.00650955017403
-0.0067706238649
0.00238832472087
0.00234541807722
-0.00696860689649
-0.00723334078978
-0.00746006133976
-0.00776425933411
-0.00802607826551
-0.00845367036827
-0.00875294329191
0.0
0.0
0.0
0.0
0.0
0.0
0.0
0.0
0.0
0.0
0.0
0.0
0.011285017974
-0.000943468792894
-0.0211573887904
-0.0212146671293
-0.0213011676373
-0.0213446825566
-0.0214322471383
-0.0215057674845
-0.0215649473734
-0.0217318740166
-0.02182231402
-0.0218829321302
-0.0219592502049
-0.022051593635
-0.0223377342942
-0.0228728689333
-0.0229386370531
-0.0184015369479
-0.0277258077707
-0.0124576591171
-0.00291757449406
-0.00241316687368
-0.00242036498691
-0.00242942324014
-0.00243671880531
-0.00244774468045
-0.00247418014871
-0.00246448489342
-0.00247387697956
-0.00248524240861
-0.00258742403758
-0.00259539628711
-0.00260544029216
-0.00261760373406
-0.00253295616833
-0.00254287359965
-0.00255086363483
-0.00256092206553
-0.00257310494158
0.00669971659752
0.00207685764716
0.00208683838943
0.00209186481999
0.00210029622849
0.00211050406955
0.0021173645998
0.00212600323985
0.00213646311057
0.00214173173721
0.0021523473319
0.00216306868254
0.00217027578596
0.00217935929323
0.0021903521211
0.00219588336697
0.0022070439479
0.0022164384483
0.00213117988984
0.00223509261478
0.00224472930666
0.00225248570413
0.00226423956113
0.00227015161171
0.00228208363555
0.00229213069801
-0.00234397831147
-0.00235435870003
-0.002366937173
-0.00237327694516
-0.00238605892167
-0.00239681621479
-0.00240549213803
-0.00241862443171
-0.00242967803932
-0.00243859393574
-0.00244983124671
-0.00246345348379
-0.00239942771267
-0.00248378121661
-0.00249544145892
-0.00250958786019
-0.00251909348734
-0.00253109736404
-0.00254076694405
-0.00255296967189
-0.00256777775528
-0.0025777301719
-0.00259029140417
-0.00260553689243
-0.00261578473886
0.00663810283264
0.00204110086461
0.00204720244221
0.00205951569286
0.00206780714582
0.0020782658189
0.00218357787844
0.00219026522199
0.00220376354685
0.00221513989839
0.00222894752453
0.00223824863614
0.00224998475591
0.00216650376844
0.00218028001462
0.00219190341846
0.00220127604069
0.00221311616964
0.00222750248122
0.00223475250769
0.00224941329963
0.00226178758917
0.00227176874143
0.00228692087381
0.00229971243715
0.0023100318741
0.00696432929243
0.00234940428742
0.00235743565884
0.00237366426268
0.00238735976079
0.00240400442147
0.00241241408947
0.00242941117744
0.0023509787324
0.0023621393788
0.00237908045288
0.00238764244117
0.0024049526352
0.00242252661853
0.00243139374507
0.00244934650944
0.00246452222596
0.00247677830727
0.00258848540019
0.00260482648345
0.00262469536158
0.00263473143758
0.00265507357139
0.00266878909102
0.00268615024051
0.0119851555656
0.00263029853955
0.00265118441519
0.00266884436645
0.00268314262633
0.00270123234312
0.00272326459766
0.00273815352434
0.00275699519644
0.00277995032683
0.00279546729102
0.00281510879677
0.00283502825839
0.00285116794334
0.00296887365988
0.00298600318188
0.00300771532431
0.0030341903429
0.00296366683292
0.00298127446983
0.00300360126517
0.0030308558089
0.00304464370218
0.00307263417008
0.00309158215402
0.00311559830663
0.0124214098691
0.00782353603915
0.00789802214748
0.00815233099567
0.00823846212054
0.00829400865003
0.00837874689177
0.00843620737178
0.00850915062955
0.00859839031678
0.00864364648815
0.00873571781502
0.00881401381077
0.00887756131046
0.00897438264358
0.00905703432685
0.00912414677222
0.00922679693304
0.00931418462201
0.00938517593703
0.00947553559358
0.0188850891801
0.0096780572548
0.00977362677673
0.00987110198449
0.00995049284385
0.0100720020185
0.0101634305428
0.0109901767597
0.0111793032555
0.0108785942336
0.0114958226037
0.0116061217022
0.0117472448129
0.0118624432225
0.0120097945939
0.0121609642822
0.0122844583213
0.0124343126201
0.0126288305304
0.0127283884774
0.0130250778577
0.013201297432
0.0134191550766
0.0135308011324
0.0137597573268
0.0139565538701
0.0141180884213
0.0143675203369
0.0146584925087
0.0158588387679
0.0159723894769
0.0162381711766
0.0164568752828
0.0167389398824
0.0170906575961
0.0173330758999
0.0176462294828
0.0180375116263
0.0182738081218
0.018550913243
0.0189093270484
0.0193581157874
0.0195905844556
0.0200726613223
0.0204928695431
0.0208419008396
0.0213882902214
0.0219584443699
0.0223578506965
0.0228779804331
0.00381513017748
-0.00841476852162
-0.00997741995301
-0.0102014537352
-0.010557587799
-0.0108087508702
-0.0111403343596
-0.0114931663719
-0.0117914235621
-0.00292298405762
-0.00300725250789
-0.0122593484897
-0.012710017646
-0.0134308982865
0.0
0.0
0.0
0.0
0.0
0.0
0.0
0.0
-0.00242561133056
-0.0147474686381
-0.0185948962657
-0.0186453029163
-0.0187086963958
-0.0186669516969
-0.0187308086123
-0.0187951034082
-0.0188468575503
-0.0189250247162
-0.0190078521611
-0.019136147738
-0.0192163433074
-0.0192837376696
-0.0193243209073
-0.0194061028215
-0.0194886301839
-0.0195300802463
-0.0196136145522
-0.0196838257836
-0.0197402627861
-0.0198256063433
-0.0152446017852
-0.0152888221499
-0.02461772297
-0.0246325928913
-0.0246866570828
-0.0247954991262
-0.02488693518
-0.0249605700007
-0.0250532272867
-0.0251653262394
-0.00988994421248
-0.000994936999596
-0.000638502403589
-0.000733098107994
-0.000736491838626
-0.000738197342532
-0.000741636425657
-0.000745109856638
-0.000746855555015
-0.000750378161282
-0.000752741420082
-0.000755719279442
0.0085202249065
-0.000716863037203
-0.000719155350451
-0.000722041440706
-0.000725535474358
-0.000727883677555
-0.000730840393296
-0.000734420314876
-0.00073622345975
-0.000739856442956
-0.000742911431077
-0.000745373646688
-0.000748474462959
-0.000769398114693
-0.000754754089259
-0.000757935976702
-0.000760496579498
-0.000763724769978
-0.000767637387733
-0.000863058260385
-0.00086676903169
-0.000871267087061
-0.000875048937236
-0.000878095303153
-0.000882709128699
-0.000885034271331
0.00848452443904
0.003891137137
0.00390496680676
0.00392589661244
0.00394351026246
0.00395771538129
0.00397561633598
0.00399731238959
0.00401190845589
0.00403030411612
0.00404514254745
0.00406384493793
0.00408651734563
0.00410177343513
0.00412100436264
0.00405147910148
0.00406295887177
0.00408614348487
0.00420255142407
0.00422276181164
0.00423904332837
0.00425960706207
0.00427617448373
0.00430129206991
0.00432246565
0.00433952659565
0.00900939091004
0.00440359469087
0.00442123584772
0.00444348704587
0.00446596333385
0.00448410873326
0.00451160497979
0.00452547993723
0.0045534874447
0.00458184375533
0.00459615475428
0.00462504661421
0.00472493490132
0.00466944400899
0.0046992645161
0.00472440742842
0.00474983975539
0.0047703492158
0.0048014960212
0.00482245495312
0.0048489369894
0.00488112186715
0.00490278322251
0.00493015726866
0.00495785931857
0.0142388208192
0.00505522525527
0.00508402914241
0.00510730964685
0.00514263290135
0.00516047837575
0.00519654344196
0.00522698495832
0.00525159614851
0.00528256285185
0.00532036061602
0.00534586103776
0.00537808235671
0.00541726441348
0.00544368344446
0.00547709846694
0.00551776724417
0.00553829071504
0.00557985079496
0.00562206552701
0.00564337362678
0.0056865317563
0.00572303150256
0.00575252088377
0.00578984750573
0.00592787820755
0.0152397367852
0.00593876633054
0.00598617568476
0.0060101653183
0.00605872600738
0.00609979667473
0.00613305625268
0.00618363120473
0.00622641849348
0.00626107697483
0.00631379414838
0.00635840796104
0.00639455548333
0.00644032204448
0.00647740951417
0.00652437379646
0.00658167333299
0.00671291971625
0.00676267262528
0.00682339600817
0.00685411117109
0.00691645619736
0.00696932270847
0.00701212939447
0.00697368218738
0.0163095398078
0.0163946784962
0.00719015238126
0.00725899542825
0.00731737958448
0.00736476736843
0.0074248721017
0.00749830532487
0.00753556924127
0.00761121914555
0.00767543056914
0.00772758492299
0.00780715882243
0.00785759085709
0.00792964015984
0.00799941221275
0.00805602479832
0.00823537057363
0.00830979343895
0.00837020546164
0.00844703860031
0.00854117935093
0.00858895169847
0.0086862388698
0.00876907263333
0.00883637237115
0.0181287977409
0.00900623490774
0.00911308372119
0.00916746426724
0.00927819535065
0.00937253481827
0.00944939860427
0.00954726904064
0.00966742251325
0.00974921867575
0.00985343052679
0.00993841740056
0.0100467343908
0.0101627460211
0.0103629816405
0.0104797378911
0.0106234544109
0.0106966637182
0.0108463379757
0.0110003550763
0.0110788682495
0.0112396060989
0.0113492089862
0.0114893858232
0.0116623438762
0.0117169969113
0.0211183742371
0.0120006233644
0.012189682482
0.012319064748
0.0124847048385
0.0126548575965
0.0127943541473
0.0130094590059
0.0131943134812
0.0133460206722
0.0135406290889
0.0137004478349
0.0139473725576
0.014236241933
0.0144292805165
0.0146554898226
0.0149366526289
0.0150810452055
0.0153787388947
0.0156886073776
0.0159563564904
0.0161770137783
0.0164618292263
0.0168173434147
0.0170005725035
0.0265795575311
0.0268842993546
0.0179242914469
0.0183442838621
0.0185617398776
0.0192986576479
0.0220502559209
0.0224639389183
0.0231889240068
0.0234529301571
0.0241626280609
0.0245337989349
0.0255820999717
0.0261397086371
0.0268730330698
0.0173374048266
0.00880641462119
0.0146705728829
0.0150605186275
0.0109146451829
0.011237109953
0.0117581729218
0.0122307704589
0.0126370954199
0.0132060221741
0.0138094500422
0.014333375574
0.0
0.0
0.0
0.0
0.0
0.0
0.0
0.0
0.0
0.0
0.0
