0.0119508734134
0.00305720017551
-9.26424295609e-05
0.0
-0.00870838837873
-0.0111170915473
-0.000555854577366
-3.97569335183e-17
0.0
0.0
-0.000185284859122
-0.00463212147805
0.00928141026343
0.0
0.0
0.0
-8.39313040942e-17
8.39313040942e-17
-8.39313040942e-17
0.0
0.0
0.0
0.0
-9.26424295609e-05
-7.5096429979e-17
8.39313040942e-17
0.0
9.26424295611e-05
4.41743705759e-18
-1.63445171131e-16
1.63445171131e-16
0.000277927288683
-0.011690113432
0.0
-8.17225855654e-17
0.0
0.000277927288683
0.00259398802771
3.97569335183e-17
-3.53394964607e-17
0.0105612369699
0.0125993704203
0.000463212147805
1.67862608188e-16
-0.00464928878538
1.71673073321e-05
0.00694818221707
0.000185284859122
1.67862608188e-16
0.0
-1.67862608188e-16
-0.0192696253487
-0.0126920128499
-0.00120435158429
-8.39313040942e-17
1.6565388966e-16
-9.2642429561e-05
-0.000277927288683
-8.39313040942e-17
0.0
0.0
0.0
0.0
0.0
0.0
0.0200107647852
0.00852310351961
0.000480379455137
-1.71673073319e-05
4.41743705759e-17
0.0
-2.65046223455e-17
8.83487411518e-18
9.2642429561e-05
-0.0092642429561
-0.000230829220384
0.0166001621987
0.000277927288683
-8.83487411518e-18
0.000277927288683
9.2642429561e-05
0.0
0.0
-7.5475122229e-05
7.54751222291e-05
-7.06789929214e-17
0.000277927288683
-0.000277927288683
0.000185284859122
-9.26424295609e-05
-0.0166928046283
0.00481740633717
0.0
0.0
1.7167307332e-05
-1.7167307332e-05
0.0
1.63445171131e-16
-0.000463212147805
-9.2642429561e-05
0.0
0.0
-0.00463212147805
7.54751222289e-05
0.0161369500509
-7.95138670366e-17
-0.000185284859122
-0.00202096614301
-0.0120435158429
-0.000943591602942
1.63445171131e-16
0.0
-1.63445171131e-16
-0.000185284859122
-0.000277927288683
0.000463212147805
-0.00472476390761
0.00444683661893
-8.39313040942e-17
0.0
9.26424295609e-05
0.0
0.0
0.0
0.0
-7.54751222291e-05
0.00016811755179
-3.97569335183e-17
-0.000370569718244
-4.41743705759e-17
-0.000277927288683
8.39313040942e-17
-7.95138670366e-17
-0.0115974710025
0.0042615517598
0.0
0.0
0.0
0.0
0.0
0.000463212147805
-0.000185284859122
4.41743705759e-18
9.26424295609e-05
0.0
9.2642429561e-05
-8.39313040942e-17
0.0
-8.39313040942e-17
8.39313040942e-17
-9.26424295608e-05
-1.63445171131e-16
9.26424295611e-05
-9.26424295611e-05
0.0
-4.41743705759e-18
-0.0092642429561
0.0092642429561
0.0
-9.26424295609e-05
-0.000370569718244
1.63445171131e-16
-1.63445171131e-16
9.26424295611e-05
1.7167307332e-05
-1.7167307332e-05
4.41743705759e-18
0.0
-1.63445171131e-16
-9.26424295607e-05
0.000185284859122
0.000234830786309
0.0408724787437
0.00778196408312
0.00370569718244
-9.2642429561e-05
8.83487411518e-17
-7.95138670366e-17
0.0
0.0
0.0
-0.019825479926
-0.0132478674272
-0.000648497006927
-2.20871852879e-18
0.0
-1.6565388966e-16
0.0
1.6565388966e-16
-1.6565388966e-16
0.0
-0.00464928878538
0.00463212147805
-0.000277927288683
9.26424295612e-05
0.0
9.26424295609e-05
-1.6565388966e-16
0.0155639281662
0.00824517623092
0.000277927288683
7.06789929214e-17
-7.95138670366e-17
8.83487411518e-17
8.83487411518e-18
-7.95138670366e-17
-7.95138670366e-17
1.67862608188e-16
-0.00928141026343
0.0021307758799
0.000277927288683
-8.39313040942e-17
-9.2642429561e-05
0.0
-9.26424295609e-05
0.000277927288683
-0.000185284859122
-8.39313040942e-17
8.39313040942e-17
-8.39313040942e-17
0.0
-0.00463212147805
4.41743705759e-18
0.0092642429561
0.0
-7.95138670366e-17
0.0
7.95138670366e-17
-7.95138670366e-17
0.0
9.26424295611e-05
-1.67862608188e-16
0.0
0.0
-9.26424295609e-05
0.0
4.41743705759e-17
-4.41743705759e-17
8.83487411518e-18
7.95138670366e-17
-7.95138670366e-17
0.0
0.0
8.83487411518e-18
8.83487411518e-18
0.0
8.83487411518e-18
-0.00928141026343
0.00937405269299
0.0
0.0
7.95138670366e-17
-7.95138670366e-17
-9.2642429561e-05
0.0
8.83487411518e-18
0.0
1.67862608188e-16
-1.67862608188e-16
0.0
1.67862608188e-16
-1.67862608188e-16
0.0
0.0
0.0
0.0
0.0
0.0
8.83487411518e-18
9.26424295611e-05
-7.95138670366e-17
7.95138670366e-17
-0.0092642429561
-9.2642429561e-05
0.00463212147805
0.0
0.0
0.0
0.0
0.0
0.0
0.0
0.0
0.0
0.0
1.71673073319e-05
-1.71673073319e-05
3.97569335183e-17
-3.97569335183e-17
9.26424295609e-05
-9.26424295608e-05
-8.39313040942e-17
0.0
8.39313040942e-17
-8.39313040942e-17
0.0
8.39313040942e-17
-8.39313040942e-17
-0.0092642429561
-8.39313040942e-17
0.0138963644341
7.95138670366e-17
0.0
-7.95138670366e-17
7.95138670366e-17
0.0
-7.95138670366e-17
0.0
0.0
0.0
0.0
-9.26424295609e-05
0.0
9.26424295609e-05
0.0
1.67862608188e-16
-1.67862608188e-16
0.0
1.76697482304e-16
-1.67862608188e-16
0.0
8.83487411518e-18
8.83487411518e-18
0.0
-0.00464928878538
0.00928141026343
7.95138670366e-17
0.0
0.0
0.0
-7.95138670366e-17
0.0
0.0
1.67862608188e-16
-1.67862608188e-16
1.67862608188e-16
-9.26424295609e-05
1.71673073318e-05
7.54751222289e-05
1.59027734073e-16
-1.67862608188e-16
0.0
0.0
0.0
0.0
0.0
0.0
0.0
0.0
-0.0092642429561
0.0
0.0092642429561
0.0
0.0
0.0
7.95138670366e-17
0.0
0.000480379455137
-1.71673073321e-05
1.23688237612e-16
5.30092446911e-17
-1.59027734073e-16
1.67862608188e-16
-8.83487411518e-18
0.0
-7.95138670366e-17
7.95138670366e-17
0.0
-9.2642429561e-05
-0.00537326091454
-0.00870838837873
-0.0117827558616
-8.17225855654e-17
0.0
8.17225855654e-17
9.2642429561e-05
-1.6565388966e-16
1.6565388966e-16
0.0
1.71673073319e-05
-1.7167307332e-05
-9.26424295609e-05
-2.20871852879e-18
0.0
0.0
0.0
0.0
0.0
0.0
0.0
0.0
0.0
-0.0092642429561
0.0092642429561
0.0
8.17225855654e-17
0.0
0.0
0.0
0.0
-8.17225855654e-17
0.0
0.0
0.0
0.0
-2.20871852879e-18
9.2642429561e-05
-9.2642429561e-05
0.0
0.0
0.0
0.0
0.0
0.0
0.0
0.0
0.0
0.0
-0.0092642429561
0.0092642429561
0.0
8.17225855654e-17
-8.17225855654e-17
0.0111170915473
0.0125993704203
0.000648497006927
-9.26424295609e-05
1.7167307332e-05
-1.7167307332e-05
0.0
-1.67862608188e-16
1.67862608188e-16
-8.83487411518e-18
0.0
-1.67862608188e-16
1.67862608188e-16
-8.83487411518e-17
-8.83487411518e-17
1.59027734073e-16
-0.00918876783387
0.0559560274548
0.0080598913718
0.00342776989376
0.0
0.0
0.0
0.0
-0.0247355286928
-0.00731875193532
-0.000833781866049
-3.97569335183e-17
8.39313040942e-17
-8.39313040942e-17
-4.41743705759e-18
0.0
-4.41743705759e-18
7.5096429979e-17
-8.39313040942e-17
-0.00463212147805
0.0092642429561
0.0
8.39313040942e-17
0.0
0.0
0.0
0.0
-8.39313040942e-17
0.0
0.0
0.0
0.0
1.71673073319e-05
-1.71673073319e-05
9.26424295609e-05
-9.26424295609e-05
0.0
4.41743705759e-18
0.0
0.0
4.41743705759e-18
4.41743705759e-18
0.0
-4.41743705759e-18
-0.00928141026343
1.71673073321e-05
0.0092642429561
0.0
8.39313040942e-17
-8.39313040942e-17
0.0
8.39313040942e-17
-8.39313040942e-17
0.0
1.63445171131e-16
-1.63445171131e-16
0.0
1.63445171131e-16
-9.26424295611e-05
-1.63445171131e-16
1.63445171131e-16
9.26424295609e-05
-3.97569335183e-17
8.39313040942e-17
-8.39313040942e-17
0.0
0.0
0.0
0.0
7.95138670366e-17
-0.0092642429561
0.0
0.0092642429561
0.0
0.0
0.0
0.0
0.0
8.39313040942e-17
-8.39313040942e-17
0.0
0.0
0.0
-9.26424295609e-05
0.0
9.26424295609e-05
0.0
3.53394964607e-17
-3.97569335183e-17
0.0
8.39313040942e-17
-7.95138670366e-17
4.41743705759e-18
8.39313040942e-17
-7.95138670366e-17
8.83487411518e-17
-0.00463212147805
0.0092642429561
7.95138670366e-17
0.0
-7.95138670366e-17
-9.26424295609e-05
0.0
0.0
0.0
-1.67862608188e-16
1.67862608188e-16
0.0
0.0
9.26424295609e-05
4.41743705759e-17
-4.41743705759e-17
1.67862608188e-16
-1.14853363497e-16
-4.41743705759e-17
1.76697482304e-16
-1.59027734073e-16
0.0
0.0
8.83487411518e-18
0.0
-9.26424295611e-05
-0.00464928878538
0.00928141026343
0.0
0.0
0.0
0.0
0.0
-0.00537326091454
-0.0125993704203
-0.000260759981351
-1.7167307332e-05
9.2642429561e-05
-4.85918076335e-17
8.39313040942e-17
0.0
-1.67862608188e-16
1.63445171131e-16
-0.00928141026343
0.00464928878538
8.39313040942e-17
9.26424295609e-05
0.0
-9.2642429561e-05
0.0
8.39313040942e-17
0.0
0.0
0.0
0.0
0.0
0.0
0.0
0.0
0.0
-8.83487411518e-17
-7.95138670366e-17
1.63445171131e-16
0.0
-1.63445171131e-16
1.63445171131e-16
0.0
-1.63445171131e-16
0.0
0.00464928878538
9.2642429561e-05
-9.2642429561e-05
0.0
0.0
0.0
0.0
-8.39313040942e-17
1.63445171131e-16
0.0
-1.63445171131e-16
0.0
1.63445171131e-16
-1.63445171131e-16
1.23688237612e-16
3.97569335183e-17
-1.67862608188e-16
7.95138670366e-17
8.39313040942e-17
0.0
-8.39313040942e-17
7.95138670366e-17
-8.39313040942e-17
7.95138670366e-17
-4.41743705759e-18
-0.00928141026343
0.00455664635582
-8.39313040942e-17
9.26424295611e-05
-8.39313040942e-17
8.39313040942e-17
0.0
-8.39313040942e-17
8.39313040942e-17
0.0
0.0
0.0
0.0
0.0
0.0
-3.97569335183e-17
3.97569335183e-17
-1.63445171131e-16
1.72280045246e-16
0.0
0.0
4.41743705759e-18
4.41743705759e-18
0.0
4.41743705759e-18
-9.26424295611e-05
-0.00928141026343
0.00474193121494
8.39313040942e-17
0.0
-8.39313040942e-17
0.0
8.39313040942e-17
-8.39313040942e-17
-8.39313040942e-17
1.63445171131e-16
-1.63445171131e-16
0.0
1.63445171131e-16
0.0
-3.97569335183e-17
3.97569335183e-17
0.0
0.0
-4.41743705759e-18
-4.41743705759e-18
0.0
0.0
-9.26424295611e-05
0.0
8.39313040942e-17
7.95138670366e-17
-1.67862608188e-16
9.26424295609e-05
0.0
0.0
8.39313040942e-17
-8.39313040942e-17
0.0
8.39313040942e-17
0.0
0.0
0.0
0.0
0.00214794318723
0.0123214431316
-0.000109809736893
0.0
0.0
0.0
9.26424295611e-05
-8.83487411518e-17
8.39313040942e-17
-0.00463212147805
0.0092642429561
0.000185284859122
-0.000463212147805
-1.63445171131e-16
0.0
0.0
0.0
1.7167307332e-05
-1.71673073318e-05
-1.67862608188e-16
8.39313040942e-17
8.39313040942e-17
9.26424295608e-05
0.042076830328
-0.00361305475288
-0.00750403679444
0.003798339612
8.39313040942e-17
-1.67862608188e-16
1.63445171131e-16
0.0
-1.63445171131e-16
1.63445171131e-16
0.0
-4.41743705759e-17
2.07619541707e-16
-1.63445171131e-16
-9.2642429561e-05
7.95138670366e-17
0.0
9.26424295609e-05
-1.63445171131e-16
0.0
1.59027734073e-16
-1.67862608188e-16
0.0
-0.00463212147805
0.00928141026343
8.39313040942e-17
0.0
-8.39313040942e-17
0.0
0.0
-9.26424295609e-05
8.39313040942e-17
-1.63445171131e-16
0.0
1.63445171131e-16
-1.63445171131e-16
0.0
7.95138670366e-17
8.39313040942e-17
-7.95138670366e-17
9.26424295608e-05
0.0
0.0
1.67862608188e-16
-1.63445171131e-16
0.0
1.63445171131e-16
4.41743705759e-18
-1.59027734073e-16
-0.00464928878538
0.00928141026343
-9.2642429561e-05
0.0
0.0
0.0
0.0
-7.95138670366e-17
1.59027734073e-16
0.0
-1.67862608188e-16
0.0
1.67862608188e-16
-8.83487411518e-18
-7.95138670366e-17
7.95138670366e-17
-7.06789929214e-17
7.95138670366e-17
9.26424295609e-05
-7.95138670366e-17
8.83487411518e-18
2.47376475225e-16
-1.67862608188e-16
-7.95138670366e-17
2.5621134934e-16
-0.00928141026343
-7.5475122229e-05
0.0092642429561
-7.95138670366e-17
7.95138670366e-17
0.0
-7.95138670366e-17
7.95138670366e-17
8.83487411518e-17
-1.67862608188e-16
0.0
1.67862608188e-16
0.0
-1.59027734073e-16
9.26424295611e-05
-8.83487411518e-18
0.0
0.0
-9.2642429561e-05
7.95138670366e-17
-8.83487411518e-18
-8.83487411518e-17
7.95138670366e-17
-8.83487411518e-18
-8.83487411518e-17
-7.95138670366e-17
-0.0092642429561
0.0092642429561
-7.95138670366e-17
7.95138670366e-17
0.0
-7.95138670366e-17
7.95138670366e-17
7.95138670366e-17
-1.59027734073e-16
0.0
1.67862608188e-16
-1.67862608188e-16
0.0
-9.26424295609e-05
9.26424295609e-05
7.95138670366e-17
7.95138670366e-17
-1.50192859958e-16
8.83487411518e-17
7.95138670366e-17
-1.59027734073e-16
7.95138670366e-17
8.83487411518e-17
-7.95138670366e-17
0.0
-7.06789929214e-17
-0.0092642429561
0.0092642429561
0.0
0.0
0.0
0.0
0.0
-8.83487411518e-17
-9.26424295609e-05
0.0
0.0
9.26424295609e-05
1.71673073321e-05
-1.71673073321e-05
8.83487411518e-18
7.95138670366e-17
-7.95138670366e-17
0.0
1.67862608188e-16
-1.67862608188e-16
7.95138670366e-17
7.95138670366e-17
-8.83487411518e-18
-8.83487411518e-17
7.95138670366e-17
-0.00935688538566
-1.71673073318e-05
0.00464928878538
0.0
9.26424295609e-05
0.0
8.39313040942e-17
0.0
-7.95138670366e-17
-8.39313040942e-17
1.63445171131e-16
-1.63445171131e-16
0.0
1.71673073321e-05
-1.71673073319e-05
-1.63445171131e-16
8.39313040942e-17
7.95138670366e-17
-1.67862608188e-16
-9.26424295609e-05
0.0
-4.41743705759e-18
-4.41743705759e-18
0.0
0.0
-4.41743705759e-18
-0.0092642429561
0.0092642429561
0.0
0.0
0.0
0.0
0.0
-7.95138670366e-17
1.63445171131e-16
-1.63445171131e-16
0.0
1.63445171131e-16
0.000277927288683
0.000277927288683
-8.83487411518e-17
7.95138670366e-17
8.83487411518e-17
8.83487411518e-18
-9.26424295611e-05
0.0
0.0
-0.00918876783387
0.0163222349101
0.0
9.2642429561e-05
-1.67862608188e-16
1.67862608188e-16
0.0
-1.67862608188e-16
1.67862608188e-16
-4.41743705759e-17
-1.32523111728e-16
0.0
-0.00611440035102
-0.0130625825681
-0.000277927288683
8.39313040942e-17
-0.000370569718244
-0.0092642429561
0.0092642429561
0.0
0.0
0.0
0.0
-8.39313040942e-17
0.000370569718244
0.0
3.97569335183e-17
-3.97569335183e-17
0.0
8.39313040942e-17
8.39313040942e-17
-1.63445171131e-16
0.0
1.67862608188e-16
0.0
-1.63445171131e-16
1.67862608188e-16
0.0
-0.00928141026343
0.00928141026343
-8.39313040942e-17
-9.26424295609e-05
0.0
0.000370569718244
-0.000463212147805
0.0
-7.95138670366e-17
0.0
-9.26424295609e-05
-0.00639232763971
-0.0136184371455
-0.000833781866049
1.64549530395e-16
-1.63445171131e-16
0.000555854577366
0.0115048285729
0.0
0.0
8.39313040942e-17
9.26424295609e-05
-0.000277927288683
-9.26424295609e-05
0.000185284859122
1.63445171131e-16
-8.17225855654e-17
8.17225855654e-17
9.26424295608e-05
-0.000833781866049
0.0418915454689
0.00722610950575
0.00259398802771
7.95138670366e-17
8.83487411518e-18
-7.95138670366e-17
0.0
-0.00861574594917
-0.013711079575
-0.000277927288683
3.97569335183e-17
-8.39313040942e-17
9.26424295611e-05
-1.63445171131e-16
1.63445171131e-16
0.0
-1.67862608188e-16
-0.000185284859122
-0.0164148773396
0.0162295924805
-8.39313040942e-17
0.0
1.63445171131e-16
0.0
-1.63445171131e-16
1.63445171131e-16
0.0
0.000185284859122
9.26424295609e-05
0.0
1.63445171131e-16
-1.63445171131e-16
0.0
-4.41743705759e-18
-0.0092642429561
0.00917160052653
0.0
8.39313040942e-17
0.0
-8.39313040942e-17
8.39313040942e-17
0.0
4.41743705759e-18
0.0
0.000277927288683
-9.26424295608e-05
7.95138670366e-17
-8.83487411518e-17
8.39313040942e-17
0.0
-8.83487411518e-17
8.39313040942e-17
-9.26424295611e-05
-0.000370569718244
8.39313040942e-17
0.0
0.0
-9.26424295609e-05
0.0
-1.63445171131e-16
1.63445171131e-16
-1.63445171131e-16
0.0
1.71673073321e-05
7.54751222288e-05
1.63445171131e-16
4.41743705759e-18
-8.39313040942e-17
-7.95138670366e-17
4.41743705759e-18
1.59027734073e-16
-1.67862608188e-16
1.63445171131e-16
0.0
-1.63445171131e-16
-9.26424295608e-05
-0.00463212147805
0.0092642429561
0.0
0.0
0.0
0.0
0.0
-8.39313040942e-17
1.67862608188e-16
0.0
9.26424295607e-05
1.63445171131e-16
0.0
1.71673073318e-05
-1.71673073318e-05
0.0
-1.63445171131e-16
1.67862608188e-16
-9.26424295609e-05
4.41743705759e-18
-4.41743705759e-18
8.83487411518e-18
-7.95138670366e-17
8.39313040942e-17
4.41743705759e-18
-0.00928141026343
1.7167307332e-05
0.00463212147805
9.26424295609e-05
8.39313040942e-17
0.0
-8.39313040942e-17
8.39313040942e-17
-7.95138670366e-17
-7.54751222289e-05
-1.71673073319e-05
0.0
-1.2810567467e-16
-4.41743705759e-17
1.63445171131e-16
-7.95138670366e-17
-7.95138670366e-17
7.95138670366e-17
8.39313040942e-17
-1.63445171131e-16
8.39313040942e-17
8.39313040942e-17
-0.0092642429561
0.00463212147805
0.0
0.0
0.0
8.39313040942e-17
-8.39313040942e-17
9.26424295611e-05
-8.39313040942e-17
-9.26424295609e-05
0.0
-1.63445171131e-16
0.0
1.71673073321e-05
0.00016811755179
-0.000277927288683
-9.26424295609e-05
-0.000185284859122
9.2642429561e-05
9.26424295609e-05
0.0107465218291
0.00843046109005
0.000463212147805
0.0
0.0
0.0
0.0
0.0
0.0
0.0
0.0
0.0
0.0
1.7167307332e-05
-1.7167307332e-05
0.0
5.30092446911e-17
-3.53394964607e-17
0.0
0.0
8.83487411518e-18
-1.67862608188e-16
9.26424295611e-05
1.67862608188e-16
-9.26424295609e-05
-8.83487411518e-17
-0.0092642429561
-1.7167307332e-05
0.00928141026343
0.0
0.0
0.0
0.0
0.0
-0.000277927288683
0.000109809736893
-0.000109809736893
0.0
0.0
1.59027734073e-16
8.83487411518e-18
-1.76697482304e-16
1.59027734073e-16
-1.67862608188e-16
0.0
1.59027734073e-16
-8.83487411518e-17
-0.00463212147805
8.39313040942e-17
0.0092642429561
7.95138670366e-17
0.0
0.0
-7.95138670366e-17
7.95138670366e-17
-7.95138670366e-17
0.0
0.0
0.0
0.0
1.71673073319e-05
-1.71673073319e-05
0.0
0.0
0.0
8.83487411518e-18
-8.83487411518e-18
0.0
8.83487411518e-18
0.0
0.0
0.0
8.83487411518e-18
-0.00463212147805
0.0113195437138
-9.26424295609e-05
0.0
7.95138670366e-17
-1.67862608188e-16
0.0
-0.00572666332545
-0.00826234353826
-0.000370569718244
7.95138670366e-17
8.83487411518e-17
-7.95138670366e-17
-0.00446400392626
0.00444683661893
0.0
8.83487411518e-17
0.0
-1.67862608188e-16
-0.000185284859122
0.0
1.71673073321e-05
0.000353402410912
9.2642429561e-05
-0.000370569718244
-0.000185284859122
0.0234557019863
0.0103759521108
0.0042615517598
1.67862608188e-16
-1.67862608188e-16
1.63445171131e-16
0.0
9.26424295609e-05
0.0
-9.26424295609e-05
0.0
-1.23688237612e-16
1.23688237612e-16
-1.23688237612e-16
-4.41743705759e-17
1.63445171131e-16
-7.5096429979e-17
-7.95138670366e-17
-4.41743705759e-18
7.95138670366e-17
-7.95138670366e-17
-4.41743705759e-18
-0.00928141026343
1.71673073318e-05
0.0092642429561
8.39313040942e-17
-8.39313040942e-17
8.39313040942e-17
-8.39313040942e-17
0.0
1.63445171131e-16
-1.63445171131e-16
0.0
1.63445171131e-16
0.0
-9.26424295611e-05
9.2642429561e-05
-7.5096429979e-17
-4.41743705759e-18
7.95138670366e-17
-7.95138670366e-17
0.0
7.95138670366e-17
-8.39313040942e-17
4.41743705759e-18
7.95138670366e-17
7.95138670366e-17
-1.67862608188e-16
-0.00463212147805
0.0092642429561
0.0
-7.95138670366e-17
0.0
-8.83487411518e-18
7.95138670366e-17
8.83487411518e-17
-1.67862608188e-16
-9.26424295609e-05
1.67862608188e-16
-1.67862608188e-16
1.67862608188e-16
8.83487411518e-18
9.26424295608e-05
7.95138670366e-17
8.83487411518e-18
-1.76697482304e-16
1.59027734073e-16
8.83487411518e-18
-1.59027734073e-16
1.59027734073e-16
0.0
-1.59027734073e-16
1.59027734073e-16
-0.0092642429561
-1.7167307332e-05
0.00928141026343
0.0
0.0
0.0
0.0
-9.2642429561e-05
7.95138670366e-17
-7.95138670366e-17
0.0
0.0
0.0
9.26424295611e-05
8.83487411518e-18
-1.32523111728e-16
1.14853363497e-16
8.83487411518e-18
-1.67862608188e-16
1.67862608188e-16
0.0
-1.59027734073e-16
8.83487411518e-18
-9.26424295609e-05
0.0
0.0
-0.0092642429561
0.0092642429561
7.95138670366e-17
0.0
-7.95138670366e-17
7.95138670366e-17
9.26424295609e-05
-7.95138670366e-17
1.67862608188e-16
0.0
-1.67862608188e-16
0.0
1.67862608188e-16
-1.59027734073e-16
0.0
-9.26424295609e-05
-4.41743705759e-17
8.83487411518e-18
0.0
0.0
0.0
0.0
0.0
0.0
0.0
0.0
-0.00455664635582
0.00928141026343
0.0
0.0
0.0
0.0
0.0
-0.0104685945404
-0.012877297709
-0.00111170915473
0.0
0.0
0.0
-1.63445171131e-16
1.63445171131e-16
0.0
0.0
-9.2642429561e-05
8.39313040942e-17
0.0
-4.41743705759e-18
4.41743705759e-18
4.41743705759e-18
0.0
8.39313040942e-17
-8.39313040942e-17
0.0
8.39313040942e-17
-8.39313040942e-17
-7.95138670366e-17
9.26424295611e-05
0.0
0.0
0.0
-7.5475122229e-05
-1.71673073319e-05
0.0
-3.97569335183e-17
3.97569335183e-17
4.41743705759e-18
4.41743705759e-18
0.0
4.41743705759e-18
4.41743705759e-18
4.41743705759e-18
-8.39313040942e-17
8.83487411518e-17
-0.0092642429561
0.00461495417072
0.0
0.0
0.0
0.0
0.0
0.0
9.26424295611e-05
0.0
0.00602175792146
0.0124140855612
0.000277927288683
0.0
0.0
0.0
0.0
0.0
0.0
0.0
-4.41743705759e-18
-4.41743705759e-18
-0.0092642429561
0.0092642429561
0.0
-9.2642429561e-05
0.0
8.39313040942e-17
9.26424295609e-05
0.000185284859122
1.63445171131e-16
1.71673073319e-05
-1.71673073319e-05
-4.41743705759e-18
0.0
4.41743705759e-18
9.26424295609e-05
0.0
0.0
-9.26424295611e-05
7.95138670366e-17
-7.95138670366e-17
1.67862608188e-16
-1.67862608188e-16
-0.00463212147805
0.0092642429561
0.0
-7.95138670366e-17
0.0
7.95138670366e-17
-7.95138670366e-17
8.83487411518e-18
7.95138670366e-17
0.0
0.0
0.0
0.0
1.7167307332e-05
-1.7167307332e-05
8.83487411518e-18
-3.53394964607e-17
9.26424295609e-05
0.0
-9.2642429561e-05
-7.95138670366e-17
7.95138670366e-17
7.95138670366e-17
-1.59027734073e-16
8.83487411518e-18
-0.00928141026343
1.7167307332e-05
0.0092642429561
-7.95138670366e-17
7.95138670366e-17
-7.95138670366e-17
7.95138670366e-17
0.0
-1.59027734073e-16
0.0
1.67862608188e-16
0.0
-0.00639232763971
-0.00787460651268
-0.000277927288683
-4.41743705759e-18
0.0
-1.63445171131e-16
1.59027734073e-16
-4.41743705759e-18
-1.63445171131e-16
0.0
1.63445171131e-16
8.39313040942e-17
0.0
0.0
-8.39313040942e-17
8.39313040942e-17
0.0
-8.39313040942e-17
7.95138670366e-17
0.0
0.0
0.0
0.0
0.0
0.0
-3.97569335183e-17
-1.23688237612e-16
1.63445171131e-16
-8.83487411518e-17
0.000370569718244
0.0369814967022
0.00796724894224
0.00398362447112
0.0
8.83487411518e-17
-1.67862608188e-16
1.67862608188e-16
-9.26424295609e-05
-1.67862608188e-16
1.67862608188e-16
0.0
9.26424295608e-05
-7.95138670366e-17
0.0
-0.000277927288683
0.000277927288683
-8.83487411518e-18
-0.00464928878538
1.7167307332e-05
-8.83487411518e-18
0.00333512746419
-0.0130625825681
-0.000741139436488
-8.39313040942e-17
0.0
9.26424295611e-05
0.0
1.7167307332e-05
-1.71673073321e-05
8.39313040942e-17
-4.41743705759e-17
-4.41743705759e-17
9.2642429561e-05
-9.26424295609e-05
8.39313040942e-17
-0.00928141026343
0.00928141026343
0.0
0.0
0.0
-8.39313040942e-17
8.39313040942e-17
8.39313040942e-17
-1.67862608188e-16
0.0
1.63445171131e-16
0.0
-1.63445171131e-16
1.7167307332e-05
-0.000573021884698
-0.000463212147805
0.000185284859122
-3.97569335183e-17
0.000370569718244
9.2642429561e-05
-0.00259398802771
-0.000185284859122
-8.39313040942e-17
8.39313040942e-17
0.0
0.0
0.0
0.0
0.0
-9.26424295609e-05
9.26424295609e-05
0.0
0.0
1.63445171131e-16
-1.63445171131e-16
-0.00928141026343
1.71673073321e-05
0.0092642429561
0.0
0.0
9.2642429561e-05
-8.39313040942e-17
8.39313040942e-17
9.2642429561e-05
-0.000370569718244
-3.97569335183e-17
7.95138670366e-17
-8.39313040942e-17
-4.41743705759e-18
0.000185284859122
-0.000185284859122
8.39313040942e-17
-8.39313040942e-17
8.39313040942e-17
-8.39313040942e-17
9.2642429561e-05
-8.39313040942e-17
0.0
1.63445171131e-16
-1.63445171131e-16
0.0
1.63445171131e-16
-9.26424295611e-05
4.41743705759e-17
1.23688237612e-16
-1.63445171131e-16
7.95138670366e-17
-4.41743705759e-18
7.95138670366e-17
-1.67862608188e-16
8.39313040942e-17
7.95138670366e-17
-4.41743705759e-18
-8.39313040942e-17
-0.00917160052653
0.0092642429561
0.0
0.0
0.0
0.0
0.0
-9.2642429561e-05
8.39313040942e-17
-8.39313040942e-17
0.0
0.0
0.0
1.7167307332e-05
-1.7167307332e-05
-4.41743705759e-18
3.97569335183e-17
-4.41743705759e-17
7.95138670366e-17
-8.39313040942e-17
0.0
9.2642429561e-05
-8.39313040942e-17
1.63445171131e-16
-4.41743705759e-18
-1.67862608188e-16
-0.0092642429561
0.00463212147805
-8.39313040942e-17
0.0
8.39313040942e-17
-9.2642429561e-05
0.0
7.95138670366e-17
-1.63445171131e-16
0.0
1.63445171131e-16
-1.63445171131e-16
0.0
-4.41743705759e-18
0.0
0.0
0.0
-4.41743705759e-18
7.5096429979e-17
-8.83487411518e-17
-4.41743705759e-18
-4.41743705759e-18
9.26424295609e-05
0.0
0.0196401950669
0.0126920128499
-0.0153031681849
0.0
0.0
8.83487411518e-18
-7.95138670366e-17
0.0
0.000185284859122
-1.23688237612e-16
-4.41743705759e-17
0.0
0.0
0.0
0.0
0.0
0.0
0.0
0.0
-0.00463212147805
-1.71673073319e-05
1.7167307332e-05
0.0092642429561
0.0
7.95138670366e-17
-7.95138670366e-17
-7.95138670366e-17
7.95138670366e-17
9.26424295609e-05
1.67862608188e-16
-1.67862608188e-16
0.0
-0.00016811755179
-1.7167307332e-05
0.0
0.0
0.0
0.0
-0.0059291154919
-0.0133405098568
-0.000185284859122
8.39313040942e-17
0.0
0.0
0.0
0.0
-1.63445171131e-16
1.63445171131e-16
0.0
0.0
0.0
-3.97569335183e-17
3.97569335183e-17
0.0
0.0
0.0
0.0
0.0
0.0
0.0
0.0
0.0
0.0
-0.00464928878538
0.00928141026343
9.26424295609e-05
-9.2642429561e-05
0.0
0.0
8.39313040942e-17
-8.39313040942e-17
8.39313040942e-17
0.0
0.0
0.0
0.0
1.7167307332e-05
-1.7167307332e-05
0.0
0.0
0.0
0.0
0.0
0.0
0.0
0.000277927288683
0.000109809736893
8.22920208111e-17
0.0
0.0
0.0
0.0
0.0
0.0
0.0
4.12064050528e-17
-4.12064050528e-17
6.90224540248e-20
8.24128101056e-17
-8.24128101056e-17
1.3804490805e-18
0.0
1.3804490805e-19
0.0
0.0
0.0
8.24128101056e-17
-8.24128101056e-17
0.0
0.0
0.0
0.0
0.0
0.0
0.0
0.0
0.0
0.0
9.26424295609e-05
0.0
-9.26424295609e-05
6.90224540248e-20
0.0
0.0
6.90224540248e-20
-1.51849398855e-18
0.0
0.0
-1.51849398855e-18
0.0
1.3804490805e-19
0.0
0.0
1.3804490805e-19
8.24128101056e-17
-8.24128101056e-17
8.24128101056e-17
0.0
-8.24128101056e-17
0.0
0.0
0.0
0.0
9.26424295609e-05
0.0
0.0
-9.26424295609e-05
-2.58834202593e-19
-1.89811748568e-19
3.95671217697e-17
-4.11373825988e-17
1.3804490805e-19
1.3804490805e-19
1.3804490805e-19
1.3804490805e-19
1.3804490805e-19
1.3804490805e-19
0.0
0.0
0.0215856860877
0.0124981186562
0.015488453044
0.0
0.0
0.0
0.0
0.0
-1.67862608188e-16
-9.26424295607e-05
-4.41743705759e-17
-1.23688237612e-16
1.67862608188e-16
0.0
-1.67862608188e-16
0.0
9.26424295611e-05
0.0
0.0
0.0
1.67862608188e-16
-0.0092642429561
-1.7167307332e-05
0.00928141026343
0.0
0.0
0.0
0.0
-9.26424295609e-05
-7.95138670366e-17
8.83487411518e-17
-1.67862608188e-16
0.0
1.67862608188e-16
0.0
-1.67862608188e-16
9.26424295611e-05
-8.83487411518e-18
1.67862608188e-16
-1.59027734073e-16
1.59027734073e-16
8.83487411518e-18
-1.67862608188e-16
1.59027734073e-16
0.0
-1.67862608188e-16
0.0
-0.00935688538566
-1.71673073321e-05
0.00463212147805
0.0
0.0
0.0
0.0
7.95138670366e-17
0.0
8.83487411518e-18
0.0
0.0
0.0
-8.83487411518e-18
9.26424295609e-05
0.0
0.0
-9.26424295611e-05
1.67862608188e-16
-1.67862608188e-16
0.0
1.67862608188e-16
-8.83487411518e-18
-1.76697482304e-16
1.67862608188e-16
0.0
-0.0092642429561
0.00463212147805
0.0
7.95138670366e-17
0.0
-7.95138670366e-17
0.0
8.83487411518e-17
0.0
9.26424295609e-05
-1.67862608188e-16
0.0
1.67862608188e-16
-9.26424295611e-05
8.83487411518e-18
1.23688237612e-16
4.41743705759e-17
-1.59027734073e-16
1.59027734073e-16
0.0
-1.67862608188e-16
1.59027734073e-16
-7.95138670366e-17
-8.83487411518e-17
0.0267736621431
0.0080598913718
0.00537326091454
8.83487411518e-17
0.0290897228821
0.00824517623092
-0.00020748892336
-1.71673073318e-05
1.71673073318e-05
-1.71673073318e-05
9.26424295608e-05
1.59027734073e-16
0.0
-1.59027734073e-16
1.59027734073e-16
1.76697482304e-17
-1.41357985843e-16
1.59027734073e-16
-0.00463212147805
0.0
-1.71673073318e-05
1.71673073318e-05
-9.2642429561e-05
0.00463212147805
0.0
0.0
-8.83487411518e-17
0.0
7.06789929214e-17
0.0
-8.83487411518e-17
1.76697482304e-16
1.71673073319e-05
-0.0373348991131
-0.00815253380136
-0.0377226361386
-0.0127846552794
-0.00092642429561
-4.41743705759e-18
-0.00928141026343
0.00464928878538
0.0
-9.2642429561e-05
0.0
0.0
0.0
0.0
0.0
1.63445171131e-16
-1.6565388966e-16
1.63445171131e-16
0.0
-1.67862608188e-16
1.6565388966e-16
-1.63445171131e-16
9.26424295609e-05
0.0
0.0
0.0
0.0
0.0
0.0
0.0
0.0
0.0
-0.0092642429561
0.00463212147805
0.0
-9.2642429561e-05
8.17225855654e-17
0.0
-8.17225855654e-17
8.17225855654e-17
0.0
0.0
-1.6565388966e-16
0.000277927288683
-0.0234385346789
-0.00852310351961
-0.000555854577366
0.0154712857367
0.00861574594917
0.000185284859122
0.0104685945404
0.0119508734134
0.000833781866049
0.000277927288683
-9.26424295609e-05
-0.0113195437138
0.000185284859122
-7.95138670366e-17
0.000185284859122
0.000277927288683
-0.000185284859122
0.0
-0.000185284859122
0.000109809736893
-0.0200279320925
-0.0125993704203
-0.000555854577366
-0.000185284859122
0.0288117955935
0.007596679224
0.000555854577366
-2.20871852879e-18
0.000277927288683
-0.000277927288683
-0.0161369500509
0.0160443076214
2.20871852879e-18
-0.00148227887298
0.00148227887298
7.95138670366e-17
-9.26424295611e-05
0.000277927288683
1.71673073318e-05
-8.22833930043e-17
0.0
8.24149670573e-17
9.26424295609e-05
9.26424295609e-05
1.23274102888e-16
-1.23757260066e-16
-4.12754275068e-17
-9.26424295609e-05
0.0
-1.3804490805e-19
9.26424295609e-05
-1.64687575303e-16
1.64480507941e-16
1.03533681037e-19
1.6565388966e-18
1.3804490805e-19
0.0
0.0
0.0
-9.26424295609e-05
0.0
0.0
0.0
0.0
0.0
0.0
0.0
0.0
-6.90224540248e-20
0.0
0.0
-6.90224540248e-20
0.0
2.58834202593e-19
9.26424295609e-05
8.25163437867e-17
8.25508550137e-17
-1.79458380465e-18
-8.23092764246e-17
8.25508550137e-17
1.3804490805e-19
-3.29271616925e-16
0.0
0.0
0.0
0.0
0.0
0.0
0.0
0.0
0.0
-1.64825620211e-16
0.0
1.64825620211e-16
-1.63548704812e-16
1.64756597757e-16
0.0
-1.41496030751e-18
0.0
0.0
9.26424295611e-05
-8.0618226301e-17
-8.25163437867e-17
-9.26424295609e-05
2.41578589087e-19
-1.3804490805e-19
-1.3804490805e-19
8.24128101056e-17
0.0
0.0
0.0
0.0
0.0
0.0
0.0
0.0
0.0
0.0
0.0
0.0
9.26424295609e-05
-9.26424295609e-05
4.12064050528e-17
0.0
-8.24128101056e-17
8.24128101056e-17
0.0
-8.24128101056e-17
8.22747651976e-17
-1.3804490805e-19
0.0
0.0
0.0
8.24128101056e-17
0.0
0.0522503302724
0.0369643293948
0.0123214431316
0.000185284859122
1.59027734073e-16
1.71673073319e-05
-1.7167307332e-05
1.59027734073e-16
1.71673073319e-05
-1.71673073321e-05
1.59027734073e-16
-8.83487411518e-17
-7.06789929214e-17
1.76697482304e-16
-8.83487411518e-17
1.06018489382e-16
-7.06789929214e-17
-9.2642429561e-05
-0.0092642429561
-1.7167307332e-05
1.7167307332e-05
0.0
0.0092642429561
0.0
0.0
9.2642429561e-05
8.83487411518e-17
-8.83487411518e-17
1.76697482304e-17
8.83487411518e-17
0.0
1.7167307332e-05
-1.7167307332e-05
0.0
1.7167307332e-05
-0.000109809736893
3.53394964607e-17
-3.53394964607e-17
0.0
1.76697482304e-17
-1.41357985843e-16
1.76697482304e-17
2.65046223455e-16
-0.0092642429561
7.54751222291e-05
8.83487411518e-17
1.7167307332e-05
-8.83487411518e-17
0.00461495417072
0.0
-8.83487411518e-17
0.0
1.59027734073e-16
0.0
-9.2642429561e-05
-8.83487411518e-17
1.7167307332e-05
-1.7167307332e-05
0.0
1.7167307332e-05
-1.71673073322e-05
-1.76697482304e-17
9.26424295612e-05
-1.06018489382e-16
-1.76697482304e-17
1.59027734073e-16
-1.76697482304e-17
-1.06018489382e-16
-1.76697482304e-17
-0.00463212147805
0.0
-1.71673073321e-05
1.71673073321e-05
0.00917160052653
0.0
8.83487411518e-17
-1.76697482304e-16
8.83487411518e-17
0.0
0.0
0.0
0.0
1.71673073319e-05
-1.71673073319e-05
1.76697482304e-17
1.71673073319e-05
-1.71673073318e-05
9.26424295609e-05
-7.06789929214e-17
1.06018489382e-16
1.76697482304e-17
-0.0568824517504
-0.0126920128499
-0.00491004876673
0.00464928878538
0.0
0.0
0.0
0.0
8.39313040942e-17
-8.39313040942e-17
0.0
0.0
0.0
0.0
0.0
0.0
4.41743705759e-17
-3.97569335183e-17
-0.019825479926
-0.0705008888959
0.0225121103833
0.012228800702
0.00129699401385
0.0115803036951
0.0192696253487
-0.00259398802771
-0.00768932165356
-0.000277927288683
0.0
0.0
0.0
0.0
0.0
-2.76089816099e-19
0.0
-4.11373825988e-17
4.27939214954e-17
1.3804490805e-18
-1.3804490805e-18
-1.1043592644e-18
1.6565388966e-18
-8.0618226301e-17
8.14464957493e-17
-1.1043592644e-18
-8.0618226301e-17
8.14464957493e-17
-8.25508550137e-17
0.0
8.25508550137e-17
-8.25508550137e-17
0.0
8.25508550137e-17
9.26424295609e-05
0.00250134559815
0.0129699401385
0.0108391642586
0.012877297709
0.000277927288683
0.0
-0.0103759521108
-0.012877297709
-0.000555854577366
-0.0158590227623
0.0163222349101
-0.000277927288683
-0.000277927288683
9.26424295609e-05
1.6565388966e-16
-1.63445171131e-16
0.0
-9.26424295609e-05
-0.000277927288683
-0.000185284859122
0.000277927288683
0.000370569718244
-9.2642429561e-05
-9.2642429561e-05
0.000370569718244
-0.000277927288683
0.000741139436488
-0.0158590227623
0.000370569718244
0.000185284859122
9.26424295609e-05
-0.000277927288683
0.000555854577366
0.000648497006927
0.000185284859122
0.000277927288683
0.000277927288683
-6.84081843947e-06
1.6565388966e-18
-7.54751222289e-05
-0.000295094596015
0.000109809736893
9.26424295608e-05
-0.000370569718244
0.0
0.0
9.26424295611e-05
-1.64825620211e-16
0.0
-1.51849398855e-18
6.90224540248e-20
4.28543161427e-17
-4.12754275068e-17
-9.26424295609e-05
-1.51849398855e-18
9.26424295609e-05
1.64791108984e-18
8.06354819145e-17
9.26424295609e-05
0.0199181223556
0.00870838837873
9.2642429561e-05
7.95138670366e-17
-1.63445171131e-16
1.63445171131e-16
0.0
1.71673073318e-05
-1.71673073318e-05
9.26424295609e-05
-9.2642429561e-05
3.97569335183e-17
-9.26424295609e-05
-8.39313040942e-17
4.41743705759e-18
-0.00435419418936
0.00435419418936
-0.000277927288683
-1.63445171131e-16
0.0
0.0
0.0
1.71673073319e-05
-1.71673073319e-05
0.0
-9.2642429561e-05
2.51793912283e-16
-1.67862608188e-16
-8.39313040942e-17
2.42959038167e-16
-1.67862608188e-16
-8.39313040942e-17
2.42959038167e-16
-4.41743705759e-18
-0.00669228572602
0.00435419418936
9.2642429561e-05
-0.000185284859122
9.2642429561e-05
-8.39313040942e-17
-0.0154712857367
-0.0132478674272
0.0205666193625
0.0125067279907
0.00955933755211
0.0127846552794
0.000631329699595
-7.95138670366e-17
7.95138670366e-17
-7.06789929214e-17
8.83487411518e-18
7.95138670366e-17
-7.95138670366e-17
-0.0092642429561
-1.71673073319e-05
-7.5475122229e-05
0.0092642429561
0.0
0.0
0.0
7.95138670366e-17
-7.95138670366e-17
9.26424295609e-05
0.0
0.0
0.0
0.0
0.0
7.95138670366e-17
7.95138670366e-17
-1.59027734073e-16
8.83487411518e-17
7.95138670366e-17
-8.83487411518e-17
-9.26424295608e-05
8.83487411518e-18
8.83487411518e-18
-7.06789929214e-17
7.95138670366e-17
-0.00463212147805
-1.7167307332e-05
0.00928141026343
0.0
0.0
9.2642429561e-05
-7.95138670366e-17
8.83487411518e-17
8.83487411518e-17
-1.67862608188e-16
1.67862608188e-16
0.0
-7.54751222291e-05
-1.71673073318e-05
0.0
-1.14853363497e-16
1.23688237612e-16
8.83487411518e-18
-0.00194549102078
-0.0224194679538
-0.00815253380136
-0.00101906672517
-7.95138670366e-17
-0.0092642429561
0.0092642429561
9.2642429561e-05
4.41743705759e-18
-0.000158478459862
-0.000185284859122
0.000185284859122
9.26424295612e-05
0.000109809736893
-0.000109809736893
0.0
4.41743705759e-17
-9.2642429561e-05
-0.000185284859122
0.0132478674272
0.000555854577366
0.000370569718244
-0.00453947904849
0.000277927288683
0.0157663803327
0.000277927288683
0.000185284859122
-0.000370569718244
-0.0111170915473
-0.0129699401385
0.0
-0.000648497006927
-0.000277927288683
-0.00016811755179
-0.000202452166454
-0.000370569718244
-0.000370569718244
0.0
0.0148227887298
0.00750403679444
-0.000370569718244
9.2642429561e-05
0.0
0.000277927288683
-0.020769071529
0.0161369500509
-0.0059291154919
-0.0125993704203
-0.000463212147805
-0.000277927288683
0.0
0.00694818221707
0.0132478674272
-0.000370569718244
-0.000185284859122
-0.00016811755179
-0.000109809736893
0.000185284859122
-0.000277927288683
0.000277927288683
0.000648497006927
-0.000463212147805
-9.26424295609e-05
-0.000185284859122
-8.83487411518e-17
-0.00481740633717
0.00444683661893
-0.0109318066882
-0.00787460651268
-9.26424295609e-05
-0.000370569718244
0.000185284859122
0.0107465218291
0.00852310351961
-9.26424295609e-05
-0.000277927288683
0.000109809736893
-0.000387737025576
0.000185284859122
9.2642429561e-05
0.000185284859122
-0.000185284859122
-0.000185284859122
-0.000277927288683
0.000555854577366
-0.00463212147805
0.00185284859122
-8.39313040942e-17
-0.000277927288683
0.00277927288683
-0.000370569718244
-9.2642429561e-05
7.95138670366e-17
-1.67862608188e-16
1.67862608188e-16
-0.000446044840473
-0.000109809736893
0.000370569718244
-0.00268663045727
0.000463212147805
0.000277927288683
0.00268663045727
-9.26424295609e-05
0.000463212147805
-0.0042615517598
0.00481740633717
-0.00611440035102
-0.0131552249977
0.000370569718244
-0.000370569718244
0.0152860008776
0.00685553978751
-0.000277927288683
0.000648497006927
-0.0194459975069
-0.0125993704203
-0.000573021884698
-0.000555854577366
-0.000185284859122
0.000277927288683
0.000370569718244
0.000277927288683
0.0
-0.000277927288683
-0.000370569718244
0.000277927288683
-0.000555854577366
-0.00203813345034
0.000185284859122
0.000648497006927
9.2642429561e-05
-9.2642429561e-05
0.0
0.000463212147805
0.000370569718244
-9.26424295609e-05
-0.00287191531639
1.71673073318e-05
0.000277927288683
-0.000741139436488
1.64825620211e-16
9.26424295607e-05
0.0150080735889
0.0129699401385
-0.00016811755179
0.000353402410912
-0.000277927288683
0.000185284859122
-9.2642429561e-05
-9.26424295609e-05
9.2642429561e-05
4.41743705759e-18
-0.000277927288683
-0.0165075197692
0.0165075197692
0.0097274551039
0.0132478674272
0.000277927288683
-9.2642429561e-05
-9.26424295609e-05
0.0
-0.00555854577366
-0.0126920128499
-0.000538687270034
-0.000387737025576
-0.000277927288683
-0.000463212147805
3.97569335183e-17
-0.000370569718244
9.2642429561e-05
-0.00565118820322
-0.0134331522863
-0.000277927288683
9.26424295608e-05
0.000370569718244
-0.000463212147805
0.020473976933
0.0092642429561
0.000555854577366
-9.2642429561e-05
0.000370569718244
9.2642429561e-05
-0.000185284859122
0.000109809736893
0.00016811755179
-9.2642429561e-05
9.2642429561e-05
-8.83487411518e-18
-7.95138670366e-17
-0.00481740633717
-9.2642429561e-05
0.0163222349101
-9.2642429561e-05
0.000277927288683
-0.000185284859122
0.000277927288683
0.00963481267434
0.0132478674272
0.000277927288683
0.000387737025576
9.2642429561e-05
7.54751222289e-05
-0.0154712857367
-0.0135257947159
-0.0117655885542
-0.0132478674272
0.0021307758799
-0.000277927288683
0.0
-0.00361305475288
-0.000277927288683
8.39313040942e-17
-8.39313040942e-17
8.39313040942e-17
7.95138670366e-17
-1.63445171131e-16
-0.00583647306234
-0.012877297709
0.0246428862632
0.00861574594917
-0.00016811755179
0.00016811755179
9.26424295609e-05
-0.000185284859122
-0.000185284859122
0.00268663045727
-9.2642429561e-05
-0.000185284859122
0.000185284859122
-0.011690113432
0.0
-9.26424295609e-05
-0.000260759981351
0.000260759981351
-4.41743705759e-17
-0.000463212147805
-0.000370569718244
7.95138670366e-17
4.41743705759e-18
0.000463212147805
0.000555854577366
-0.00453947904849
0.0167854470579
-9.26424295611e-05
0.000185284859122
8.39313040942e-17
0.0
-7.54751222291e-05
0.000260759981351
0.000185284859122
-3.97569335183e-17
-9.2642429561e-05
-0.000185284859122
-0.000185284859122
-0.00629968521014
-0.0129699401385
-0.000648497006927
0.000185284859122
-0.000370569718244
0.0101906672517
0.0119508734134
-0.000185284859122
0.0
0.000370569718244
-9.26424295611e-05
-9.26424295609e-05
-0.000185284859122
0.000202452166454
0.000723972129156
-9.2642429561e-05
-0.000370569718244
9.2642429561e-05
-9.2642429561e-05
0.000370569718244
-0.000277927288683
-0.000555854577366
8.83487411518e-18
-0.020769071529
0.0163222349101
0.000463212147805
0.000185284859122
-9.2642429561e-05
-0.00259398802771
0.000370569718244
0.00222341830946
-0.00016811755179
0.00016811755179
4.41743705759e-18
-7.95138670366e-17
-0.00463212147805
0.00928141026343
9.2642429561e-05
-7.95138670366e-17
-9.26424295609e-05
0.0
0.0
8.83487411518e-18
8.83487411518e-17
-1.67862608188e-16
-9.26424295607e-05
-0.00016811755179
0.000538687270034
-9.2642429561e-05
0.000185284859122
-9.26424295609e-05
7.95138670366e-17
-0.00928141026343
1.7167307332e-05
0.00935688538566
-0.0152860008776
-0.012877297709
-0.000555854577366
-0.000463212147805
0.0158418554549
0.0125993704203
-0.000463212147805
0.0
-7.5475122229e-05
-0.000295094596015
0.000277927288683
0.0
-7.95138670366e-17
-0.00928141026343
0.0163222349101
8.83487411518e-18
-9.2642429561e-05
-0.000370569718244
-9.2642429561e-05
-0.000463212147805
-3.26890342262e-16
0.000480379455137
-0.000295094596015
-0.000370569718244
-0.000277927288683
-9.2642429561e-05
-0.000555854577366
0.000277927288683
-9.26424295611e-05
-0.0118753982911
-0.00305720017551
0.000833781866049
0.000555854577366
-0.000185284859122
9.26424295609e-05
0.0
-9.26424295609e-05
-0.00222341830946
0.0327199449423
0.0119508734134
0.00296455774595
0.0
0.0
-1.67862608188e-16
0.00611440035102
0.000109809736893
7.54751222289e-05
8.83487411518e-17
7.95138670366e-17
0.0
-1.67862608188e-16
-9.26424295609e-05
-8.83487411518e-18
-8.83487411518e-18
-8.83487411518e-18
-8.83487411518e-18
-0.00928141026343
1.7167307332e-05
0.0
0.00463212147805
-7.95138670366e-17
7.95138670366e-17
9.2642429561e-05
-7.95138670366e-17
0.0
7.95138670366e-17
-7.95138670366e-17
0.0
0.0
1.67862608188e-16
-9.26424295611e-05
0.0
8.83487411518e-18
8.83487411518e-18
8.83487411518e-18
-7.95138670366e-17
0.0
-8.83487411518e-17
1.59027734073e-16
-1.67862608188e-16
1.59027734073e-16
0.0
-0.0092642429561
0.0
0.0092642429561
0.0
9.2642429561e-05
0.0
0.0
-7.95138670366e-17
8.83487411518e-17
-7.95138670366e-17
0.0
0.0
0.0
-7.54751222289e-05
-1.7167307332e-05
-1.76697482304e-16
1.67862608188e-16
0.0
-1.59027734073e-16
1.67862608188e-16
0.0
-8.83487411518e-18
-8.83487411518e-17
7.95138670366e-17
0.0
-8.83487411518e-17
-0.00463212147805
7.95138670366e-17
0.00463212147805
7.95138670366e-17
0.0
-7.95138670366e-17
7.95138670366e-17
9.26424295609e-05
7.95138670366e-17
-7.95138670366e-17
0.0
0.0
-7.54751222289e-05
-1.7167307332e-05
-1.67862608188e-16
1.23688237612e-16
4.41743705759e-17
-1.50192859958e-16
1.76697482304e-16
-8.83487411518e-18
-0.000185284859122
-0.00444683661893
1.71673073319e-05
0.00463212147805
0.0
-9.2642429561e-05
0.0
0.0
-0.00231606073902
-0.0124140855612
-0.00016811755179
-1.7167307332e-05
0.0
0.0
9.26424295611e-05
-1.63445171131e-16
1.67862608188e-16
0.0
-1.59027734073e-16
8.39313040942e-17
-9.26424295608e-05
-1.67862608188e-16
1.63445171131e-16
-0.0092642429561
0.0092642429561
0.0
0.0
0.0
0.0
8.39313040942e-17
-8.39313040942e-17
4.41743705759e-18
0.0
0.0
0.0
0.0
0.0
9.2642429561e-05
4.41743705759e-17
-9.2642429561e-05
1.23688237612e-16
-4.41743705759e-18
-7.95138670366e-17
-8.39313040942e-17
1.63445171131e-16
-7.95138670366e-17
-8.39313040942e-17
0.0
-0.0092642429561
0.0092642429561
0.0
0.0
-8.39313040942e-17
8.39313040942e-17
0.0
-8.39313040942e-17
8.39313040942e-17
-8.39313040942e-17
0.0
-0.00463212147805
0.00472476390761
-7.54751222291e-05
-1.71673073318e-05
0.0
-1.63445171131e-16
1.63445171131e-16
4.41743705759e-18
0.0
-1.67862608188e-16
1.63445171131e-16
-7.95138670366e-17
-4.41743705759e-18
-8.83487411518e-17
-1.67862608188e-16
-0.00463212147805
0.0092642429561
0.0
0.0
0.0
0.0
-8.39313040942e-17
8.39313040942e-17
-8.39313040942e-17
0.0
-9.26424295609e-05
9.26424295609e-05
1.7167307332e-05
-1.7167307332e-05
0.0
3.97569335183e-17
-3.97569335183e-17
0.0
8.39313040942e-17
-8.39313040942e-17
0.0
-0.0105612369699
-0.00768932165356
-0.000277927288683
8.39313040942e-17
0.0
0.0
0.0
0.0
-8.39313040942e-17
-9.2642429561e-05
0.0
1.63445171131e-16
0.0
-1.63445171131e-16
1.71673073321e-05
-1.71673073319e-05
-1.59027734073e-16
1.63445171131e-16
-4.41743705759e-18
-1.63445171131e-16
1.67862608188e-16
-4.41743705759e-18
0.0
-7.95138670366e-17
8.39313040942e-17
9.26424295611e-05
-1.63445171131e-16
-0.00463212147805
0.0092642429561
8.39313040942e-17
-8.39313040942e-17
8.39313040942e-17
-9.2642429561e-05
8.39313040942e-17
-1.67862608188e-16
1.63445171131e-16
0.0
0.0
0.0
0.0
-7.95138670366e-17
-8.39313040942e-17
1.63445171131e-16
-4.41743705759e-18
-8.39313040942e-17
8.39313040942e-17
0.0
-8.83487411518e-17
8.39313040942e-17
4.41743705759e-18
-8.83487411518e-17
9.26424295608e-05
0.0
2.47376475225e-16
0.0
0.0
0.0
-8.39313040942e-17
-9.26424295609e-05
8.39313040942e-17
0.0
0.0
0.0
0.0
0.0
1.71673073319e-05
-1.7167307332e-05
1.67862608188e-16
-8.39313040942e-17
-7.95138670366e-17
1.63445171131e-16
0.0
-7.95138670366e-17
-8.83487411518e-17
1.63445171131e-16
-8.39313040942e-17
-4.41743705759e-18
0.0
0.0
0.0
0.0
-8.39313040942e-17
0.0
0.0
0.0
0.0
-9.26424295609e-05
4.41743705759e-18
0.0
0.0
-9.26424295609e-05
0.0558805523326
0.00787460651268
0.00324248503463
1.67862608188e-16
-9.26424295611e-05
9.26424295609e-05
0.0
-9.26424295609e-05
9.26424295611e-05
0.0
1.7167307332e-05
-1.71673073321e-05
0.0
-0.00629968521014
-0.0132478674272
-0.00111170915473
-0.0042615517598
1.71673073319e-05
0.00463212147805
0.0
0.0
0.0
0.0
9.26424295609e-05
-0.00016811755179
-1.7167307332e-05
-4.41743705759e-17
4.41743705759e-17
0.0
-8.83487411518e-17
-7.95138670366e-17
-8.83487411518e-18
1.59027734073e-16
-1.59027734073e-16
0.0
1.67862608188e-16
-8.83487411518e-18
-0.0138963644341
-1.71673073319e-05
0.00464928878538
-8.39313040942e-17
0.0
8.39313040942e-17
0.000185284859122
9.2642429561e-05
-9.26424295611e-05
1.7167307332e-05
-1.7167307332e-05
0.0
8.39313040942e-17
-8.39313040942e-17
0.0
0.0
4.41743705759e-18
0.0
0.0
4.41743705759e-18
4.41743705759e-18
-0.0092642429561
-1.7167307332e-05
0.00928141026343
0.0
0.0
0.0
0.0
8.39313040942e-17
-8.39313040942e-17
1.63445171131e-16
-1.63445171131e-16
-9.26424295609e-05
9.26424295609e-05
1.7167307332e-05
-1.7167307332e-05
0.0
8.39313040942e-17
-7.95138670366e-17
-1.67862608188e-16
2.47376475225e-16
-7.95138670366e-17
-4.41743705759e-18
7.95138670366e-17
-7.95138670366e-17
-4.41743705759e-18
7.95138670366e-17
-0.0092642429561
4.41743705759e-18
0.00453947904849
0.0
0.0
0.0
9.26424295609e-05
0.0
0.0
0.0
0.0
0.0
0.0
0.0
8.39313040942e-17
-3.97569335183e-17
1.23688237612e-16
0.0
0.0
0.0
-8.39313040942e-17
7.95138670366e-17
-9.26424295611e-05
-4.41743705759e-18
0.0
-0.0092642429561
-1.71673073319e-05
0.00928141026343
0.0
8.39313040942e-17
0.0
-8.39313040942e-17
8.39313040942e-17
0.0
-8.39313040942e-17
0.0
0.0
1.63445171131e-16
1.71673073318e-05
-0.000109809736893
0.0
0.0
0.0
0.0
0.0
0.0
9.26424295607e-05
2.51793912283e-16
-2.47376475225e-16
4.41743705759e-18
1.67862608188e-16
-0.00463212147805
1.71673073318e-05
0.00461495417072
0.0
-8.39313040942e-17
8.39313040942e-17
0.0
-8.39313040942e-17
0.0
1.63445171131e-16
0.0
-9.26424295611e-05
0.0
0.0
0.0
0.0
9.26424295609e-05
0.0
7.95138670366e-17
-7.95138670366e-17
4.41743705759e-18
-4.41743705759e-18
0.0
0.0
0.0
-4.41743705759e-18
-0.00464928878538
1.71673073319e-05
0.0092642429561
0.0
0.0
0.0
-9.2642429561e-05
8.39313040942e-17
-8.39313040942e-17
0.0
0.0
0.0
0.0
1.7167307332e-05
-1.7167307332e-05
9.26424295609e-05
-4.41743705759e-17
0.0
0.0
4.41743705759e-18
4.41743705759e-18
-1.67862608188e-16
2.42959038167e-16
-7.95138670366e-17
4.41743705759e-18
-0.00928141026343
1.71673073318e-05
0.0092642429561
8.39313040942e-17
-8.39313040942e-17
8.39313040942e-17
-9.2642429561e-05
0.0
-8.39313040942e-17
8.39313040942e-17
0.0
0.0
0.0
0.0
1.71673073319e-05
-1.71673073319e-05
9.26424295609e-05
-4.41743705759e-18
7.95138670366e-17
-8.39313040942e-17
4.41743705759e-18
7.95138670366e-17
-8.39313040942e-17
0.0
7.95138670366e-17
7.95138670366e-17
-0.0092642429561
0.00463212147805
0.0
0.0
-9.2642429561e-05
0.0
0.0
7.95138670366e-17
0.0
-8.39313040942e-17
1.63445171131e-16
0.0
1.71673073318e-05
-1.7167307332e-05
1.63445171131e-16
9.26424295608e-05
7.95138670366e-17
3.97569335183e-17
0.0
-1.63445171131e-16
1.63445171131e-16
0.0
-1.63445171131e-16
1.63445171131e-16
-7.95138670366e-17
-8.39313040942e-17
-0.0092642429561
0.0092642429561
-8.39313040942e-17
8.39313040942e-17
0.0
-9.2642429561e-05
-9.2642429561e-05
-0.000185284859122
0.0
1.7167307332e-05
-1.7167307332e-05
0.0
-4.41743705759e-18
4.41743705759e-18
-0.0147301463002
-0.0129699401385
-0.000555854577366
0.0
-0.00928141026343
0.00464928878538
0.0
0.0
0.0
0.0
-9.2642429561e-05
-8.24128101056e-17
0.0
0.0
0.0
0.0
0.0
1.65584867206e-16
-1.66275091746e-16
9.2642429561e-05
0.000370569718244
-0.000463212147805
-9.26424295609e-05
0.0346654359631
0.0121361582725
0.003798339612
-7.95138670366e-17
7.95138670366e-17
8.83487411518e-17
-1.67862608188e-16
-0.00138963644341
-0.0054659033441
-0.00815253380136
-9.2642429561e-05
-9.26424295609e-05
0.0
0.0
0.0
0.0
0.0
-0.0138963644341
0.0092642429561
0.0
0.0
0.0
9.2642429561e-05
-8.39313040942e-17
0.0
1.63445171131e-16
-1.63445171131e-16
0.0
1.63445171131e-16
0.0
-7.54751222291e-05
-1.71673073319e-05
0.0
0.0
-1.67862608188e-16
1.63445171131e-16
0.0
0.0
0.0
0.0
0.0
0.0
-0.00928141026343
1.7167307332e-05
0.0092642429561
9.2642429561e-05
0.0
0.0
0.0
0.0
-8.39313040942e-17
0.0
1.63445171131e-16
0.0
0.0
-7.54751222292e-05
-1.71673073319e-05
0.0
0.0
0.0
0.0
0.0
0.0
0.0
0.0
0.0
0.0
0.0
-0.00463212147805
0.0092642429561
0.0
0.0
0.0
0.0
9.2642429561e-05
7.95138670366e-17
-1.63445171131e-16
-9.26424295607e-05
-1.63445171131e-16
1.63445171131e-16
0.0
1.71673073319e-05
-1.7167307332e-05
1.63445171131e-16
-1.63445171131e-16
0.0
0.0
0.0
0.0
0.0
0.0
9.2642429561e-05
8.39313040942e-17
-0.00935688538566
-1.71673073319e-05
0.00928141026343
0.0
0.0
0.0
0.0
-8.39313040942e-17
8.39313040942e-17
0.0
0.0
0.0
0.0
0.0
3.97569335183e-17
-3.97569335183e-17
0.0
0.0
-9.26424295609e-05
9.26424295609e-05
0.0
0.0
0.0
0.0
0.0
0.0
-0.0092642429561
0.0092642429561
0.0
0.0
0.0
0.0
0.0
0.0
-1.63445171131e-16
1.63445171131e-16
0.0
0.0
-7.5475122229e-05
-1.71673073319e-05
9.26424295609e-05
0.0
0.0
0.0
0.0
0.0
0.0
0.0
0.0
0.0
0.0
-0.00928141026343
0.00928141026343
0.0
0.0
0.0
0.0
-9.2642429561e-05
8.39313040942e-17
0.0
0.0
0.0
0.0
0.0
0.000109809736893
-1.7167307332e-05
0.0
0.0
3.97569335183e-17
-3.97569335183e-17
0.0
0.0
0.0
-9.26424295609e-05
-1.63445171131e-16
0.0
1.67862608188e-16
-0.00463212147805
0.0092642429561
0.0
0.0
-7.95138670366e-17
7.95138670366e-17
0.0
-7.95138670366e-17
0.0
8.83487411518e-17
0.0
0.0
9.26424295609e-05
0.0
0.0
0.0
0.0
0.0
0.0
0.0
-9.26424295609e-05
-8.83487411518e-18
-7.06789929214e-17
8.83487411518e-17
8.83487411518e-18
8.83487411518e-18
-0.00461495417072
0.0092642429561
0.0
0.0
0.0
0.0
-7.95138670366e-17
0.0
7.95138670366e-17
-1.67862608188e-16
9.26424295611e-05
0.0
0.0
0.0
0.0
0.0
-9.26424295609e-05
8.83487411518e-18
-8.83487411518e-17
2.47376475225e-16
-1.67862608188e-16
-8.83487411518e-17
2.47376475225e-16
0.0
-2.47376475225e-16
-0.0092642429561
4.41743705759e-18
0.00463212147805
0.0
0.0
0.0
0.0
0.0
8.83487411518e-17
-1.67862608188e-16
0.0
0.0
9.26424295611e-05
-9.26424295609e-05
-4.41743705759e-17
4.41743705759e-17
0.0
-5.30092446911e-17
3.53394964607e-17
8.83487411518e-18
8.83487411518e-18
0.0
8.83487411518e-18
8.83487411518e-18
-1.59027734073e-16
1.67862608188e-16
-0.00464928878538
0.00928141026343
-0.0156565705958
-0.012877297709
-0.000833781866049
0.0
0.0
0.0
9.26424295609e-05
0.0
0.0
0.0
-2.20871852879e-18
0.0
0.0
-9.26424295609e-05
-2.20871852879e-18
-1.6565388966e-16
1.6565388966e-16
-2.20871852879e-18
-1.6565388966e-16
1.67862608188e-16
-2.20871852879e-18
0.0092642429561
0.0
0.0
0.0
0.0
0.0
0.0
-1.63445171131e-16
3.31307779319e-16
-3.31307779319e-16
1.63445171131e-16
1.67862608188e-16
-3.31307779319e-16
9.26424295611e-05
9.2642429561e-05
-0.0312959738843
-0.0237164619676
-0.00778196408312
0.000833781866049
-0.0161369500509
-0.000277927288683
0.0
0.0
9.26424295609e-05
-0.000185284859122
0.0
8.83487411518e-18
8.83487411518e-18
0.0
7.06789929214e-17
-7.95138670366e-17
0.0
0.00918876783387
-1.71673073319e-05
0.0
-0.0092642429561
0.0
0.0
0.0
0.0
7.95138670366e-17
0.0
-7.95138670366e-17
0.0
1.67862608188e-16
9.26424295607e-05
0.0
4.41743705759e-17
-3.53394964607e-17
-8.83487411518e-18
1.23688237612e-16
-1.14853363497e-16
0.0
1.67862608188e-16
-1.59027734073e-16
-9.26424295609e-05
8.83487411518e-18
-8.83487411518e-18
0.00463212147805
1.7167307332e-05
-1.71673073319e-05
-0.0092642429561
-8.83487411518e-17
0.0
0.0
-7.06789929214e-17
8.83487411518e-17
1.76697482304e-17
0.0
9.26424295609e-05
-1.71673073319e-05
1.71673073319e-05
-1.7167307332e-05
1.71673073322e-05
-1.76697482304e-16
5.30092446911e-17
1.06018489382e-16
0.0
-1.59027734073e-16
-9.26424295609e-05
1.76697482304e-16
0.0
-1.59027734073e-16
0.0092642429561
1.71673073319e-05
-1.71673073319e-05
-0.0092642429561
0.0
0.0
0.0
9.26424295609e-05
8.83487411518e-17
1.76697482304e-17
-1.59027734073e-16
0.0
1.59027734073e-16
-1.7167307332e-05
1.71673073318e-05
1.76697482304e-16
-9.26424295609e-05
-1.41357985843e-16
-3.53394964607e-17
0.0
-1.76697482304e-17
0.0
0.0
-1.76697482304e-17
0.0
0.0
0.00463212147805
0.0
1.7167307332e-05
-0.00463212147805
9.2642429561e-05
0.0
0.0
7.06789929214e-17
-8.83487411518e-17
0.0
8.83487411518e-17
0.0
0.0
-1.7167307332e-05
1.7167307332e-05
0.0
-9.2642429561e-05
-3.53394964607e-17
0.0
0.0
-1.59027734073e-16
2.65046223455e-16
-8.83487411518e-17
-1.59027734073e-16
2.65046223455e-16
-8.83487411518e-17
0.0092642429561
1.7167307332e-05
-1.71673073318e-05
-0.0092642429561
-8.83487411518e-17
0.0097274551039
0.00796724894224
0.000555854577366
1.67862608188e-16
-1.71673073321e-05
1.71673073321e-05
0.0
-2.12036978764e-16
9.26424295609e-05
1.67862608188e-16
-1.59027734073e-16
0.0
-9.26424295611e-05
1.59027734073e-16
0.0
-1.59027734073e-16
8.83487411518e-17
0.00461495417072
-1.59027734073e-16
-0.0092642429561
0.0
0.0
0.0
0.0
0.0
7.95138670366e-17
0.0
0.0
0.0
9.26424295609e-05
0.0
-0.000185284859122
-0.000185284859122
1.67862608188e-16
-1.67862608188e-16
-8.83487411518e-18
1.67862608188e-16
0.00928141026343
-1.71673073319e-05
-0.00463212147805
0.0
0.0
0.0
0.0
0.0
-8.83487411518e-17
7.95138670366e-17
0.0
-1.67862608188e-16
9.26424295611e-05
0.0
-1.71673073319e-05
-7.5475122229e-05
0.0
1.67862608188e-16
-1.67862608188e-16
0.0
-8.83487411518e-18
-8.83487411518e-18
0.0
-8.83487411518e-18
-1.59027734073e-16
1.67862608188e-16
0.00464928878538
-1.7167307332e-05
-0.0092642429561
0.0
0.0
0.0
0.0
9.26424295609e-05
8.83487411518e-18
1.67862608188e-16
0.0
-1.67862608188e-16
-9.26424295609e-05
0.0
-1.71673073319e-05
1.71673073319e-05
-1.67862608188e-16
0.0
1.76697482304e-16
-1.59027734073e-16
-8.83487411518e-18
1.67862608188e-16
-1.59027734073e-16
1.59027734073e-16
-1.59027734073e-16
8.83487411518e-18
0.00464928878538
-1.7167307332e-05
-0.0092642429561
0.00583647306234
0.012877297709
-9.26424295611e-05
0.0
1.67862608188e-16
-1.67862608188e-16
0.0
-9.26424295608e-05
-7.95138670366e-17
-8.83487411518e-18
8.83487411518e-17
-8.83487411518e-17
0.0
7.95138670366e-17
-7.95138670366e-17
9.26424295611e-05
0.0
-7.95138670366e-17
7.06789929214e-17
0.00463212147805
-0.00464928878538
-7.95138670366e-17
0.0
0.0
7.95138670366e-17
0.0
-7.95138670366e-17
7.95138670366e-17
0.0
-1.67862608188e-16
0.0
1.67862608188e-16
-1.59027734073e-16
-9.26424295609e-05
1.23688237612e-16
0.0
-8.83487411518e-17
7.95138670366e-17
8.83487411518e-18
-7.95138670366e-17
7.95138670366e-17
9.26424295609e-05
-8.83487411518e-17
7.06789929214e-17
-8.83487411518e-18
0.00928141026343
-0.00928141026343
0.0
0.0
7.95138670366e-17
-7.95138670366e-17
0.0
8.83487411518e-17
-1.67862608188e-16
0.0
1.67862608188e-16
0.0
-1.67862608188e-16
1.59027734073e-16
-9.2642429561e-05
-3.53394964607e-17
1.50192859958e-16
0.000277927288683
0.0883054026789
0.0275148015796
0.0120435158429
0.0080598913718
-8.83487411518e-17
0.0
0.0
-9.26424295609e-05
1.71673073319e-05
-0.00518797605541
-0.0126920128499
-0.000109809736893
1.59027734073e-16
-7.06789929214e-17
7.06789929214e-17
0.0
-7.06789929214e-17
-0.0092642429561
0.0
-1.7167307332e-05
1.71673073319e-05
8.83487411518e-17
0.0092642429561
8.83487411518e-17
0.0
0.0
-8.83487411518e-17
9.26424295609e-05
8.83487411518e-17
8.83487411518e-17
-9.26424295611e-05
1.7167307332e-05
-1.71673073318e-05
-1.59027734073e-16
1.7167307332e-05
-1.71673073318e-05
-8.83487411518e-17
-8.83487411518e-17
1.59027734073e-16
-8.83487411518e-17
-8.83487411518e-17
1.59027734073e-16
-1.76697482304e-16
-0.00461495417072
-1.76697482304e-17
7.06789929214e-17
-8.83487411518e-17
-1.76697482304e-17
0.0092642429561
0.0
8.83487411518e-17
-8.83487411518e-17
0.0
9.26424295609e-05
0.0
1.59027734073e-16
-7.54751222291e-05
-1.7167307332e-05
0.0
1.7167307332e-05
-1.7167307332e-05
0.0
8.83487411518e-17
-8.83487411518e-17
-1.76697482304e-17
8.83487411518e-17
-8.83487411518e-17
0.0
-0.00928141026343
1.71673073319e-05
0.0
-1.71673073319e-05
1.71673073319e-05
0.0092642429561
0.0
-8.83487411518e-17
7.06789929214e-17
9.2642429561e-05
-9.2642429561e-05
0.0
-7.06789929214e-17
0.0
1.71673073319e-05
-1.71673073319e-05
0.0
1.71673073319e-05
-1.71673073319e-05
-1.76697482304e-17
-1.76697482304e-17
0.0
0.0
-1.76697482304e-17
0.0
8.83487411518e-17
-0.00463212147805
8.83487411518e-17
-8.83487411518e-17
0.0
-9.26424295609e-05
0.00935688538566
8.83487411518e-17
-8.83487411518e-17
0.0
0.0
0.0
0.0
0.0
0.0
1.7167307332e-05
-1.71673073318e-05
-1.76697482304e-16
1.76697482304e-16
-0.0109318066882
-0.012877297709
-0.000741139436488
-8.83487411518e-17
-0.00928141026343
1.71673073319e-05
1.76697482304e-17
-1.71673073319e-05
1.71673073318e-05
0.0092642429561
0.0
-8.83487411518e-17
7.06789929214e-17
1.76697482304e-17
-9.2642429561e-05
0.0
7.06789929214e-17
0.0
-1.76697482304e-17
1.71673073319e-05
7.5475122229e-05
-7.06789929214e-17
-7.06789929214e-17
1.76697482304e-17
1.06018489382e-16
-7.06789929214e-17
0.0
8.83487411518e-17
-8.83487411518e-17
0.0
-0.00928141026343
1.7167307332e-05
-9.26424295611e-05
-1.71673073319e-05
0.00928141026343
0.0
-8.83487411518e-17
0.0
0.0
9.26424295611e-05
-1.59027734073e-16
1.59027734073e-16
-1.59027734073e-16
0.0
1.76697482304e-17
1.59027734073e-16
-1.76697482304e-16
7.06789929214e-17
8.83487411518e-17
0.0
-9.26424295611e-05
8.83487411518e-17
7.06789929214e-17
-1.76697482304e-16
7.06789929214e-17
7.06789929214e-17
-0.0092642429561
-1.71673073319e-05
0.000109809736893
-1.71673073319e-05
0.00464928878538
0.0
0.0
8.83487411518e-17
0.0
-8.83487411518e-17
0.0
8.83487411518e-17
0.0
-9.26424295609e-05
-1.76697482304e-16
0.0
1.76697482304e-16
-7.06789929214e-17
-7.06789929214e-17
1.76697482304e-16
1.76697482304e-17
-1.59027734073e-16
-1.76697482304e-17
9.26424295611e-05
-8.83487411518e-17
-7.06789929214e-17
-0.0092642429561
-1.7167307332e-05
1.71673073319e-05
1.76697482304e-17
0.00463212147805
8.83487411518e-17
0.0
-7.06789929214e-17
0.024272316545
0.0125993704203
0.000573021884698
-1.71673073319e-05
1.71673073318e-05
7.54751222292e-05
-1.76697482304e-16
1.76697482304e-17
1.76697482304e-17
0.0
-9.26424295609e-05
-1.76697482304e-16
-0.0092642429561
-1.71673073318e-05
1.71673073319e-05
-7.06789929214e-17
-1.71673073318e-05
1.71673073319e-05
0.0092642429561
8.83487411518e-17
-8.83487411518e-17
0.0
-0.00565118820322
-0.00843046109005
-0.000446044840473
-1.7167307332e-05
1.7167307332e-05
-1.71673073318e-05
-1.41357985843e-16
1.23688237612e-16
3.53394964607e-17
-1.41357985843e-16
1.76697482304e-16
1.76697482304e-17
1.76697482304e-17
-0.00928141026343
1.71673073318e-05
1.59027734073e-16
-1.7167307332e-05
1.71673073318e-05
0.0092642429561
0.0
9.26424295609e-05
0.0
1.76697482304e-17
0.0
0.0
-7.5475122229e-05
-1.71673073319e-05
0.0
-7.54751222291e-05
7.54751222291e-05
-8.83487411518e-17
1.76697482304e-16
-0.00463212147805
0.00472476390761
8.83487411518e-17
-8.83487411518e-17
-0.000185284859122
0.000109809736893
-9.26424295609e-05
0.0654227225774
0.0362231899583
0.0117655885542
0.00472476390761
-1.76697482304e-16
7.06789929214e-17
-8.83487411518e-17
-1.76697482304e-17
1.71673073321e-05
7.54751222291e-05
-1.76697482304e-16
1.7167307332e-05
-1.71673073318e-05
1.76697482304e-17
-1.23688237612e-16
1.23688237612e-16
0.0
-1.59027734073e-16
1.76697482304e-16
1.76697482304e-17
-7.06789929214e-17
-0.0092642429561
8.83487411518e-17
-1.7167307332e-05
1.71673073319e-05
-9.2642429561e-05
0.0092642429561
0.0
-8.83487411518e-17
8.83487411518e-17
0.0
9.26424295609e-05
0.0
0.0
1.7167307332e-05
-1.71673073321e-05
0.0
1.7167307332e-05
0.0
-1.7167307332e-05
0.0
1.59027734073e-16
-1.59027734073e-16
0.0
1.59027734073e-16
0.0
-1.59027734073e-16
-0.00463212147805
8.83487411518e-17
-1.7167307332e-05
1.71673073319e-05
-9.26424295608e-05
0.00461495417072
0.0
0.0
7.06789929214e-17
-7.06789929214e-17
-1.76697482304e-17
-1.76697482304e-17
0.0
9.26424295609e-05
1.71673073321e-05
-1.71673073319e-05
-1.59027734073e-16
1.59027734073e-16
0.0
-7.06789929214e-17
-8.83487411518e-17
0.0
8.83487411518e-17
-8.83487411518e-17
0.0
-0.00928141026343
1.71673073319e-05
0.0
8.83487411518e-17
-8.83487411518e-17
-1.71673073319e-05
0.00463212147805
0.0
9.26424295609e-05
0.0
8.83487411518e-17
-8.83487411518e-17
0.0
0.0
0.0
1.7167307332e-05
-1.7167307332e-05
-7.54751222291e-05
-1.71673073318e-05
-1.59027734073e-16
1.41357985843e-16
5.30092446911e-17
0.0
0.0
0.0
0.0
-0.00928141026343
1.7167307332e-05
-8.83487411518e-17
1.76697482304e-16
9.26424295608e-05
0.00463212147805
0.0
0.0
0.0
8.83487411518e-17
-1.76697482304e-16
7.06789929214e-17
-7.06789929214e-17
-9.26424295609e-05
-1.59027734073e-16
3.18055468146e-16
-1.59027734073e-16
1.7167307332e-05
-1.71673073318e-05
-1.76697482304e-16
3.53394964607e-17
1.23688237612e-16
9.26424295609e-05
-1.76697482304e-16
1.59027734073e-16
0.0
-0.00463212147805
1.7167307332e-05
-9.26424295609e-05
-1.7167307332e-05
1.71673073318e-05
0.0092642429561
0.0
0.0
-1.76697482304e-17
-1.76697482304e-17
0.0
0.0
0.0
0.0
0.0
1.7167307332e-05
-1.7167307332e-05
0.0
9.26424295609e-05
-9.26424295609e-05
1.76697482304e-17
-5.30092446911e-17
-7.06789929214e-17
1.59027734073e-16
-1.59027734073e-16
0.0
-0.00928141026343
1.71673073319e-05
0.0
-1.71673073319e-05
1.7167307332e-05
0.0092642429561
0.0
0.0
8.83487411518e-17
0.0
-8.83487411518e-17
0.0
-7.54751222289e-05
-1.7167307332e-05
-1.59027734073e-16
0.000109809736893
-1.71673073321e-05
-1.76697482304e-17
2.12036978764e-16
-3.53394964607e-17
-5.30092446911e-17
2.12036978764e-16
-1.59027734073e-16
0.0
1.59027734073e-16
-0.0092642429561
-1.71673073319e-05
1.7167307332e-05
-8.83487411518e-17
1.76697482304e-16
0.0092642429561
0.0
-9.2642429561e-05
8.83487411518e-17
0.0
9.26424295609e-05
0.0
-1.76697482304e-17
1.71673073319e-05
-1.71673073319e-05
0.0
1.59027734073e-16
-1.59027734073e-16
3.53394964607e-17
1.41357985843e-16
-1.59027734073e-16
3.53394964607e-17
1.23688237612e-16
0.0
-1.59027734073e-16
1.59027734073e-16
-0.00463212147805
-1.71673073321e-05
0.0
1.71673073321e-05
-1.7167307332e-05
0.00464928878538
9.2642429561e-05
0.0
-8.83487411518e-17
8.83487411518e-17
0.0
-8.83487411518e-17
8.83487411518e-17
0.0
0.0
1.7167307332e-05
-1.7167307332e-05
0.0
1.59027734073e-16
-1.59027734073e-16
0.0
0.0
1.59027734073e-16
0.0
-1.59027734073e-16
-9.26424295609e-05
-0.0092642429561
-1.71673073321e-05
1.7167307332e-05
1.76697482304e-17
0.0092642429561
0.000156917413331
-9.26424295609e-05
-1.59027734073e-16
1.71673073321e-05
-1.71673073319e-05
-1.59027734073e-16
1.71673073321e-05
-1.7167307332e-05
-9.26424295608e-05
-1.76697482304e-16
1.59027734073e-16
-0.00917160052653
-1.71673073318e-05
0.000277927288683
0.00435419418936
7.06789929214e-17
-8.83487411518e-17
0.0
7.06789929214e-17
1.71673073319e-05
-1.71673073319e-05
0.0
1.71673073319e-05
-1.7167307332e-05
1.59027734073e-16
-8.83487411518e-17
-7.06789929214e-17
1.76697482304e-16
-8.83487411518e-17
-7.06789929214e-17
1.76697482304e-17
1.76697482304e-16
-0.00928141026343
1.71673073319e-05
0.0
-1.71673073319e-05
1.71673073319e-05
0.0092642429561
0.0
-8.83487411518e-17
8.83487411518e-17
0.0
-8.83487411518e-17
0.0
-9.2642429561e-05
9.26424295611e-05
1.7167307332e-05
0.000132066811554
0.121193465173
0.00694818221707
0.0972917183463
0.00704082464663
0.0833953539122
0.0268333224591
0.0120435158429
0.00435419418936
-8.83487411518e-17
8.83487411518e-17
8.83487411518e-17
-1.76697482304e-16
1.71673073321e-05
-1.71673073319e-05
-1.59027734073e-16
1.7167307332e-05
-1.71673073319e-05
8.44645699538e-05
7.54751222291e-05
7.06789929214e-17
-0.00928141026343
1.71673073318e-05
7.06789929214e-17
-1.7167307332e-05
1.71673073319e-05
7.06789929214e-17
0.0092642429561
0.0
8.83487411518e-17
-8.83487411518e-17
0.0
-8.83487411518e-17
0.0
8.83487411518e-17
-9.26424295609e-05
1.7167307332e-05
-1.7167307332e-05
1.76697482304e-17
1.7167307332e-05
7.54751222289e-05
0.0
1.76697482304e-17
-5.30092446911e-17
0.0
9.2642429561e-05
-0.00472476390761
0.00928141026343
0.0
0.0
0.0
-8.83487411518e-17
8.83487411518e-17
-9.26424295609e-05
-8.83487411518e-17
1.7167307332e-05
-0.0105612369699
-0.0131552249977
-0.000202452166454
1.06018489382e-16
-8.83487411518e-17
-7.06789929214e-17
1.76697482304e-17
8.83487411518e-17
-8.83487411518e-17
-0.00935688538566
-1.71673073318e-05
1.71673073319e-05
-1.76697482304e-17
0.0092642429561
0.0
0.0
0.0
0.0
8.83487411518e-17
0.0
-8.83487411518e-17
0.0
1.7167307332e-05
-1.71673073321e-05
0.0
1.7167307332e-05
7.54751222289e-05
0.0
-1.76697482304e-17
-1.76697482304e-17
7.06789929214e-17
-1.06018489382e-16
0.0
-9.26424295608e-05
7.06789929214e-17
-0.0092642429561
-1.71673073318e-05
1.71673073319e-05
1.76697482304e-17
0.00463212147805
-8.83487411518e-17
0.0
7.06789929214e-17
-1.76697482304e-16
7.06789929214e-17
0.0
0.0
0.0
1.7167307332e-05
-1.7167307332e-05
0.0
3.53394964607e-17
-3.53394964607e-17
0.0
3.53394964607e-17
1.41357985843e-16
-1.76697482304e-16
1.76697482304e-17
1.76697482304e-16
1.76697482304e-17
-0.00463212147805
1.71673073321e-05
0.0
-1.06018489382e-16
0.0092642429561
0.0
9.2642429561e-05
0.0
-9.26424295611e-05
1.59027734073e-16
0.0
-1.76697482304e-16
0.0
1.59027734073e-16
-1.76697482304e-17
1.71673073318e-05
-1.7167307332e-05
1.59027734073e-16
-7.06789929214e-17
-7.06789929214e-17
0.0
0.0
1.41357985843e-16
-1.59027734073e-16
0.0
-1.59027734073e-16
-0.00464928878538
1.71673073319e-05
-1.76697482304e-17
-1.71673073319e-05
0.00928141026343
0.0
0.0
0.0
8.83487411518e-17
0.0
-8.83487411518e-17
1.59027734073e-16
1.71673073319e-05
-1.7167307332e-05
-9.26424295609e-05
1.7167307332e-05
-1.71673073322e-05
9.26424295611e-05
-3.53394964607e-17
0.0
7.06789929214e-17
-8.83487411518e-17
-1.76697482304e-17
7.06789929214e-17
-1.06018489382e-16
-0.0092642429561
-1.71673073319e-05
1.71673073319e-05
-1.71673073319e-05
1.71673073319e-05
0.0092642429561
8.83487411518e-17
-8.83487411518e-17
0.0
0.0
8.83487411518e-17
-9.2642429561e-05
0.0
1.71673073319e-05
-1.71673073321e-05
1.76697482304e-16
0.000109809736893
-1.71673073318e-05
0.0
-1.59027734073e-16
1.59027734073e-16
0.0
-1.41357985843e-16
1.76697482304e-16
-1.59027734073e-16
1.76697482304e-16
-0.00463212147805
-1.71673073321e-05
1.7167307332e-05
8.83487411518e-17
0.00463212147805
0.0
0.0
-8.83487411518e-17
8.83487411518e-17
0.0
-9.2642429561e-05
0.0
0.0
1.7167307332e-05
-1.7167307332e-05
0.0
1.71673073319e-05
7.5475122229e-05
1.59027734073e-16
-1.59027734073e-16
-1.76697482304e-17
0.0
-1.76697482304e-17
1.41357985843e-16
-1.59027734073e-16
-1.76697482304e-17
-0.0092642429561
-1.7167307332e-05
1.7167307332e-05
0.0
0.0092642429561
8.83487411518e-17
-8.83487411518e-17
8.83487411518e-17
-9.2642429561e-05
0.0
0.0
0.0
0.0
1.71673073319e-05
-1.71673073319e-05
1.76697482304e-17
1.71673073318e-05
7.54751222291e-05
8.83487411518e-17
-7.06789929214e-17
-1.59027734073e-16
2.65046223455e-16
-7.06789929214e-17
-1.41357985843e-16
2.65046223455e-16
-0.00928141026343
1.71673073318e-05
0.0
-1.71673073318e-05
1.71673073318e-05
0.00463212147805
8.83487411518e-17
0.0
-9.2642429561e-05
-8.83487411518e-17
0.0
8.83487411518e-17
0.0
0.0
1.7167307332e-05
-1.7167307332e-05
0.0
9.26424295609e-05
-5.30092446911e-17
-1.76697482304e-16
2.12036978764e-16
-3.53394964607e-17
-1.76697482304e-16
2.29706726995e-16
-1.06018489382e-16
-1.76697482304e-16
-0.00463212147805
1.71673073319e-05
-9.26424295611e-05
-1.71673073318e-05
0.00928141026343
0.0
0.0
-8.83487411518e-17
0.0
8.83487411518e-17
0.0
0.0927522392978
0.0276074440092
0.0117655885542
0.0830247841939
0.02742215915
0.00713346707619
0.120915537884
0.00731875193532
0.13027242327
-0.0170462070392
-0.00833781866049
0.096735863769
0.00748135849355
0.152599248794
0.0326895596626
0.0272368742909
0.0118582309838
0.176037783473
0.0179726313348
0.02742215915
0.0118582309838
0.0042615517598
1.76697482304e-16
-3.53394964607e-17
1.71673073319e-05
-1.71673073319e-05
-0.0200862399074
-0.012228800702
-0.000741139436488
-1.71673073319e-05
7.06789929214e-17
1.41357985843e-16
3.53394964607e-17
-2.12036978764e-16
-0.0092642429561
-9.2642429561e-05
-1.7167307332e-05
1.7167307332e-05
0.0
7.54751222289e-05
1.71673073318e-05
0.0
1.41357985843e-16
0.0092642429561
-7.06789929214e-17
0.0
3.53394964607e-17
0.0
1.7167307332e-05
-1.71673073319e-05
7.06789929214e-17
1.71673073318e-05
-1.7167307332e-05
1.41357985843e-16
1.71673073319e-05
-1.71673073321e-05
-9.26424295609e-05
-3.53394964607e-17
-1.06018489382e-16
1.41357985843e-16
-0.00461495417072
1.06018489382e-16
7.5475122229e-05
1.7167307332e-05
-7.06789929214e-17
-1.71673073319e-05
1.7167307332e-05
0.0
-1.71673073319e-05
0.00463212147805
1.06018489382e-16
0.0
1.71673073319e-05
-1.71673073319e-05
0.0
0.0
0.0
1.71673073319e-05
-1.71673073319e-05
0.0
1.71673073319e-05
-1.71673073321e-05
1.76697482304e-16
-9.2642429561e-05
1.06018489382e-16
-0.0092642429561
-1.7167307332e-05
1.71673073319e-05
9.2642429561e-05
1.41357985843e-16
-7.06789929214e-17
-1.7167307332e-05
7.06789929214e-17
1.71673073319e-05
0.00435419418936
-0.000446044840473
-1.7167307332e-05
0.00159208860987
0.0113023764064
0.000260759981351
3.53394964607e-17
-3.53394964607e-17
-0.0092642429561
-3.53394964607e-17
-1.71673073319e-05
1.71673073318e-05
1.41357985843e-16
-1.71673073319e-05
0.000109809736893
0.0
-1.7167307332e-05
1.7167307332e-05
0.0092642429561
-9.26424295609e-05
-7.06789929214e-17
1.06018489382e-16
0.00585364036967
0.00833781866049
0.000277927288683
-1.71673073321e-05
0.0
7.06789929214e-17
7.06789929214e-17
-1.41357985843e-16
-0.00464928878538
1.7167307332e-05
-3.53394964607e-17
-1.7167307332e-05
1.71673073319e-05
7.06789929214e-17
0.00016811755179
0.162141419039
0.0601249367851
0.0074686514533
0.156953442984
0.0641085612562
0.00726040751475
0.150897146651
0.0785607802677
0.0121534851711
0.218375373783
0.00770936074217
0.217541591916
0.00778196408312
0.139536666226
0.0465991420692
0.0140816492933
0.0123214431316
0.00333512746419
1.76697482304e-16
-1.76697482304e-16
1.06018489382e-16
1.41357985843e-16
1.71673073319e-05
-1.7167307332e-05
-1.06018489382e-16
-7.54751222289e-05
-1.7167307332e-05
1.76697482304e-16
-3.53394964607e-17
-1.76697482304e-16
0.0
1.41357985843e-16
9.26424295608e-05
-0.0092642429561
-1.71673073319e-05
0.0
1.71673073319e-05
0.0
0.0
0.0
-1.71673073319e-05
1.71673073319e-05
-3.53394964607e-17
0.0092642429561
-7.06789929214e-17
0.0
-7.54751222289e-05
-1.71673073319e-05
3.53394964607e-17
1.7167307332e-05
-1.7167307332e-05
0.0
1.71673073319e-05
-1.71673073319e-05
0.0
9.2642429561e-05
-3.53394964607e-17
0.0
3.53394964607e-17
-0.0092642429561
-7.06789929214e-17
-1.71673073319e-05
1.7167307332e-05
-7.06789929214e-17
-1.71673073319e-05
3.53394964607e-17
1.7167307332e-05
-1.71673073321e-05
0.00928141026343
3.53394964607e-17
0.0
-7.06789929214e-17
1.06018489382e-16
1.71673073319e-05
-1.7167307332e-05
-9.2642429561e-05
1.7167307332e-05
-1.7167307332e-05
0.0
1.7167307332e-05
-1.7167307332e-05
-3.53394964607e-17
-3.53394964607e-17
-3.53394964607e-17
9.26424295611e-05
-0.0092642429561
7.06789929214e-17
-1.71673073321e-05
1.7167307332e-05
0.0
-1.71673073319e-05
1.71673073319e-05
0.0
-1.71673073318e-05
0.00464928878538
1.06018489382e-16
1.06018489382e-16
1.71673073319e-05
-1.7167307332e-05
1.7167307332e-05
-1.7167307332e-05
0.0
-7.5475122229e-05
-1.71673073319e-05
0.0
1.71673073319e-05
-1.71673073319e-05
0.0
7.06789929214e-17
1.41357985843e-16
-0.00918876783387
1.71673073319e-05
0.0
-1.71673073319e-05
1.71673073318e-05
1.06018489382e-16
-1.7167307332e-05
1.7167307332e-05
-1.76697482304e-16
0.0092642429561
-1.06018489382e-16
0.0
0.0
3.53394964607e-17
0.0
1.7167307332e-05
-0.000109809736893
0.0
1.71673073317e-05
-1.71673073318e-05
0.0
-1.76697482304e-16
1.41357985843e-16
-1.06018489382e-16
-7.06789929214e-17
9.2642429561e-05
-0.00928141026343
1.71673073319e-05
7.06789929214e-17
-1.7167307332e-05
-0.000277927288683
0.227176404591
0.0119508734134
0.15769458242
0.0278853712978
0.0226047528129
0.0119508734134
0.171683589284
0.0232532498198
0.02742215915
0.00778196408312
0.116190773977
0.0462285723509
0.0368716869653
0.0116671931685
-0.00971028779657
-0.0143595765819
-0.00750403679444
-0.0465991420692
-0.000370569718244
0.0223268255242
0.0121361582725
-0.00887650593052
-0.0124352712155
-0.0235140098012
-0.00778196408312
-0.0322223981799
-0.00778196408312
-0.00324248503463
-0.000277927288683
0.000277927288683
-0.0557535752884
0.0169535646097
0.0116729461247
-0.0155810954736
7.95138670366e-17
7.95138670366e-17
-1.67862608188e-16
0.0
1.67862608188e-16
-1.67862608188e-16
9.26424295609e-05
8.83487411518e-17
-0.000185284859122
9.2642429561e-05
-7.06789929214e-17
-9.26424295609e-05
9.26424295609e-05
-0.000370569718244
0.0
0.0
0.0
7.95138670366e-17
-7.95138670366e-17
0.0
9.26424295611e-05
0.0
-1.67862608188e-16
-1.71673073318e-05
1.71673073319e-05
-9.26424295609e-05
0.000555854577366
1.67862608188e-16
-1.59027734073e-16
9.26424295609e-05
-9.26424295611e-05
0.00464928878538
-0.00928141026343
0.0
0.0
0.0
0.00583647306234
0.0132478674272
0.000277927288683
0.0
-1.71673073319e-05
1.7167307332e-05
-1.63445171131e-16
0.0
1.63445171131e-16
-1.63445171131e-16
8.39313040942e-17
7.95138670366e-17
-4.41743705759e-18
-8.39313040942e-17
7.95138670366e-17
-1.67862608188e-16
1.63445171131e-16
0.0
0.0
0.0
0.0
0.0
0.0
0.0
0.0
1.63445171131e-16
0.0
-1.63445171131e-16
0.0
1.63445171131e-16
0.0
-1.23688237612e-16
1.23688237612e-16
0.0
-1.67862608188e-16
0.0
1.67862608188e-16
-7.95138670366e-17
-8.39313040942e-17
8.39313040942e-17
-2.42959038167e-16
1.67862608188e-16
0.0
0.0092642429561
-0.0092642429561
0.0
0.0
0.0
0.0
0.0
-8.39313040942e-17
0.0
0.0
-4.41743705759e-18
-1.63445171131e-16
1.67862608188e-16
4.41743705759e-18
3.97569335183e-17
-3.97569335183e-17
0.0
0.0
-1.63445171131e-16
1.63445171131e-16
-4.41743705759e-18
-1.63445171131e-16
1.63445171131e-16
-4.41743705759e-18
-1.67862608188e-16
0.0
-0.00455664635582
0.0
0.0
8.39313040942e-17
-8.39313040942e-17
0.0
8.39313040942e-17
-8.39313040942e-17
0.0
0.0
-9.26424295609e-05
-0.000555854577366
-0.0505655992329
0.0266810197136
0.00741139436488
-0.0330561800459
-0.00768932165356
-0.0556609328588
0.0080598913718
0.0118582309838
-0.0327782527572
-0.0120435158429
-0.0269417796949
-0.0116095450398
-0.0280534888496
-0.0122286910036
-0.0232360825125
-0.0191769829191
-0.0069967000071
-0.0189745307527
-0.0140816492933
-0.00731875193532
-0.0234213673716
-0.012228800702
-0.0282387737088
-0.0123060509588
-0.0274976342723
-0.0123214431316
-0.0509361689512
0.0222341830946
0.0119508734134
-0.0187892458935
-0.0233458922494
0.00370569718244
0.0119508734134
-0.0184186761753
-0.0149154311593
-0.00750403679444
