2.113192575052380562e-03
3.686987562105059624e-03
3.749588271602988243e-03
3.769807517528533936e-03
1.469168663024902344e-01
1.185405254364013672e-01
-2.092676470056176186e-03
-2.349696867167949677e-02
-2.352532185614109039e-02
-8.691147714853286743e-02
-6.606582552194595337e-03
-9.010489098727703094e-03
-4.384721629321575165e-03
-4.394459538161754608e-03
-4.399360157549381256e-03
-4.409227520227432251e-03
-4.414192866533994675e-03
-4.424191080033779144e-03
-4.434277769178152084e-03
-4.439355339854955673e-03
-4.449577070772647858e-03
-4.458166193217039108e-03
-4.465084057301282883e-03
-4.520900547504425049e-03
-4.572917241603136063e-03
-4.580387379974126816e-03
-4.589804913848638535e-03
-4.551105666905641556e-03
-4.560469184070825577e-03
-4.571808967739343643e-03
-4.579416476190090179e-03
-4.451188724488019943e-03
-1.045181229710578918e-02
-1.047870144248008728e-02
-1.051936484873294830e-02
-1.053984556347131729e-02
-1.045959908515214920e-02
-9.331936016678810120e-03
-9.356144815683364868e-03
-9.392820298671722412e-03
-4.141319077461957932e-03
2.149426378309726715e-03
2.492292551323771477e-03
2.508563455194234848e-03
2.016036596614867449e-04
2.185283519793301821e-04
3.695519408211112022e-03
3.942009061574935913e-03
3.964239265769720078e-03
3.992256242781877518e-03
4.014854785054922104e-03
-5.574840120971202850e-03
-1.191116962581872940e-02
-1.277989614754915237e-02
-1.282022241503000259e-02
-1.288138702511787415e-02
-1.298418175429105759e-02
-1.343036722391843796e-02
-1.345718558877706528e-02
-1.351335551589727402e-02
-1.355869602411985397e-02
-1.361588295549154282e-02
-1.368526555597782135e-02
-1.374372933059930801e-02
-1.379092503339052200e-02
-3.866296960040926933e-03
3.894001420121639967e-04
7.117268978618085384e-04
7.152851903811097145e-04
7.336944108828902245e-04
7.537683122791349888e-04
8.433545590378344059e-04
8.502646232955157757e-04
9.169157128781080246e-04
-3.706947667524218559e-03
-3.835205687209963799e-03
4.460754804313182831e-03
4.629869479686021805e-03
4.668412730097770691e-03
4.846001975238323212e-03
5.131653510034084320e-03
5.166599527001380920e-03
5.210756324231624603e-03
5.222200881689786911e-03
5.515735130757093430e-03
5.564176943153142929e-03
5.766615737229585648e-03
5.688138771802186966e-03
5.831330548971891403e-03
5.836617667227983475e-03
-2.479854039847850800e-03
-1.151504602603381500e-05
1.898151680279624998e-07
1.351098671875661239e-05
1.090001824195496738e-04
1.133911282522603869e-04
1.298254792345687747e-04
1.431224372936412692e-04
-7.308407657546922565e-05
-3.361136987223289907e-05
-2.058263453363906592e-05
-7.063499083415081259e-07
-2.312307711690664291e-03
-2.276445738971233368e-03
6.092490162700414658e-03
6.146925035864114761e-03
6.129890214651823044e-03
5.405149888247251511e-03
-6.090390379540622234e-04
-1.023066230118274689e-03
-1.012723194435238838e-03
-1.002182019874453545e-03
-9.936082642525434494e-04
-1.076868502423167229e-03
-1.205069711431860924e-03
-9.643415105529129505e-04
-3.312946530058979988e-03
-1.059446251019835472e-03
-1.050432678312063217e-03
-1.038955757394433022e-03
-9.784393478184938431e-04
-9.684545220807194710e-04
-9.557331795804202557e-04
-9.453584789298474789e-04
-9.321356774307787418e-04
-9.539983584545552731e-04
-8.580468711443245411e-04
-8.493422064930200577e-04
-1.019820803776383400e-03
-1.007418613880872726e-03
-1.076826825737953186e-03
-1.066123717464506626e-03
-1.049640006385743618e-03
-6.833789870142936707e-03
-4.922796506434679031e-03
-4.953130148351192474e-03
-4.999897908419370651e-03
-5.031955428421497345e-03
-5.073059815913438797e-03
-5.123963579535484314e-03
-4.931956063956022263e-03
-5.286504980176687241e-03
-5.327284801751375198e-03
-5.333505570888519287e-03
-5.376148503273725510e-03
-5.424437578767538071e-03
-5.816129967570304871e-03
-5.872926674783229828e-03
-5.946449935436248779e-03
-5.999054294079542160e-03
-6.545987911522388458e-03
-6.626985501497983932e-03
-6.717833224684000015e-03
-7.485068868845701218e-03
-7.619058247655630112e-03
-8.621407672762870789e-03
-1.337824668735265732e-02
-9.148574434220790863e-03
-9.299597702920436859e-03
-9.695968590676784515e-03
-1.189912296831607819e-02
-2.158269286155700684e-03
-2.158269286155700684e-03
-2.158269286155700684e-03
-2.158269286155700684e-03
-2.158269286155700684e-03
-2.158269286155700684e-03
-2.158269286155700684e-03
-2.158269286155700684e-03
-2.158269286155700684e-03
-2.158269286155700684e-03
-2.158269286155700684e-03
9.088934748433530331e-04
4.794436972588300705e-03
6.795422174036502838e-03
6.773352622985839844e-03
6.809778045862913132e-03
6.828103214502334595e-03
4.868969693779945374e-02
1.507664769887924194e-01
1.378220021724700928e-01
8.147353306412696838e-03
-2.802099473774433136e-02
-2.649942412972450256e-02
-1.153964735567569733e-02
-1.009713206440210342e-02
-1.011969055980443954e-02
-1.014809589833021164e-02
-1.018247194588184357e-02
-1.019973959773778915e-02
-1.023454032838344574e-02
-1.258525531738996506e-02
-1.029420457780361176e-02
-1.047144457697868347e-02
-1.059433910995721817e-02
-1.062582712620496750e-02
-1.061120163649320602e-02
-1.063661370426416397e-02
-2.888110000640153885e-03
1.228662440553307533e-03
1.443769899196922779e-03
1.454892335459589958e-03
1.468915841542184353e-03
1.480194623582065105e-03
1.494405209086835384e-03
1.511615584604442120e-03
1.520265708677470684e-03
1.537710311822593212e-03
-3.088379045948386192e-03
-2.029829658567905426e-03
-1.885467674583196640e-03
-1.884575001895427704e-03
-1.929558813571929932e-03
-1.928804209455847740e-03
-1.974203158169984818e-03
-1.833402435295283794e-03
-1.919798669405281544e-03
-1.918972353450953960e-03
-1.917720423080027103e-03
-1.917090732604265213e-03
-1.915819710120558739e-03
-4.231915343552827835e-03
-4.241090267896652222e-03
3.916620917152613401e-04
4.030459094792604446e-04
4.122263926547020674e-04
4.237945831846445799e-04
4.378149751573801041e-04
4.472466825973242521e-04
4.591333854477852583e-04
5.199850420467555523e-04
5.273764836601912975e-04
5.422829999588429928e-04
5.548319313675165176e-04
5.185445188544690609e-04
5.336107569746673107e-04
5.463053821586072445e-04
5.565306055359542370e-04
5.694333813153207302e-04
5.850890884175896645e-04
5.956102395430207253e-04
6.088981754146516323e-04
6.196030299179255962e-04
6.331137265078723431e-04
6.495109992101788521e-04
6.605330272577702999e-04
6.744458223693072796e-04
-3.963992465287446976e-03
7.110963924787938595e-04
7.254426018334925175e-04
7.428483222611248493e-04
7.516305195167660713e-04
7.693546940572559834e-04
7.380052702501416206e-04
7.498744525946676731e-04
7.678615511395037174e-04
7.830220856703817844e-04
7.952638552524149418e-04
8.138190023601055145e-04
8.231841493397951126e-04
8.420925587415695190e-04
8.580547291785478592e-04
8.709183312021195889e-04
8.871683385223150253e-04
9.069118532352149487e-04
9.201964130625128746e-04
9.369807667098939419e-04
9.573776042088866234e-04
9.711040765978395939e-04
1.034670160152018070e-03
1.052479608915746212e-03
1.066846773028373718e-03
-3.550976747646927834e-03
-3.601946402341127396e-03
-1.292935456149280071e-03
-1.287988037802278996e-03
-1.283989287912845612e-03
-1.278938725590705872e-03
-1.272800611332058907e-03
-1.266576233319938183e-03
-1.263431156985461712e-03
-1.257073949091136456e-03
-1.251706737093627453e-03
-1.247366773895919323e-03
-1.240778481587767601e-03
-1.226641004905104637e-03
-1.230715075507760048e-03
-1.225024228915572166e-03
-1.220428617671132088e-03
-1.168313203379511833e-03
-1.207273220643401146e-03
-1.202502055093646049e-03
-1.196464872919023037e-03
-1.189114293083548546e-03
-1.185403438284993172e-03
-1.177886733785271645e-03
-1.170248491689562798e-03
-1.166391419246792793e-03
-5.797531921416521072e-03
-5.811903625726699829e-03
1.132205245085060596e-03
1.158559694886207581e-03
1.180846709758043289e-03
1.198892947286367416e-03
1.226331107318401337e-03
1.249540946446359158e-03
1.268339226953685284e-03
1.292130909860134125e-03
1.321120420470833778e-03
1.335798646323382854e-03
1.365529606118798256e-03
1.339128590188920498e-03
1.364248571917414665e-03
1.441431115381419659e-03
1.457127276808023453e-03
1.488973270170390606e-03
1.515963464044034481e-03
1.537807867862284184e-03
1.571097644045948982e-03
1.599321607500314713e-03
1.622171723283827305e-03
1.651155180297791958e-03
1.686549163423478603e-03
1.710475538857281208e-03
-5.980827845633029938e-04
4.063054453581571579e-03
4.092689603567123413e-03
4.152815323323011398e-03
4.203809890896081924e-03
4.245202522724866867e-03
4.308310803025960922e-03
4.361858125776052475e-03
4.405338782817125320e-03
4.460511263459920883e-03
4.527954850345849991e-03
4.573685582727193832e-03
4.585363436490297318e-03
4.664479754865169525e-03
4.737831186503171921e-03
4.811079241335391998e-03
4.873364232480525970e-03
4.923914093524217606e-03
4.988240078091621399e-03
5.040460731834173203e-03
5.120311398059129715e-03
5.188269075006246567e-03
5.243462510406970978e-03
5.327903199940919876e-03
5.399808753281831741e-03
8.180130971595644951e-04
8.470346801914274693e-04
5.520369391888380051e-03
5.596703384071588516e-03
5.658871028572320938e-03
5.737996660172939301e-03
5.802457686513662338e-03
5.917832255363464355e-03
6.664759013801813126e-03
6.734303664416074753e-03
6.854237522929906845e-03
6.915311329066753387e-03
7.040129043161869049e-03
7.168503012508153915e-03
7.233919575810432434e-03
7.345146499574184418e-03
7.482229266315698624e-03
7.575687021017074585e-03
7.695198059082031250e-03
7.795550394803285599e-03
5.250160582363605499e-03
8.999089477583765984e-04
-5.190249066799879074e-03
-5.223437212407588959e-03
-5.265958607196807861e-03
-5.300834774971008301e-03
-5.299199838191270828e-03
-5.353755783289670944e-03
-5.381750874221324921e-03
-5.439236760139465332e-03
-5.480179097503423691e-03
-5.550145171582698822e-03
-5.638461560010910034e-03
-5.693447310477495193e-03
-5.761811509728431702e-03
-5.796928890049457550e-03
-5.869348999112844467e-03
-5.919251590967178345e-03
-5.983549170196056366e-03
-6.063717883080244064e-03
-6.118970923125743866e-03
-6.190340965986251831e-03
-6.264386698603630066e-03
-1.093524694442749023e-02
-6.475874688476324081e-03
-6.559068337082862854e-03
-6.627967581152915955e-03
-6.735457573086023331e-03
-6.829061545431613922e-03
-6.906746421009302139e-03
-7.007561624050140381e-03
-7.091348525136709213e-03
-7.200241554528474808e-03
-7.337430957704782486e-03
-7.457586470991373062e-03
-7.557800505310297012e-03
-7.715431042015552521e-03
-7.807100657373666763e-03
-7.968623191118240356e-03
-8.151571266353130341e-03
-8.313184604048728943e-03
-8.448653854429721832e-03
-8.626778610050678253e-03
-8.854448795318603516e-03
-8.974173106253147125e-03
-9.227417409420013428e-03
-9.360972791910171509e-03
-9.644167497754096985e-03
-9.950721636414527893e-03
-1.471502520143985748e-02
-1.047339383512735367e-02
-1.078217756003141403e-02
-1.104620378464460373e-02
-1.147397793829441071e-02
-6.520168390125036240e-03
-2.277673193020746112e-04
-2.158269286155700684e-03
-2.158269286155700684e-03
-2.158269286155700684e-03
-2.158269286155700684e-03
-2.158269286155700684e-03
-2.158269286155700684e-03
-2.158269286155700684e-03
-2.158269286155700684e-03
-2.158269286155700684e-03
-2.158269286155700684e-03
-2.158269286155700684e-03
-2.158269286155700684e-03
-2.158269286155700684e-03
-2.158269286155700684e-03
-2.158269286155700684e-03
8.434099145233631134e-03
1.245832815766334534e-02
1.445490308105945587e-02
1.451111305505037308e-02
1.456770114600658417e-02
1.599372774362564087e-01
1.614887863397598267e-01
1.338849812746047974e-01
-1.715976186096668243e-02
-1.905484497547149658e-02
-1.867766864597797394e-02
1.402670890092849731e-01
-1.640689908526837826e-03
-1.638849964365363121e-03
-1.636623404920101166e-03
-1.635130844078958035e-03
-1.633249921724200249e-03
-1.631738035939633846e-03
-3.946140874177217484e-03
6.729403394274413586e-04
6.832493818365037441e-04
6.915502599440515041e-04
7.019952754490077496e-04
7.146307616494596004e-04
7.231166237033903599e-04
7.337944698520004749e-04
7.467130781151354313e-04
7.553897448815405369e-04
7.663088035769760609e-04
7.795200799591839314e-04
7.861704216338694096e-04
8.081380510702729225e-04
8.063102141022682190e-04
8.661898318678140640e-04
8.337621693499386311e-04
8.406516280956566334e-04
8.545435848645865917e-04
8.662277250550687313e-04
8.756245952099561691e-04
8.898432715795934200e-04
9.018031414598226547e-04
9.114227141253650188e-04
9.235438774339854717e-04
-3.698377171531319618e-03
-3.693455830216407776e-03
9.333730558864772320e-04
9.482453460805118084e-04
9.557355078868567944e-04
9.708241559565067291e-04
9.835103992372751236e-04
9.937337599694728851e-04
1.009194180369377136e-03
1.022194046527147293e-03
1.032670959830284119e-03
1.048516831360757351e-03
1.056498731486499310e-03
1.072582090273499489e-03
1.042406540364027023e-03
1.050463644787669182e-03
1.066720229573547840e-03
1.126710674725472927e-03
1.137880492024123669e-03
1.154804485850036144e-03
1.163315959274768829e-03
1.180492108687758446e-03
1.194952521473169327e-03
1.206591958180069923e-03
1.221268903464078903e-03
1.239062286913394928e-03
-3.377554705366492271e-03
-3.382939146831631660e-03
1.253616646863520145e-03
1.262720557861030102e-03
1.281074946746230125e-03
1.296521397307515144e-03
1.315241330303251743e-03
1.324677257798612118e-03
1.343704410828649998e-03
1.359720015898346901e-03
1.372637925669550896e-03
1.392194069921970367e-03
1.402053399942815304e-03
1.375562278553843498e-03
1.392106059938669205e-03
1.451733056455850601e-03
1.468755654059350491e-03
1.489408896304666996e-03
1.503287465311586857e-03
1.520800986327230930e-03
1.542052370496094227e-03
1.556334900669753551e-03
1.574360649101436138e-03
1.596237532794475555e-03
1.607251819223165512e-03
1.629516831599175930e-03
-6.747550214640796185e-04
3.956701140850782394e-03
3.993317019194364548e-03
4.024165216833353043e-03
4.049068316817283630e-03
4.040294792503118515e-03
4.071854054927825928e-03
4.097333643585443497e-03
4.129477310925722122e-03
4.168487619608640671e-03
4.194765351712703705e-03
4.227919504046440125e-03
4.254694096744060516e-03
4.334762226790189743e-03
4.376096185296773911e-03
4.396921955049037933e-03
4.439027048647403717e-03
4.474555142223834991e-03
4.503206815570592880e-03
4.546691197901964188e-03
4.583392292261123657e-03
4.612992983311414719e-03
4.650397226214408875e-03
4.695858340710401535e-03
4.726456478238105774e-03
4.718638490885496140e-03
2.427004277706146240e-03
7.076688576489686966e-03
7.139874156564474106e-03
7.203928194940090179e-03
7.236287929117679596e-03
7.301681675016880035e-03
7.356873247772455215e-03
4.713254515081644058e-03
-1.578168012201786041e-03
-1.691243378445506096e-03
-1.697581377811729908e-03
-1.647091936320066452e-03
-1.629212754778563976e-03
-1.626508194021880627e-03
-1.622392213903367519e-03
-1.620314083993434906e-03
-1.616104156710207462e-03
-6.258768029510974884e-03
-3.944835159927606583e-03
-3.959067631512880325e-03
-3.922402393072843552e-03
-3.934254869818687439e-03
-3.994920291006565094e-03
-4.007445182651281357e-03
-4.017588682472705841e-03
-4.030425101518630981e-03
-4.046064801514148712e-03
-4.056638106703758240e-03
-4.070021212100982666e-03
-4.086332861334085464e-03
-4.094593226909637451e-03
-4.111328162252902985e-03
-4.122646525502204895e-03
-4.136980976909399033e-03
-4.154470749199390411e-03
-4.163315519690513611e-03
-4.181264899671077728e-03
-4.196481779217720032e-03
-4.208800382912158966e-03
-4.227576777338981628e-03
-4.243500530719757080e-03
-4.256396554410457611e-03
-4.272756632417440414e-03
-1.977212028577923775e-03
-1.929668243974447250e-03
-1.974254148080945015e-03
-1.973073929548263550e-03
-1.971577294170856476e-03
-1.969749107956886292e-03
-1.968510448932647705e-03
-1.966938842087984085e-03
-1.965018222108483315e-03
-1.963388174772262573e-03
-1.962064066901803017e-03
-1.960383262485265732e-03
-1.959017943590879440e-03
-1.956934342160820961e-03
-1.955162733793258667e-03
-1.953725470229983330e-03
-1.951528829522430897e-03
-1.949660596437752247e-03
-1.948144403286278248e-03
-1.946215750649571419e-03
-1.943852403201162815e-03
-1.942653441801667213e-03
-1.940209651365876198e-03
-1.938552130013704300e-03
-1.936442102305591106e-03
-6.568358745425939560e-03
-4.314668942242860794e-03
-4.340175539255142212e-03
-4.319624975323677063e-03
-4.332638345658779144e-03
-4.359140060842037201e-03
-4.381723701953887939e-03
-4.400127567350864410e-03
-4.428310785442590714e-03
-4.452344030141830444e-03
-4.471940454095602036e-03
-4.496911540627479553e-03
-4.527597222477197647e-03
-4.543243907392024994e-03
-4.575165919959545135e-03
-4.607975017279386520e-03
-4.624684341251850128e-03
-4.658839665353298187e-03
-4.682139027863740921e-03
-4.711882676929235458e-03
-4.748535808175802231e-03
-4.773522261530160904e-03
-4.805471748113632202e-03
-4.844881594181060791e-03
-4.871770273894071579e-03
-4.952601157128810883e-03
-9.646157734096050262e-03
-7.341710384935140610e-03
-7.396148983389139175e-03
-7.465824484825134277e-03
-7.522914558649063110e-03
-7.596027106046676636e-03
-7.686434779316186905e-03
-7.748396135866641998e-03
-7.827824912965297699e-03
-7.926171645522117615e-03
-7.993651553988456726e-03
-8.080255240201950073e-03
-8.151411078870296478e-03
-8.242794312536716461e-03
-8.356271311640739441e-03
-8.434180170297622681e-03
-8.534458465874195099e-03
-8.659179322421550751e-03
-8.723266422748565674e-03
-8.855474181473255157e-03
-8.993197232484817505e-03
-9.064070880413055420e-03
-9.256831370294094086e-03
-9.384512901306152344e-03
-9.516966529190540314e-03
-9.626290760934352875e-03
-9.756408631801605225e-03
-9.825950488448143005e-03
-9.975694119930267334e-03
-1.016328763216733932e-02
-1.026049721986055374e-02
-1.046217139810323715e-02
-1.063805725425481796e-02
-1.078421529382467270e-02
-1.101314369589090347e-02
-1.117262616753578186e-02
-1.138023473322391510e-02
-1.164233218878507614e-02
-1.087178103625774384e-02
-4.717158153653144836e-03
-5.175685044378042221e-03
-5.245340056717395782e-03
-5.356244742870330811e-03
-5.414629820734262466e-03
-5.491142626851797104e-03
-5.600049626082181931e-03
-5.692278034985065460e-03
-8.114883676171302795e-03
-3.702721092849969864e-03
-3.661883063614368439e-03
-4.355697892606258392e-03
-4.419305361807346344e-03
-2.158269286155700684e-03
-2.158269286155700684e-03
-2.158269286155700684e-03
-2.158269286155700684e-03
-2.158269286155700684e-03
-2.158269286155700684e-03
-2.158269286155700684e-03
-2.158269286155700684e-03
-2.158269286155700684e-03
1.504500047303736210e-03
-2.988250053022056818e-04
-4.045615904033184052e-03
-2.154519082978367805e-03
-2.154508838430047035e-03
-2.154496032744646072e-03
-2.154485788196325302e-03
7.599665224552154541e-02
3.267275914549827576e-02
-2.009572088718414307e-02
-1.918833889067173004e-02
-1.950333081185817719e-02
-1.922787353396415710e-02
-1.935131102800369263e-02
-1.904850266873836517e-02
-1.941362395882606506e-02
1.540720909833908081e-01
-2.154758432880043983e-03
-2.154748188331723213e-03
-2.154735615476965904e-03
-2.154720481485128403e-03
-2.154712798073887825e-03
-2.154697664082050323e-03
-4.472455009818077087e-03
1.566573482705280185e-04
1.667717442614957690e-04
1.752684329403564334e-04
1.821103796828538179e-04
1.907197729451581836e-04
1.976529892999678850e-04
1.618562237126752734e-04
1.704863243503496051e-04
1.774365518940612674e-04
1.861830678535625339e-04
1.967654534382745624e-04
2.038737584371119738e-04
2.128198102582246065e-04
2.236513391835615039e-04
2.290942211402580142e-04
2.400756638962775469e-04
2.936786331702023745e-04
3.031362139154225588e-04
3.145826340187340975e-04
3.242096863687038422e-04
3.319529350847005844e-04
3.417085390537977219e-04
3.535246942192316055e-04
3.594635054469108582e-04
3.714407503139227629e-04
-1.948228804394602776e-03
2.686438383534550667e-03
2.663289196789264679e-03
2.682685852050781250e-03
2.698315307497978210e-03
2.721949014812707901e-03
2.737833885475993156e-03
2.757835900411009789e-03
2.782054245471954346e-03
2.794253174215555191e-03
2.818832639604806900e-03
2.839502878487110138e-03
2.856162143871188164e-03
2.877144142985343933e-03
2.902571577578783035e-03
2.919639227911829948e-03
2.941172802820801735e-03
2.958501456305384636e-03
3.031032858416438103e-03
3.053321270272135735e-03
3.080301685258746147e-03
3.093879669904708862e-03
3.121282206848263741e-03
3.148990217596292496e-03
3.162926761433482170e-03
-1.447792514227330685e-03
-1.483661239035427570e-03
3.153108060359954834e-03
3.181510604918003082e-03
3.195825498551130295e-03
3.224687883630394936e-03
3.253863193094730377e-03
3.268570406362414360e-03
3.298223717138171196e-03
3.318173578009009361e-03
3.343316959217190742e-03
3.373795887455344200e-03
3.389161778613924980e-03
3.420151071622967720e-03
3.492452669888734818e-03
3.524364437907934189e-03
3.540426492691040039e-03
3.572864457964897156e-03
3.559383563697338104e-03
3.575776005163788795e-03
3.608885686844587326e-03
3.636790905147790909e-03
3.659272799268364906e-03
3.687648102641105652e-03
3.722086548805236816e-03
3.739425679668784142e-03
-8.661210886202752590e-04
3.769166301935911179e-03
3.792802570387721062e-03
3.828611457720398903e-03
3.858782583847641945e-03
3.883139695972204208e-03
3.920046612620353699e-03
3.938669338822364807e-03
3.976260311901569366e-03
4.007941111922264099e-03
4.033522680401802063e-03
4.072295036166906357e-03
4.104977473616600037e-03
4.084904678165912628e-03
4.164154175668954849e-03
4.204611293971538544e-03
4.224996548146009445e-03
4.266213160008192062e-03
4.300994798541069031e-03
4.329045303165912628e-03
4.371620249003171921e-03
4.407554864883422852e-03
4.436539951711893082e-03
4.480568226426839828e-03
4.517687484622001648e-03
4.540130961686372757e-03
-6.850080535514280200e-05
4.564156290143728256e-03
4.602426663041114807e-03
4.648929927498102188e-03
4.680288489907979965e-03
4.719895310699939728e-03
4.768033046275377274e-03
4.792355466634035110e-03
4.794960841536521912e-03
4.836185835301876068e-03
4.869518801569938660e-03
4.966509994119405746e-03
5.026765633374452591e-03
5.044294521212577820e-03
5.097100511193275452e-03
5.141733214259147644e-03
5.177776329219341278e-03
5.232563707977533340e-03
5.260265432298183441e-03
5.316295661032199860e-03
5.363672971725463867e-03
5.401945672929286957e-03
5.450380966067314148e-03
5.509365815669298172e-03
5.549136549234390259e-03
9.174239239655435085e-04
9.331353357993066311e-04
3.285179380327463150e-03
3.314141184091567993e-03
3.404348390176892281e-03
3.426813054829835892e-03
3.472292097285389900e-03
3.510761074721813202e-03
3.541915910318493843e-03
3.581344848498702049e-03
3.629384562373161316e-03
3.661860711872577667e-03
3.702971152961254120e-03
3.761664032936096191e-03
3.778452286496758461e-03
3.829861525446176529e-03
3.873420413583517075e-03
3.908666782081127167e-03
3.962365444749593735e-03
3.961532376706600189e-03
4.016590304672718048e-03
4.044458270072937012e-03
4.101060330867767334e-03
4.139313474297523499e-03
4.187836777418851852e-03
4.247096367180347443e-03
-3.585021477192640305e-04
4.281214904040098190e-03
4.332245793193578720e-03
4.373656120151281357e-03
4.436770919710397720e-03
4.490306135267019272e-03
4.533763509243726730e-03
4.588889423757791519e-03
4.656251985579729080e-03
4.701911471784114838e-03
4.759853705763816833e-03
4.806915763765573502e-03
4.999035038053989410e-03
5.498199257999658585e-03
5.567609332501888275e-03
5.638395436108112335e-03
5.695866420865058899e-03
5.768977105617523193e-03
5.811944138258695602e-03
5.872420035302639008e-03
5.949315614998340607e-03
1.439114683307707310e-03
1.017763093113899231e-02
1.027930527925491333e-02
1.048098132014274597e-02
1.056058239191770554e-02
1.072281785309314728e-02
1.086120493710041046e-02
1.097406819462776184e-02
1.114707160741090775e-02
1.129486318677663803e-02
1.141527388244867325e-02
1.156898774206638336e-02
8.754326030611991882e-03
2.227785065770149231e-03
2.147173276171088219e-03
2.176890149712562561e-03
2.268683165311813354e-03
-2.312013646587729454e-03
2.323840977624058723e-03
2.393808681517839432e-03
2.441679593175649643e-03
2.502953168004751205e-03
2.578670391812920570e-03
2.650006441399455070e-03
3.238087520003318787e-03
3.303018864244222641e-03
3.403460374101996422e-03
3.472390584647655487e-03
3.561143064871430397e-03
3.671325510367751122e-03
3.727952716872096062e-03
3.844792721793055534e-03
3.904856042936444283e-03
4.028816241770982742e-03
4.157947842031717300e-03
4.269829485565423965e-03
4.362072795629501343e-03
4.481276962906122208e-03
-6.361345731420442462e-05
4.603642970323562622e-03
4.759384784847497940e-03
4.848040640354156494e-03
4.959461279213428497e-03
5.394038278609514236e-03
6.137865129858255386e-03
6.295435130596160889e-03
6.501167081296443939e-03
6.738274358212947845e-03
6.919148843735456467e-03
3.917403519153594971e-03
-2.885296475142240524e-03
-3.477966412901878357e-03
-3.510978771373629570e-03
-3.563799895346164703e-03
-3.338396549224853516e-03
3.314826637506484985e-03
3.500278806313872337e-03
3.750539384782314301e-03
3.995475359261035919e-03
-2.158269286155700684e-03
-2.158269286155700684e-03
-2.158269286155700684e-03
-2.158269286155700684e-03
-2.158269286155700684e-03
-2.158269286155700684e-03
-2.158269286155700684e-03
-2.158269286155700684e-03
-2.158269286155700684e-03
1.411997363902628422e-03
5.020057782530784607e-03
6.461109034717082977e-03
6.490313913673162460e-03
6.519719026982784271e-03
6.549322977662086487e-03
1.571746766567230225e-01
1.424799710512161255e-01
-3.775596618652343750e-03
-2.446050010621547699e-02
-2.184923365712165833e-02
1.439482569694519043e-01
-4.694547038525342941e-03
-4.705370403826236725e-03
-4.712626338005065918e-03
-4.721762612462043762e-03
-4.732813220471143723e-03
-4.837409593164920807e-03
-1.305546425282955170e-02
-5.018439609557390213e-03
-5.026912316679954529e-03
-5.037572234869003296e-03
-5.046158563345670700e-03
-5.056962836533784866e-03
-5.070035345852375031e-03
-5.078816320747137070e-03
-5.089867394417524338e-03
-5.009611602872610092e-03
-5.025700666010379791e-03
-5.032390356063842773e-03
-5.045878235250711441e-03
-5.057224538177251816e-03
-5.066351033747196198e-03
-5.077858921140432358e-03
-9.710114449262619019e-03
-5.153703037649393082e-03
-5.165670998394489288e-03
-5.175313912332057953e-03
-5.187455099076032639e-03
-5.202154628932476044e-03
-5.209557712078094482e-03
-5.224472843110561371e-03
-5.237014032900333405e-03
-5.247121211141347885e-03
-5.130028817802667618e-03
-5.249273963272571564e-03
-5.259763915091753006e-03
-5.272999405860900879e-03
-5.283651407808065414e-03
-5.299781914800405502e-03
-5.313362926244735718e-03
-5.324293393641710281e-03
-5.382929928600788116e-03
-5.657072644680738449e-03
-5.669584032148122787e-03
-5.688520148396492004e-03
-5.698065273463726044e-03
-5.763532128185033798e-03
-5.783241242170333862e-03
-5.793176591396331787e-03
-5.813209805637598038e-03
-5.823310464620590210e-03
-5.843680351972579956e-03
-5.855711642652750015e-03
-5.828372668474912643e-03
-5.849056877195835114e-03
-5.866471678018569946e-03
-5.887601990252733231e-03
-5.901800934225320816e-03
-5.919719114899635315e-03
-5.941462703049182892e-03
-5.952407605946063995e-03
-5.974532570689916611e-03
-5.985669791698455811e-03
-6.008170079439878464e-03
-6.077257450670003891e-03
-8.404158987104892731e-03
-3.800570964813232422e-03
-3.808765439316630363e-03
-3.815380856394767761e-03
-3.825402818620204926e-03
-3.833847818896174431e-03
-3.840665798634290695e-03
-3.849266795441508293e-03
-3.859703894704580307e-03
-3.864971455186605453e-03
-3.829139983281493187e-03
-3.836108138784766197e-03
-3.844901220872998238e-03
-3.847007872536778450e-03
-3.862757934257388115e-03
-3.871834138408303261e-03
-3.882852615788578987e-03
-3.892150707542896271e-03
-3.945885226130485535e-03
-3.955610562115907669e-03
-3.963466733694076538e-03
-3.975381609052419662e-03
-3.985438495874404907e-03
-3.993551246821880341e-03
-4.003803245723247528e-03
-8.648140355944633484e-03
-8.668805472552776337e-03
-6.378879304975271225e-03
-6.361390464007854462e-03
-6.375838536769151688e-03
-6.405035965144634247e-03
-6.429679226130247116e-03
-6.449598353356122971e-03
-6.467080675065517426e-03
-6.654816679656505585e-03
-6.685306783765554428e-03
-6.713020615279674530e-03
-6.746749393641948700e-03
-6.763769779354333878e-03
-6.798235233873128891e-03
-6.827373988926410675e-03
-6.850910838693380356e-03
-6.886719726026058197e-03
-6.904796231538057327e-03
-6.941412575542926788e-03
-6.978621240705251694e-03
-6.997407879680395126e-03
-1.166635192930698395e-02
-9.404066018760204315e-03
-9.442431852221488953e-03
-9.490962140262126923e-03
-9.550061076879501343e-03
-9.579966776072978973e-03
-9.640511125326156616e-03
-9.645180776715278625e-03
-9.686402045190334320e-03
-9.795238263905048370e-03
-9.848603047430515289e-03
-9.891834110021591187e-03
-9.946561418473720551e-03
-1.000471413135528564e-02
-9.971360675990581512e-03
-1.023681834340095520e-02
-1.035410817712545395e-02
-1.050739455968141556e-02
-1.052309945225715637e-02
-1.052630785852670670e-02
-5.210279487073421478e-03
-1.000874210149049759e-03
-7.426839438267052174e-04
-7.337059359997510910e-04
-7.223222637549042702e-04
-7.130833691917359829e-04
-6.989999092184007168e-04
-6.870524375699460506e-04
-6.773525965400040150e-04
-6.625607493333518505e-04
-6.500065210275352001e-04
-6.398104014806449413e-04
-6.242549861781299114e-04
-6.024700123816728592e-04
-6.003151647746562958e-04
-5.866895662620663643e-04
-5.700105102732777596e-04
-5.615532863885164261e-04
-5.443443660624325275e-04
-5.297066527418792248e-04
-5.178238498046994209e-04
-4.996540374122560024e-04
-4.379659367259591818e-04
-4.250605998095124960e-04
-4.549273871816694736e-04
-4.353261901997029781e-04
-5.050903651863336563e-03
-5.087636876851320267e-03
-4.706831823568791151e-04
-4.539985384326428175e-04
-4.335359844844788313e-04
-4.231193743180483580e-04
-4.019041953142732382e-04
-3.801637503784149885e-04
-4.948767018504440784e-04
-3.338044043630361557e-04
-3.723856934811919928e-04
-3.521123435348272324e-04
-3.271868627052754164e-04
-3.144803049508482218e-04
-2.884981513489037752e-04
-2.662636397872120142e-04
-2.481222909409552813e-04
-2.202047326136380434e-04
-1.963238901225849986e-04
-1.768096553860232234e-04
-1.518218050478026271e-04
-2.458524657413363457e-03
-2.463176148012280464e-03
2.183356555178761482e-03
2.229138510301709175e-03
2.287742681801319122e-03
2.360167214646935463e-03
2.397270640358328819e-03
2.473336411640048027e-03
2.551985671743750572e-03
2.592319855466485023e-03
2.675096038728952408e-03
2.746311016380786896e-03
2.804812043905258179e-03
2.888223854824900627e-03
2.941420534625649452e-03
3.036925802007317543e-03
3.119288478046655655e-03
3.221700899302959442e-03
3.274313407018780708e-03
3.382821800187230110e-03
3.495821962133049965e-03
3.553958842530846596e-03
3.674043808132410049e-03
3.778117476031184196e-03
3.863941878080368042e-03
3.974963910877704620e-03
1.745695946738123894e-03
7.445804309099912643e-03
8.516718633472919464e-03
8.748402819037437439e-03
8.990348316729068756e-03
9.191760793328285217e-03
9.453976526856422424e-03
7.012789137661457062e-03
2.884400309994816780e-03
3.334844484925270081e-03
4.293510690331459045e-03
4.461504053324460983e-03
4.730984568595886230e-03
2.621111227199435234e-03
6.354319863021373749e-03
6.654238328337669373e-03
7.145901676267385483e-03
-2.158269286155700684e-03
-2.158269286155700684e-03
-2.158269286155700684e-03
-2.158269286155700684e-03
-2.158269286155700684e-03
-2.158269286155700684e-03
-2.158269286155700684e-03
-2.158269286155700684e-03
-2.158269286155700684e-03
-7.793102413415908813e-03
-2.611922333016991615e-03
-4.593593475874513388e-04
-4.547548887785524130e-04
-4.478012851905077696e-04
-4.443031211849302053e-04
-5.463343113660812378e-02
2.846827358007431030e-02
-1.119564194232225418e-02
-1.757424138486385345e-02
-1.759507320821285248e-02
-1.760260760784149170e-02
-1.710473001003265381e-02
-1.764315366744995117e-02
-1.753838174045085907e-02
1.008628308773040771e-01
-3.759018145501613617e-04
-3.721086250152438879e-04
-3.644641255959868431e-04
-3.580387856345623732e-04
-3.528739325702190399e-04
-3.450636286288499832e-04
-4.980625119060277939e-03
-4.980211611837148666e-03
-3.527813823893666267e-04
-3.448679053690284491e-04
-3.408851334825158119e-04
-3.328669117763638496e-04
-3.274818882346153259e-04
-3.207059344276785851e-04
-3.125081129837781191e-04
-3.083817719016224146e-04
-3.000735596287995577e-04
-2.916902594733983278e-04
-2.846462011802941561e-04
-3.253126051276922226e-04
-2.720946504268795252e-04
-2.663492050487548113e-04
-2.576570550445467234e-04
-2.503469877410680056e-04
-2.444680139888077974e-04
-2.370614383835345507e-04
-2.280919870827347040e-04
-2.220749447587877512e-04
-2.144936443073675036e-04
-2.053117350442335010e-04
-2.006966824410483241e-04
-1.913892774609848857e-04
-2.504218136891722679e-03
2.120258519425988197e-03
2.140819327905774117e-03
2.151173073798418045e-03
2.172032371163368225e-03
2.189569873735308647e-03
2.210803329944610596e-03
2.221497707068920135e-03
2.243044553324580193e-03
2.218321664258837700e-03
2.229167614132165909e-03
2.251020632684230804e-03
2.265710383653640747e-03
2.284211572259664536e-03
2.352927578613162041e-03
2.364318352192640305e-03
2.387301996350288391e-03
2.406648593023419380e-03
2.422218210995197296e-03
2.445796038955450058e-03
2.465644618496298790e-03
2.481620293110609055e-03
2.501765266060829163e-03
2.518007066100835800e-03
2.542582806199789047e-03
-2.066461602225899696e-03
-2.074553631246089935e-03
2.563856309279799461e-03
2.589070238173007965e-03
2.614555647596716881e-03
2.627400681376457214e-03
2.653300995007157326e-03
2.633056137710809708e-03
2.646127017214894295e-03
2.668071305379271507e-03
2.685771090909838676e-03
2.712565939873456955e-03
2.735122339800000191e-03
2.799528185278177261e-03
2.827336080372333527e-03
2.850766060873866081e-03
2.869637915864586830e-03
2.893449738621711731e-03
2.922342391684651375e-03
2.941757906228303909e-03
2.966259839013218880e-03
2.995992545038461685e-03
3.010961227118968964e-03
2.994891954585909843e-03
3.020152216777205467e-03
3.040505805984139442e-03
-1.568515552207827568e-03
3.059403272345662117e-03
3.080195980146527290e-03
3.106420394033193588e-03
3.138238098472356796e-03
3.159664338454604149e-03
3.233033930882811546e-03
3.255044110119342804e-03
3.288398031145334244e-03
3.316507674753665924e-03
3.339205402880907059e-03
3.367844270542263985e-03
3.402605885639786720e-03
3.426023991778492928e-03
3.455575788393616676e-03
3.445160109549760818e-03
3.469113260507583618e-03
3.499373560771346092e-03
3.536140080541372299e-03
3.554668044671416283e-03
3.592135384678840637e-03
3.623759374022483826e-03
3.649267135187983513e-03
3.688013879582285881e-03
3.707544412463903427e-03
3.747050650417804718e-03
1.495544682256877422e-03
6.137914489954710007e-03
6.194632966071367264e-03
6.242492236196994781e-03
6.281177513301372528e-03
6.330037489533424377e-03
6.389419548213481903e-03
1.228138338774442673e-03
-5.201447755098342896e-03
-5.878829862922430038e-03
-5.896994378417730331e-03
-5.924618802964687347e-03
-5.938558373600244522e-03
-5.966786295175552368e-03
-5.990649107843637466e-03
-6.009924225509166718e-03
-6.034316029399633408e-03
-6.110218353569507599e-03
-6.125387735664844513e-03
-6.156118120998144150e-03
-6.176870316267013550e-03
-6.203116849064826965e-03
-6.230418104678392410e-03
-6.262755021452903748e-03
-6.279116030782461166e-03
-6.312233861535787582e-03
-6.340240128338336945e-03
-6.362918764352798462e-03
-6.397402379661798477e-03
-6.414857227355241776e-03
-6.403631530702114105e-03
-6.433210801333189011e-03
-6.457172334194183350e-03
-6.493624299764633179e-03
-6.562107708305120468e-03
-6.595917511731386185e-03
-6.634358782321214676e-03
-6.666929461061954498e-03
-6.693285424262285233e-03
-6.726723164319992065e-03
-6.753783207386732101e-03
-6.788097321987152100e-03
-6.829980760812759399e-03
-6.858281791210174561e-03
-6.894178222864866257e-03
-6.938012316823005676e-03
-6.960192695260047913e-03
-1.162283401936292648e-02
-9.386326186358928680e-03
-9.420618414878845215e-03
-9.490189142525196075e-03
-9.549192152917385101e-03
-9.597081691026687622e-03
-9.670088998973369598e-03
-9.732033126056194305e-03
-9.735948406159877777e-03
-9.799371473491191864e-03
-6.850310601294040680e-03
-6.519129383377730846e-04
-4.354679258540272713e-04
-4.201067786198109388e-04
-4.044457746203988791e-04
-3.917336871381849051e-04
-3.755669749807566404e-04
-3.557597519829869270e-04
-3.423293819651007652e-04
-3.252415917813777924e-04
-3.113379061687737703e-04
-2.936589589808136225e-04
-4.901171196252107620e-03
-2.970103232655674219e-04
-2.823936811182647943e-04
-3.066944482270628214e-04
-2.881178224924951792e-04
-2.729860425461083651e-04
-2.133263478754088283e-04
-4.865577807322551962e-07
1.830147630244027823e-05
5.568499545915983617e-05
6.179376941872760653e-05
9.176745516015216708e-05
1.173902273876592517e-04
1.382769987685605884e-04
2.169984363717958331e-04
2.450021274853497744e-04
2.678465389180928469e-04
2.507330209482461214e-04
2.860580862034112215e-04
3.101518668700009584e-04
3.409972414374351501e-04
3.661916125565767288e-04
-1.929406542330980301e-03
2.723036799579858780e-03
2.786931581795215607e-03
2.839264692738652229e-03
2.906257752329111099e-03
2.989058615639805794e-03
3.045779885724186897e-03
3.118463326245546341e-03
3.208406968042254448e-03
3.270092187449336052e-03
3.349220845848321915e-03
3.414203645661473274e-03
3.497620113193988800e-03
3.609678940847516060e-03
3.654260654002428055e-03
3.763577202335000038e-03
3.877154784277081490e-03
3.981540910899639130e-03
4.102699458599090576e-03
4.181568045169115067e-03
4.245944786816835403e-03
4.356415476649999619e-03
4.447419196367263794e-03
4.588923882693052292e-03
4.711556714028120041e-03
2.046535228146240115e-04
2.488347527105361223e-04
4.964064806699752808e-03
5.130919162184000015e-03
5.217310972511768341e-03
5.396381951868534088e-03
5.520669277757406235e-03
5.681894253939390182e-03
5.884525366127490997e-03
5.989815108478069305e-03
6.208882201462984085e-03
6.440042052417993546e-03
3.430742537602782249e-03
-5.033594206906855106e-04
-4.037781327497214079e-04
-3.648631973192095757e-04
-3.030441293958574533e-04
-2.705698425415903330e-04
-2.019991370616480708e-04
-1.408859825460240245e-04
-8.926487498683854938e-05
-2.083502295135986060e-05
6.755912181688472629e-05
6.634700548602268100e-05
1.468447007937356830e-04
2.514804073143750429e-04
3.074428823310881853e-04
4.275450191926211119e-04
5.369446589611470699e-04
6.313621415756642818e-04
7.860784535296261311e-04
9.287516004405915737e-04
-2.158269286155700684e-03
-2.158269286155700684e-03
-2.158269286155700684e-03
-2.158269286155700684e-03
-2.158269286155700684e-03
-2.158269286155700684e-03
-2.158269286155700684e-03
-2.158269286155700684e-03
-2.158269286155700684e-03
-2.158269286155700684e-03
-1.039933413267135620e-03
2.938142279163002968e-03
5.048542283475399017e-03
5.068070720881223679e-03
5.097561981528997421e-03
5.112398881465196609e-03
1.450234651565551758e-01
1.590133607387542725e-01
3.792630508542060852e-02
-1.180984638631343842e-02
-1.178012974560260773e-02
-1.183068938553333282e-02
-1.188212912529706955e-02
-1.178429275751113892e-02
-9.488084353506565094e-03
-1.290188264101743698e-02
5.508347414433956146e-03
3.211912233382463455e-03
3.236031159758567810e-03
3.255609655752778053e-03
4.942835308611392975e-03
-1.579664298333227634e-03
-1.944255316630005836e-03
-1.943617477081716061e-03
-1.942654023878276348e-03
-1.895683119073510170e-03
-1.894694520160555840e-03
-1.885126112028956413e-03
-1.892888918519020081e-03
-1.891675055958330631e-03
-1.890450832433998585e-03
-1.889835461042821407e-03
-1.841823337599635124e-03
-1.881864503957331181e-03
-1.880989409983158112e-03
-6.521527189761400223e-03
-1.897860784083604813e-03
-1.896819565445184708e-03
-1.895559369586408138e-03
-1.894924789667129517e-03
-1.893645967356860638e-03
-1.892354572191834450e-03
-1.891704276204109192e-03
-1.890394021756947041e-03
-1.889292267151176929e-03
-1.887957914732396603e-03
-1.887285965494811535e-03
-1.885931706055998802e-03
-1.876220805570483208e-03
-2.160867908969521523e-03
-2.393052214756608009e-03
-2.301633358001708984e-03
-2.302221255376935005e-03
-2.117748139426112175e-03
-2.071001566946506500e-03
-3.376730484887957573e-03
-3.502800827845931053e-03
-3.507694462314248085e-03
-3.515102667734026909e-03
-3.518837038427591324e-03
-3.526367945596575737e-03
-3.532708389684557915e-03
-3.537822281941771507e-03
-3.544269362464547157e-03
-3.599069314077496529e-03
-3.589980537071824074e-03
-3.595524700358510017e-03
-3.603935241699218750e-03
-3.608169499784708023e-03
-3.616723464801907539e-03
-8.257920853793621063e-03
-8.267445489764213562e-03
-3.654022701084613800e-03
-3.661508904770016670e-03
-3.667552256956696510e-03
-3.628904698416590691e-03
-3.637872170656919479e-03
-3.647741163149476051e-03
-3.630875144153833389e-03
-3.864681115373969078e-03
-3.872046014294028282e-03
-3.883229568600654602e-03
-3.888865467160940170e-03
-3.900263691321015358e-03
-3.818339202553033829e-03
-3.975155297666788101e-03
-3.983460832387208939e-03
-3.993949852883815765e-03
-4.002429544925689697e-03
-4.015294834971427917e-03
-3.979661501944065094e-03
-3.988222219049930573e-03
-3.999036736786365509e-03
-4.012185148894786835e-03
-4.021055065095424652e-03
-4.032262600958347321e-03
-4.041326232254505157e-03
-4.101545084267854691e-03
-4.113460890948772430e-03
-4.123082384467124939e-03
-4.137708805501461029e-03
-4.150073044002056122e-03
-4.162584431469440460e-03
-4.172696266323328018e-03
-4.188073333352804184e-03
-4.201076924800872803e-03
-4.211583174765110016e-03
-4.224881064146757126e-03
-4.241077229380607605e-03
-8.828287012875080109e-03
-4.238042980432510376e-03
-4.251833073794841766e-03
-4.262997768819332123e-03
-4.279969725757837296e-03
-4.288558848202228546e-03
-4.305947571992874146e-03
-4.366945009678602219e-03
-4.379113204777240753e-03
-4.397618118673563004e-03
-4.413276445120573044e-03
-4.425961524248123169e-03
-4.442019388079643250e-03
-4.453027155250310898e-03
-4.474828019738197327e-03
-4.491589032113552094e-03
-4.512037150561809540e-03
-4.525847733020782471e-03
-4.543370101600885391e-03
-4.557552747428417206e-03
-4.575536586344242096e-03
-4.551057703793048859e-03
-4.561951849609613419e-03
-4.584068432450294495e-03
-4.602826200425624847e-03
-4.618016537278890610e-03
-9.277125820517539978e-03
-7.007747422903776169e-03
-7.038552779704332352e-03
-7.077614311128854752e-03
-7.125321310013532639e-03
-7.204041350632905960e-03
-7.245420012623071671e-03
-7.295978255569934845e-03
-7.321635726839303970e-03
-7.373726926743984222e-03
-7.426880300045013428e-03
-7.462922949343919754e-03
-7.508673239499330521e-03
-7.545846514403820038e-03
-7.593044079840183258e-03
-7.650784682482481003e-03
-7.689964491873979568e-03
-7.739731110632419586e-03
-7.800685707479715347e-03
-7.831606082618236542e-03
-7.894553244113922119e-03
-7.948127575218677521e-03
-7.945275865495204926e-03
-8.000203408300876617e-03
1.755282981321215630e-03
8.091330528259277344e-03
5.657197325490415096e-04
5.878350930288434029e-04
6.159897311590611935e-04
6.389326299540698528e-04
6.740667158737778664e-04
7.040269556455314159e-04
8.178903372026979923e-04
1.005035592243075371e-03
1.033917302265763283e-03
1.078311819583177567e-03
1.100933179259300232e-03
1.147195813246071339e-03
1.194820040836930275e-03
1.235542353242635727e-03
1.268808147870004177e-03
1.311390427872538567e-03
1.346167060546576977e-03
-9.352418128401041031e-04
-9.280762751586735249e-04
-9.066351340152323246e-04
3.768593771383166313e-03
3.863607300445437431e-03
3.912264946848154068e-03
4.011976998299360275e-03
4.115018062293529510e-03
4.167838487774133682e-03
4.322792403399944305e-03
4.378773272037506104e-03
4.493686370551586151e-03
4.612708464264869690e-03
4.599873907864093781e-03
5.201410036534070969e-03
5.299326032400131226e-03
5.451419856399297714e-03
5.582900252193212509e-03
5.691295489668846130e-03
2.885283436626195908e-03
-3.777099074795842171e-03
-4.123927559703588486e-03
-4.155432339757680893e-03
-4.204628057777881622e-03
-4.238794557750225067e-03
-4.283141344785690308e-03
-4.338918253779411316e-03
-4.367918707430362701e-03
-4.428297746926546097e-03
-4.492070060223340988e-03
-4.525317810475826263e-03
-4.594739992171525955e-03
-4.655826371163129807e-03
-4.706858657300472260e-03
-4.773722030222415924e-03
-4.858793225139379501e-03
-4.918555263429880142e-03
-4.997217562049627304e-03
-5.063338205218315125e-03
-5.168602801859378815e-03
-5.262402351945638657e-03
-5.341622047126293182e-03
-5.446620285511016846e-03
-5.582136102020740509e-03
-8.078237995505332947e-03
-3.572625340893864632e-03
-3.589804284274578094e-03
-3.669212339445948601e-03
-3.742852481082081795e-03
-3.809934016317129135e-03
-3.867832245305180550e-03
-3.962712362408638000e-03
-2.158269286155700684e-03
-2.158269286155700684e-03
-2.158269286155700684e-03
-2.158269286155700684e-03
-2.158269286155700684e-03
-2.158269286155700684e-03
-2.158269286155700684e-03
-2.158269286155700684e-03
-2.158269286155700684e-03
-2.158269286155700684e-03
-2.158269286155700684e-03
-2.158269286155700684e-03
-2.158269286155700684e-03
-2.158269286155700684e-03
-2.158269286155700684e-03
-1.944867148995399475e-02
-1.973973587155342102e-02
-1.978722400963306427e-02
-1.984694413840770721e-02
-1.989500783383846283e-02
-1.995545811951160431e-02
-2.703144273255020380e-04
-3.708301112055778503e-02
-3.737370297312736511e-02
-3.753277286887168884e-02
-3.715364634990692139e-02
-3.747319802641868591e-02
-3.753172233700752258e-02
-3.776398301124572754e-02
1.260062009096145630e-01
-2.055708132684230804e-02
-2.063517458736896515e-02
-2.070081047713756561e-02
-2.075356245040893555e-02
-2.081998810172080994e-02
-2.090037427842617035e-02
-2.095426246523857117e-02
-2.099492214620113373e-02
-2.104941010475158691e-02
-2.113172598183155060e-02
-2.120087295770645142e-02
-2.128451131284236908e-02
-2.132660709321498871e-02
-2.141135372221469879e-02
-2.148254401981830597e-02
-2.153987810015678406e-02
-2.162651345133781433e-02
-2.165288478136062622e-02
-2.171136811375617981e-02
-2.184588648378849030e-02
-2.189042791724205017e-02
-2.198021858930587769e-02
-2.205571904778480530e-02
-2.211643569171428680e-02
-2.219292148947715759e-02
-2.228553593158721924e-02
-2.233207784593105316e-02
-2.242591418325901031e-02
-2.250484190881252289e-02
-2.256831713020801544e-02
-2.266436442732810974e-02
-2.274514734745025635e-02
-2.281012572348117828e-02
-2.285917475819587708e-02
-2.292493171989917755e-02
-2.302435040473937988e-02
-2.312471903860569000e-02
-2.317526564002037048e-02
-2.327708899974822998e-02
-2.336268872022628784e-02
-2.346632629632949829e-02
-2.353597804903984070e-02
-2.357728220522403717e-02
-2.368324808776378632e-02
-2.373662032186985016e-02
-2.389029227197170258e-02
-2.394457720220088959e-02
-2.405396103858947754e-02
-2.416451089084148407e-02
-2.422009781002998352e-02
-2.433225885033607483e-02
-2.442665956914424896e-02
-2.450263127684593201e-02
-2.461766637861728668e-02
-2.471450343728065491e-02
-2.479244209825992584e-02
-2.491054497659206390e-02
-2.496994100511074066e-02
-1.427911501377820969e-02
-8.038917556405067444e-03
-2.746555546764284372e-04
-2.678650489542633295e-04
-2.575869730208069086e-04
-2.524059091228991747e-04
-2.419585798634216189e-04
-2.331645519006997347e-04
-2.260710316477343440e-04
-2.617773425299674273e-04
-2.529464254621416330e-04
-2.458340313751250505e-04
-2.368535351706668735e-04
-2.296202874276787043e-04
-2.186575729865580797e-04
-2.094263181788846850e-04
-1.519880461273714900e-04
-1.442829816369339824e-04
-1.345590426353737712e-04
-1.247333566425368190e-04
-1.168171147583052516e-04
-4.732370842248201370e-03
-4.753606859594583511e-03
-1.180066465167328715e-04
-1.078922505257651210e-04
-9.562161721987649798e-05
-8.735938899917528033e-05
-7.693788938922807574e-05
-1.149423696915619075e-04
-1.045657991198822856e-04
-9.197385952575132251e-05
-8.349346899194642901e-05
-7.279420242412015796e-05
-5.980854257359169424e-05
-5.325505844666622579e-05
-4.002422429039143026e-05
1.752615025907289237e-05
2.672132904990576208e-05
4.067370537086389959e-05
4.771729800268076360e-05
6.193998706294223666e-05
7.634731446160003543e-05
8.850619633449241519e-05
9.831255738390609622e-05
1.107028729165904224e-04
1.257616531802341342e-04
1.333519321633502841e-04
-4.536170512437820435e-03
-4.558090586215257645e-03
-2.246969612315297127e-03
-2.247572643682360649e-03
-2.247979631647467613e-03
-2.248493488878011703e-03
-2.249013166874647141e-03
-2.249433193355798721e-03
-2.250070683658123016e-03
-2.250608755275607109e-03
-2.251043682917952538e-03
-2.251593396067619324e-03
-2.252261387184262276e-03
-2.252599224448204041e-03
-2.206913195550441742e-03
-2.207268262282013893e-03
-2.207447309046983719e-03
-2.254178281873464584e-03
-2.254771068692207336e-03
-2.255250466987490654e-03
-2.255856292322278023e-03
-2.256594132632017136e-03
-2.257216954603791237e-03
-2.257720567286014557e-03
-2.258487045764923096e-03
-2.258874010294675827e-03
-6.896993611007928848e-03
-4.612099379301071167e-03
-4.624969325959682465e-03
-4.644529893994331360e-03
-4.661067854613065720e-03
-4.674457944929599762e-03
-4.691398236900568008e-03
-4.712030291557312012e-03
-4.725973121821880341e-03
-4.697326105087995529e-03
-4.711360670626163483e-03
-4.729122854769229889e-03
-4.750766791403293610e-03
-4.811814054846763611e-03
-4.830668214708566666e-03
-4.853664897382259369e-03
-4.865290597081184387e-03
-4.888874944299459457e-03
-4.908859264105558395e-03
-4.925031214952468872e-03
-4.949672613292932510e-03
-4.970560781657695770e-03
-4.996022675186395645e-03
-5.013239569962024689e-03
8.318971842527389526e-03
1.234102807939052582e-02
1.570610888302326202e-02
1.582101359963417053e-02
3.051103465259075165e-02
3.461763262748718262e-02
3.619800135493278503e-02
3.644906729459762573e-02
3.685390949249267578e-02
3.704630210995674133e-02
3.750025853514671326e-02
3.784756362438201904e-02
3.812924772500991821e-02
3.848717734217643738e-02
3.892527520656585693e-02
3.914738073945045471e-02
3.959927335381507874e-02
3.998357430100440979e-02
3.793860971927642822e-02
3.838925063610076904e-02
3.884148225188255310e-02
3.908407688140869141e-02
3.951303660869598389e-02
4.220332577824592590e-02
4.254972562193870544e-02
4.299017786979675293e-02
4.352999106049537659e-02
4.380462318658828735e-02
4.436362534761428833e-02
4.483963176608085632e-02
4.522730037569999695e-02
4.582055285573005676e-02
4.633479192852973938e-02
2.844874560832977295e-02
2.437355369329452515e-02
6.815710570663213730e-03
4.309871874283999205e-04
1.195827935589477420e-04
1.419492036802694201e-04
-4.480816423892974854e-03
-2.168182982131838799e-03
-2.168334089219570160e-03
-2.214957261458039284e-03
-2.215547254309058189e-03
-2.216301858425140381e-03
-2.217234112322330475e-03
-2.217711647972464561e-03
-2.218690002337098122e-03
-2.219530288130044937e-03
-2.220219699665904045e-03
-2.221283270046114922e-03
-2.222197828814387321e-03
-2.222948707640171051e-03
-2.224109135568141937e-03
-2.225108910351991653e-03
-2.179388189688324928e-03
-2.179717645049095154e-03
-2.180127194151282310e-03
-2.180337440222501755e-03
-2.180770738050341606e-03
-2.181221963837742805e-03
-2.181453863158822060e-03
-2.181932795792818069e-03
-2.182347467169165611e-03
-2.182689262554049492e-03
-6.825162563472986221e-03
-4.564294591546058655e-03
-4.600203130394220352e-03
-4.692784976214170456e-03
-4.731924273073673248e-03
-4.782580770552158356e-03
-4.846064839512109756e-03
-4.890121519565582275e-03
-4.947265610098838806e-03
-5.019075237214565277e-03
-5.056384950876235962e-03
-5.028678104281425476e-03
-1.684644632041454315e-02
-2.109079621732234955e-02
-2.181345410645008087e-02
-1.477435603737831116e-02
-1.046782359480857849e-02
-1.093690190464258194e-02
-6.195406429469585419e-03
-2.281860506627708673e-04
2.964069426525384188e-04
5.408225115388631821e-04
5.785521352663636208e-04
-5.174861755222082138e-03
-5.231374409049749374e-03
-5.363544914871454239e-03
-5.493427626788616180e-03
-5.516214296221733093e-03
-5.750822369009256363e-03
-6.011263001710176468e-03
-6.373386364430189133e-03
-2.158269286155700684e-03
-2.158269286155700684e-03
-2.158269286155700684e-03
-2.158269286155700684e-03
-2.158269286155700684e-03
-2.158269286155700684e-03
-2.158269286155700684e-03
-2.158269286155700684e-03
-2.158269286155700684e-03
-2.158269286155700684e-03
-2.158269286155700684e-03
-2.158269286155700684e-03
-2.158269286155700684e-03
-2.158269286155700684e-03
-9.352745115756988525e-02
-7.741491496562957764e-02
-2.158269286155700684e-03
-2.158269286155700684e-03
-2.158269286155700684e-03
-1.949502341449260712e-02
-1.977500505745410919e-02
-1.983448304235935211e-02
-1.989436149597167969e-02
-1.989015936851501465e-02
-2.019423805177211761e-02
-3.749507665634155273e-02
-3.734176605939865112e-02
-3.757987543940544128e-02
-3.693990781903266907e-02
8.151713758707046509e-02
-2.061027474701404572e-02
-2.061608061194419861e-02
-2.069487050175666809e-02
-2.076108939945697784e-02
-2.081431820988655090e-02
-2.088134177029132843e-02
-2.090828493237495422e-02
-2.097598463296890259e-02
-2.105786837637424469e-02
-2.111284993588924408e-02
-2.122812904417514801e-02
-2.131201140582561493e-02
-2.136834338307380676e-02
-2.143922075629234314e-02
-2.152496390044689178e-02
-2.156812325119972229e-02
-2.164047770202159882e-02
-2.172801643610000610e-02
-2.178681269288063049e-02
-2.186080068349838257e-02
-2.195038273930549622e-02
-2.199538983404636383e-02
-2.208613976836204529e-02
-2.214709669351577759e-02
-2.222381904721260071e-02
-2.227020449936389923e-02
-2.234810404479503632e-02
-2.241075597703456879e-02
-2.248968742787837982e-02
-2.258527837693691254e-02
-2.264940366148948669e-02
-2.273019962012767792e-02
-2.279529348015785217e-02
-2.284438349306583405e-02
-2.294326759874820709e-02
-2.304309047758579254e-02
-2.309336140751838684e-02
-2.319462783634662628e-02
-2.324563078582286835e-02
-2.334836870431900024e-02
-2.345211058855056763e-02
-2.350435778498649597e-02
-2.360962517559528351e-02
-2.369813807308673859e-02
-2.376947551965713501e-02
-2.387736365199089050e-02
-2.396815456449985504e-02
-2.404121309518814087e-02
-2.413331158459186554e-02
-2.424491755664348602e-02
-2.430103719234466553e-02
-2.436770126223564148e-02
-2.446282096207141876e-02
-2.453937381505966187e-02
-2.470148541033267975e-02
-2.479927241802215576e-02
-2.487797476351261139e-02
-2.497721649706363678e-02
-2.505723387002944946e-02
-2.511760778725147247e-02
-2.523931860923767090e-02
-2.536231838166713715e-02
-2.542430348694324493e-02
-2.554927207529544830e-02
-2.565442770719528198e-02
-2.573923766613006592e-02
-2.586759254336357117e-02
-2.593229338526725769e-02
-2.606274560093879700e-02
-2.617255225777626038e-02
-2.626111917197704315e-02
-2.632616460323333740e-02
-2.650737762451171875e-02
-2.659833617508411407e-02
-2.671308442950248718e-02
-2.685229107737541199e-02
-2.694582380354404449e-02
-2.706384100019931793e-02
-2.720703184604644775e-02
-2.727910690009593964e-02
-2.742467448115348816e-02
-2.757201902568340302e-02
-2.764619514346122742e-02
-2.774588577449321747e-02
-2.784635312855243683e-02
-2.797304466366767883e-02
-2.084130421280860901e-03
1.637054793536663055e-02
2.251919731497764587e-02
2.332468703389167786e-02
2.342930436134338379e-02
2.359644509851932526e-02
2.366782538592815399e-02
2.382930554449558258e-02
2.397403307259082794e-02
2.407532744109630585e-02
2.424191124737262726e-02
2.438244409859180450e-02
2.449575252830982208e-02
2.463887445628643036e-02
2.481275051832199097e-02
2.492973580956459045e-02
2.507763355970382690e-02
2.515027858316898346e-02
2.063221298158168793e-02
2.077543362975120544e-02
2.088622376322746277e-02
2.101535536348819733e-02
2.577927894890308380e-02
2.593729645013809204e-02
2.606499008834362030e-02
2.627213485538959503e-02
2.640264853835105896e-02
2.660066448152065277e-02
2.676776237785816193e-02
2.690282836556434631e-02
2.710777893662452698e-02
2.728940173983573914e-02
2.742062509059906006e-02
2.759729884564876556e-02
2.782071009278297424e-02
2.791028469800949097e-02
2.809321507811546326e-02
2.824090234935283661e-02
2.842770330607891083e-02
2.865501493215560913e-02
2.880818396806716919e-02
2.900194749236106873e-02
2.923779934644699097e-02
2.473463676869869232e-02
2.494367212057113647e-02
2.515272609889507294e-02
2.526696398854255676e-02
2.548089064657688141e-02
2.799445763230323792e-02
2.811322174966335297e-02
2.835354395210742950e-02
2.855670824646949768e-02
2.872117422521114349e-02
2.892921306192874908e-02
2.905100956559181213e-02
2.930668555200099945e-02
2.953157387673854828e-02
2.969805896282196045e-02
2.996433526277542114e-02
3.019826672971248627e-02
3.037209436297416687e-02
3.060306794941425323e-02
3.093057312071323395e-02
3.112096339464187622e-02
3.136223182082176208e-02
3.155773133039474487e-02
3.180530294775962830e-02
3.210733085870742798e-02
3.236292675137519836e-02
3.022655285894870758e-02
3.047140873968601227e-02
3.076160699129104614e-02
3.097221255302429199e-02
3.575034439563751221e-02
3.610381856560707092e-02
3.628299385309219360e-02
3.664632514119148254e-02
3.695427253842353821e-02
3.720410168170928955e-02
3.758475556969642639e-02
3.790750727057456970e-02
3.816942870616912842e-02
3.851026296615600586e-02
3.877117857336997986e-02
3.918218240141868591e-02
3.953959792852401733e-02
3.981404751539230347e-02
4.029130190610885620e-02
4.065845906734466553e-02
4.095617309212684631e-02
4.133439809083938599e-02
1.329827494919300079e-02
6.960243918001651764e-03
4.961818456649780273e-03
7.316815201193094254e-03
7.425667718052864075e-03
7.499635219573974609e-03
7.593712303787469864e-03
7.709049154072999954e-03
7.767747156322002411e-03
7.887257263064384460e-03
7.968540303409099579e-03
8.072010241448879242e-03
8.198996074497699738e-03
8.307245559990406036e-03
8.395486511290073395e-03
8.530668914318084717e-03
8.646097034215927124e-03
8.740074932575225830e-03
-1.075697480700910091e-03
-3.626121208071708679e-02
-2.503244765102863312e-02
-1.892876811325550079e-02
-1.944861561059951782e-02
-1.367122866213321686e-02
-4.879839718341827393e-03
-6.174950394779443741e-03
-1.001413818448781967e-02
-1.074483711272478104e-02
-1.083862595260143280e-02
-1.098320633172988892e-02
-1.110742054879665375e-02
-1.120933331549167633e-02
-1.134003326296806335e-02
-1.144733931869268417e-02
-1.158504653722047806e-02
-1.175588369369506836e-02
-1.184347737580537796e-02
-1.202377304434776306e-02
-1.221101637929677963e-02
-1.230714470148086548e-02
-1.250526681542396545e-02
-1.267649512737989426e-02
-1.281736977398395538e-02
-1.299901865422725677e-02
-1.322547160089015961e-02
-1.338151749223470688e-02
-1.350157894194126129e-02
-1.374955754727125168e-02
-1.387765165418386459e-02
-1.414250582456588745e-02
-1.437252014875411987e-02
-1.463690679520368576e-02
-1.625440083444118500e-02
-1.557798776775598526e-02
-9.098513051867485046e-03
-4.021315835416316986e-03
2.408116823062300682e-03
3.264783881604671478e-03
3.388665849342942238e-03
-1.677995431236922741e-03
-8.105784654617309570e-03
-8.683522231876850128e-03
-1.690083369612693787e-02
-9.024851024150848389e-03
-9.441288188099861145e-03
-9.833748452365398407e-03
-1.011991873383522034e-02
-1.209523156285285950e-02
-1.246713940054178238e-02
-2.158269286155700684e-03
-2.158269286155700684e-03
-2.158269286155700684e-03
-2.158269286155700684e-03
-2.158269286155700684e-03
-2.158269286155700684e-03
-2.158269286155700684e-03
-2.158269286155700684e-03
-2.158269286155700684e-03
-2.158269286155700684e-03
-2.158269286155700684e-03
-2.158269286155700684e-03
-2.158269286155700684e-03
-2.158269286155700684e-03
-2.158269286155700684e-03
-2.158269286155700684e-03
-2.158269286155700684e-03
-2.158269286155700684e-03
-2.158269286155700684e-03
-2.158269286155700684e-03
-2.158269286155700684e-03
-2.158269286155700684e-03
-2.158269286155700684e-03
-2.158269286155700684e-03
-2.158269286155700684e-03
-1.944867148995399475e-02
-1.947657205164432526e-02
-1.998660154640674591e-02
-2.003504149615764618e-02
-2.010819688439369202e-02
-1.449834834784269333e-02
-3.674714639782905579e-02
-3.752718865871429443e-02
-3.749896958470344543e-02
-3.741084784269332886e-02
-3.766884654760360718e-02
-3.760019689798355103e-02
-3.777035698294639587e-02
-3.202447667717933655e-03
-2.066812105476856232e-02
-2.073358558118343353e-02
-2.079956606030464172e-02
-2.083987556397914886e-02
-1.120995264500379562e-02
-6.861734203994274139e-03
-6.910170428454875946e-03
-6.924306042492389679e-03
-6.945665460079908371e-03
-6.956417113542556763e-03
-6.978066638112068176e-03
-6.987692322582006454e-03
-7.010901812463998795e-03
-6.982945837080478668e-03
-7.060396950691938400e-03
-7.094572763890028000e-03
-7.171789649873971939e-03
-7.206846028566360474e-03
-7.241874001920223236e-03
-9.451395832002162933e-03
-7.339667528867721558e-03
-7.602128200232982635e-03
-7.620004937052726746e-03
-7.642516400665044785e-03
-7.660659030079841614e-03
-7.688099984079599380e-03
-7.702614646404981613e-03
-7.729770615696907043e-03
-7.753196172416210175e-03
-7.827950641512870789e-03
-7.842343300580978394e-03
-7.871390320360660553e-03
-7.900752127170562744e-03
-7.915519177913665771e-03
-7.945318706333637238e-03
-7.970408536493778229e-03
-7.990600541234016418e-03
-8.016065694391727448e-03
-1.138658076524734497e-02
-9.277456440031528473e-03
-9.281286038458347321e-03
-9.418331086635589600e-03
-9.430602192878723145e-03
-9.484021924436092377e-03
-1.724744029343128204e-02
-2.385715022683143616e-02
-1.376270782202482224e-02
-7.517773192375898361e-03
-2.788307145237922668e-03
3.595030633732676506e-03
4.067917354404926300e-03
4.091733135282993317e-03
4.127856343984603882e-03
4.146040417253971100e-03
4.182773176580667496e-03
4.213734529912471771e-03
4.238680470734834671e-03
-3.644926473498344421e-04
-3.641938965301960707e-04
-3.947439545299857855e-04
4.251691978424787521e-03
4.290274810045957565e-03
4.316255915910005569e-03
4.349028225988149643e-03
4.388794302940368652e-03
4.415577277541160583e-03
4.495645873248577118e-03
4.523117095232009888e-03
4.557777196168899536e-03
4.599845968186855316e-03
4.628185648471117020e-03
4.663946572691202164e-03
4.707395099103450775e-03
4.729283042252063751e-03
4.773532506078481674e-03
4.810872953385114670e-03
4.840984474867582321e-03
4.886714275926351547e-03
4.863378591835498810e-03
4.909678827971220016e-03
4.948731046169996262e-03
4.996195435523986816e-03
5.028143059462308884e-03
2.741321688517928123e-03
2.765995217487215996e-03
7.427294738590717316e-03
7.481962908059358597e-03
7.526146713644266129e-03
7.628196850419044495e-03
7.696332875639200211e-03
7.730758748948574066e-03
7.800335530191659927e-03
7.870894856750965118e-03
7.906552404165267944e-03
7.978628389537334442e-03
8.001702837646007538e-03
8.042109198868274689e-03
8.104012347757816315e-03
8.179343305528163910e-03
8.230101317167282104e-03
8.294312283396720886e-03
7.407848257571458817e-03
-3.786327550187706947e-03
-7.856367155909538269e-03
-8.581730537116527557e-03
-8.615029044449329376e-03
-1.328219100832939148e-02
-8.718095719814300537e-03
-8.693551644682884216e-03
-8.763852529227733612e-03
-8.924155496060848236e-03
-9.109986014664173126e-03
-9.095225483179092407e-03
-9.155791252851486206e-03
-9.189996868371963501e-03
-9.355658665299415588e-03
-9.429383091628551483e-03
-9.527612477540969849e-03
-9.640414267778396606e-03
-9.788648225367069244e-03
-3.173625329509377480e-03
-2.904109423980116844e-03
-2.726308070123195648e-03
-5.001985002309083939e-03
-4.890045151114463806e-03
3.003979101777076721e-03
3.192495787516236305e-03
3.336380468681454659e-03
3.221503226086497307e-03
-2.267961855977773666e-03
-8.743247017264366150e-03
-8.832572028040885925e-03
-9.201602078974246979e-03
-9.412351064383983612e-03
-9.596474468708038330e-03
-9.801921434700489044e-03
-1.005466748028993607e-02
-1.032424438744783401e-02
-1.041242387145757675e-02
-3.085639560595154762e-03
6.611951976083219051e-04
5.070322658866643906e-04
5.882357945665717125e-04
6.301071844063699245e-04
8.107902249321341515e-04
-9.596223011612892151e-03
-1.560347271151840687e-03
-4.511135630309581757e-03
-1.080059260129928589e-02
-1.115407887846231461e-02
-1.138382684439420700e-02
-1.149625703692436218e-02
-8.182212710380554199e-03
-1.567170140333473682e-03
-1.744695357047021389e-03
-1.831609988585114479e-03
-1.912034698761999607e-03
-1.964734867215156555e-03
-1.870073960162699223e-03
-2.005461603403091431e-03
-1.864342717453837395e-03
-1.535949879325926304e-03
-1.760253566317260265e-03
-1.800297643058001995e-03
-1.887159189209342003e-03
-1.882320735603570938e-03
-4.303422756493091583e-03
-2.098172437399625778e-03
-7.555934600532054901e-03
-1.148605160415172577e-02
-1.280111540108919144e-02
-1.313063781708478928e-02
-1.325065642595291138e-02
-8.042179979383945465e-03
-3.785483771935105324e-03
-3.861383302137255669e-03
-4.040185362100601196e-03
-4.028525203466415405e-03
-4.263237118721008301e-03
-4.216178786009550095e-03
-4.220908973366022110e-03
-4.174850415438413620e-03
-4.314751829952001572e-03
-4.452017601579427719e-03
-4.656958859413862228e-03
-4.413794726133346558e-03
-6.801648996770381927e-03
-5.976904183626174927e-03
-6.078311707824468613e-03
-6.310289259999990463e-03
-5.013509653508663177e-03
-5.282209720462560654e-03
-5.435396917164325714e-03
-5.534735973924398422e-03
-5.626076366752386093e-03
-5.705676041543483734e-03
-6.051073316484689713e-03
-6.242262665182352066e-03
-6.159045733511447906e-03
-7.662292569875717163e-03
-7.610672619193792343e-03
-7.718378212302923203e-03
-6.527450866997241974e-03
-6.763356272131204605e-03
-6.736076902598142624e-03
-9.211426600813865662e-03
-7.130618207156658173e-03
-1.052535139024257660e-02
-1.708212867379188538e-02
-1.786593161523342133e-02
-1.915604434907436371e-02
-1.263195089995861053e-02
-9.206173941493034363e-03
-2.158269286155700684e-03
-2.158269286155700684e-03
-2.158269286155700684e-03
-2.158269286155700684e-03
-2.158269286155700684e-03
-2.158269286155700684e-03
-2.158269286155700684e-03
-2.158269286155700684e-03
-2.158269286155700684e-03
-2.158269286155700684e-03
-2.158269286155700684e-03
-2.158269286155700684e-03
-2.158269286155700684e-03
-2.158269286155700684e-03
-2.158269286155700684e-03
-2.158269286155700684e-03
-2.158269286155700684e-03
-2.158269286155700684e-03
-2.158269286155700684e-03
-2.158269286155700684e-03
-2.158269286155700684e-03
-2.158269286155700684e-03
-2.158269286155700684e-03
-2.158269286155700684e-03
-2.158269286155700684e-03
-1.949502341449260712e-02
-1.951232738792896271e-02
-2.021216228604316711e-02
-2.026144787669181824e-02
-2.910830825567245483e-02
-2.679167501628398895e-02
-2.658248320221900940e-02
-2.253590896725654602e-02
-2.551665902137756348e-02
-2.610275149345397949e-02
-2.469333820044994354e-02
1.482950747013092041e-01
-6.540260743349790573e-03
-6.512518506497144699e-03
-6.531366612762212753e-03
-6.685916334390640259e-03
-1.495525520294904709e-02
-6.738691125065088272e-03
-1.915551372803747654e-03
4.698760807514190674e-03
4.877952858805656433e-03
4.862802103161811829e-03
4.852772224694490433e-03
4.883672110736370087e-03
2.150739543139934540e-03
-4.186513368040323257e-03
-4.470562562346458435e-03
-4.676843527704477310e-03
-4.825341980904340744e-03
-5.069030448794364929e-03
-5.082421936094760895e-03
-5.278781987726688385e-03
-5.244660656899213791e-03
-8.083168417215347290e-03
-1.478843204677104950e-02
-1.501610036939382553e-02
-1.503052003681659698e-02
-1.492689177393913269e-02
-1.520353555679321289e-02
-5.043915938585996628e-03
-4.177718365099281073e-04
-1.270679495064541698e-04
-1.587582955835387111e-04
3.794981967075727880e-05
9.857541590463370085e-05
1.890264502435456961e-05
8.808663551462814212e-05
1.870023843366652727e-04
1.566228893352672458e-04
2.487888850737363100e-04
2.706435334403067827e-04
2.831113815773278475e-04
-2.109671942889690399e-03
-2.155595924705266953e-03
6.011622492223978043e-03
6.015934981405735016e-03
6.198906805366277695e-03
6.166323553770780563e-03
6.357886828482151031e-03
1.122981216758489609e-02
1.784108579158782959e-02
1.812562160193920135e-02
1.843200251460075378e-02
1.861204393208026886e-02
1.878508366644382477e-02
1.115910150110721588e-02
4.404565319418907166e-03
-1.417586463503539562e-03
-8.032111451029777527e-03
-7.008609827607870102e-03
-7.175357546657323837e-03
-7.204459048807621002e-03
-9.047339670360088348e-03
-9.374924935400485992e-03
-9.403857402503490448e-03
-9.447694756090641022e-03
-9.477214887738227844e-03
-9.514451958239078522e-03
-9.559639729559421539e-03
-1.250042673200368881e-02
-1.892672665417194366e-02
-6.781226489692926407e-03
-2.479191869497299194e-03
-2.567572519183158875e-03
-2.488056896254420280e-03
-2.444267040118575096e-03
-2.539295703172683716e-03
-2.633948344737291336e-03
-1.291761058382689953e-03
-1.330251223407685757e-03
-1.417590188793838024e-03
-1.319124363362789154e-03
-7.300597615540027618e-03
-7.330225780606269836e-03
-7.409271784126758575e-03
-7.728246040642261505e-03
-7.645444013178348541e-03
-7.692240644246339798e-03
-7.964963093400001526e-03
-8.193605579435825348e-03
-8.261075243353843689e-03
-8.307499811053276062e-03
-8.138407021760940552e-03
-7.914493791759014130e-03
-1.024844497442245483e-02
-1.886238809674978256e-03
-1.928909914568066597e-03
-1.834668102674186230e-03
-1.822297694161534309e-03
-1.820420729927718639e-03
-1.855971524491906166e-03
-1.720615313388407230e-03
-1.622784766368567944e-03
-1.618082169443368912e-03
-1.658958033658564091e-03
-1.746282563544809818e-03
-1.833809074014425278e-03
-4.976127762347459793e-03
-1.145059615373611450e-02
-1.188937574625015259e-02
-1.184964831918478012e-02
-1.214172504842281342e-02
-7.131719961762428284e-03
-1.164280576631426811e-03
-1.249886234290897846e-03
-1.239744247868657112e-03
-1.042465097270905972e-03
-1.076702261343598366e-03
-1.112402766011655331e-03
-1.192925730720162392e-03
-1.077893422916531563e-03
-7.001300109550356865e-04
-7.313400274142622948e-04
-8.998687262646853924e-04
-8.376101031899452209e-04
-8.670116658322513103e-04
-6.623458466492593288e-04
-7.942218217067420483e-04
-1.067701028659939766e-03
-1.045947894454002380e-03
-1.145400945097208023e-02
-3.346556797623634338e-03
-3.134223399683833122e-03
-3.057642839848995209e-03
-3.125292714685201645e-03
-4.421153105795383453e-03
-4.278051666915416718e-03
-3.191107884049415588e-03
-3.293151734396815300e-03
-3.228488611057400703e-03
-3.281034296378493309e-03
-3.301938762888312340e-03
-5.720580928027629852e-03
-1.099002896808087826e-03
-1.039248425513505936e-03
-1.030609244480729103e-03
-1.059210044331848621e-03
-1.041699084453284740e-03
-1.032732892781496048e-03
-1.014361158013343811e-03
-9.985871147364377975e-04
-9.856510441750288010e-04
-1.010227715596556664e-03
-1.059512142091989517e-03
-7.585948915220797062e-04
-7.740859291516244411e-04
-6.446787738241255283e-04
-5.510822520591318607e-04
-5.285923252813518047e-04
-5.133656319230794907e-03
-5.167999770492315292e-03
-5.036508082412183285e-04
-8.063197135925292969e-03
-1.448898576200008392e-02
-1.510219369083642960e-02
-1.559386868029832840e-02
-8.072190918028354645e-03
-1.779871643520891666e-03
-2.000747947022318840e-03
-1.995220081880688667e-03
-2.027401467785239220e-03
-2.173619111999869347e-03
-2.028096932917833328e-03
-2.005350310355424881e-03
-2.002490218728780746e-03
-6.705303210765123367e-03
1.500991987995803356e-03
1.733620301820337772e-03
1.888436730951070786e-03
1.890845014713704586e-03
2.153012901544570923e-03
2.232586964964866638e-03
-2.158269286155700684e-03
-2.158269286155700684e-03
-2.158269286155700684e-03
-2.158269286155700684e-03
-2.158269286155700684e-03
-2.158269286155700684e-03
-2.158269286155700684e-03
-2.158269286155700684e-03
-2.158269286155700684e-03
-2.158269286155700684e-03
-2.158269286155700684e-03
-9.503161162137985229e-02
-2.158269286155700684e-03
-2.158269286155700684e-03
-2.158269286155700684e-03
-2.158269286155700684e-03
-2.158269286155700684e-03
-2.158269286155700684e-03
-3.167663235217332840e-03
2.799423877149820328e-03
4.395325668156147003e-03
4.413096234202384949e-03
4.439932294189929962e-03
4.457945004105567932e-03
-4.595341905951499939e-02
1.536095142364501953e-01
-9.423389099538326263e-03
-9.456009604036808014e-03
-9.403736330568790436e-03
-9.485291317105293274e-03
1.597369164228439331e-01
7.919162511825561523e-03
7.954949513077735901e-03
7.998231798410415649e-03
8.027292788028717041e-03
8.063851855695247650e-03
3.466692287474870682e-03
3.491546725854277611e-03
3.512042341753840446e-03
5.855919793248176575e-03
5.873468704521656036e-03
5.908795632421970367e-03
5.984735675156116486e-03
6.008770782500505447e-03
6.039015483111143112e-03
6.075606215745210648e-03
6.100181955844163895e-03
6.131107918918132782e-03
6.162265781313180923e-03
6.187361665070056915e-03
6.178972311317920685e-03
6.210666615515947342e-03
6.249044090509414673e-03
6.268329918384552002e-03
6.307213567197322845e-03
6.339916028082370758e-03
6.372848525643348694e-03
6.392705254256725311e-03
6.432772614061832428e-03
6.459651514887809753e-03
6.500323303043842316e-03
6.534536369144916534e-03
1.929663354530930519e-03
1.945914002135396004e-03
6.587783340364694595e-03
6.615784950554370880e-03
6.697223521769046783e-03
6.725781131535768509e-03
6.768963765352964401e-03
6.805270910263061523e-03
6.834528874605894089e-03
6.871371529996395111e-03
6.901064421981573105e-03
6.938455160707235336e-03
6.983732804656028748e-03
6.991642061620950699e-03
7.005976513028144836e-03
7.052164059132337570e-03
7.098848465830087662e-03
7.122323848307132721e-03
7.169692311435937881e-03
7.209567818790674210e-03
7.241659797728061676e-03
7.282122503966093063e-03
7.331169210374355316e-03
7.364098913967609406e-03
7.405623793601989746e-03
7.455964572727680206e-03
5.160293076187372208e-03
5.199091043323278427e-03
7.545250933617353439e-03
7.579792756587266922e-03
7.623318582773208618e-03
7.676065433770418167e-03
7.711546029895544052e-03
7.802422158420085907e-03
7.856865413486957550e-03
7.884310558438301086e-03
7.939654402434825897e-03
7.986241020262241364e-03
8.004957810044288635e-03
8.024712093174457550e-03
8.081877604126930237e-03
8.130049332976341248e-03
8.168843574821949005e-03
8.227640762925148010e-03
8.277187123894691467e-03
8.317099884152412415e-03
8.289999328553676605e-03
6.350508891046047211e-03
6.392925977706909180e-03
8.753226138651371002e-03
8.796959184110164642e-03
8.816668763756752014e-03
8.872265927493572235e-03
8.905894123017787933e-03
7.834891788661479950e-03
1.635943539440631866e-03
1.667652977630496025e-03
1.675275620073080063e-03
1.695722457952797413e-03
1.712237251922488213e-03
1.779444282874464989e-03
1.805055886507034302e-03
1.831019530072808266e-03
1.844104961492121220e-03
1.870567328296601772e-03
1.892905682325363159e-03
1.864623744040727615e-03
1.887152437120676041e-03
1.905327313579618931e-03
-2.718189498409628868e-03
1.915353233925998211e-03
1.933943363837897778e-03
1.962149515748023987e-03
1.985953655093908310e-03
2.010033931583166122e-03
2.029500203207135201e-03
2.059043385088443756e-03
2.083983039483428001e-03
2.104147570207715034e-03
2.129625296220183372e-03
2.160602714866399765e-03
2.181504620239138603e-03
2.207917394116520882e-03
2.286545932292938232e-03
2.302936045452952385e-03
2.289604162797331810e-03
2.311751944944262505e-03
2.339775208383798599e-03
2.368173561990261078e-03
2.391113201156258583e-03
2.425993792712688446e-03
2.455494366586208344e-03
2.479329006746411324e-03
2.509499434381723404e-03
-2.097619697451591492e-03
2.528349403291940689e-03
2.546957461163401604e-03
2.584620844572782516e-03
2.622891217470169067e-03
2.642259234562516212e-03
2.681469311937689781e-03
2.714637201279401779e-03
2.741500036790966988e-03
2.775498200207948685e-03
2.816923893988132477e-03
5.286251544021070004e-04
2.921651350334286690e-03
2.927209017798304558e-03
2.940487582236528397e-03
2.984783845022320747e-03
3.022317774593830109e-03
3.052690299227833748e-03
3.091196529567241669e-03
3.138160565868020058e-03
3.177974838763475418e-03
3.210204886272549629e-03
3.251112997531890869e-03
3.284265287220478058e-03
3.309366991743445396e-03
3.360333153977990150e-03
1.070506405085325241e-03
5.721453577280044556e-03
5.783958360552787781e-03
5.834682378917932510e-03
5.899002775549888611e-03
5.977566353976726532e-03
6.057675462216138840e-03
6.098324898630380630e-03
6.180839147418737411e-03
6.250870414078235626e-03
6.261194590479135513e-03
6.393913645297288895e-03
6.476182490587234497e-03
6.527439691126346588e-03
6.603438407182693481e-03
6.696464493870735168e-03
6.743633653968572617e-03
6.839615292847156525e-03
6.937748286873102188e-03
6.987526547163724899e-03
7.088862825185060501e-03
1.875014510005712509e-03
-1.964894123375415802e-03
-2.116124378517270088e-03
-2.115790732204914093e-03
-2.115366747602820396e-03
-2.115020761266350746e-03
-2.114491770043969154e-03
-2.114041009917855263e-03
-2.113673603162169456e-03
-2.159753115847706795e-03
-2.159768948331475258e-03
-2.159781754016876221e-03
-2.159798052161931992e-03
-2.159818075597286224e-03
-2.151267370209097862e-03
-2.159849507734179497e-03
-2.159870928153395653e-03
-2.159885596483945847e-03
-2.159904222935438156e-03
-2.159923315048217773e-03
-2.159938914701342583e-03
-2.159962896257638931e-03
-2.159983385354280472e-03
-2.160008763894438744e-03
-2.160021802410483360e-03
-2.113327383995056152e-03
-2.112754387781023979e-03
-4.436993971467018127e-03
2.009340387303382158e-04
2.382838138146325946e-04
2.638476726133376360e-04
2.965797029901295900e-04
2.902122505474835634e-04
3.105595533270388842e-04
3.522855404298752546e-04
3.881503362208604813e-04
4.175880458205938339e-04
4.553566395770758390e-04
5.021667457185685635e-04
5.343162338249385357e-04
5.756431492045521736e-04
6.095724529586732388e-04
6.621244247071444988e-04
7.074665627442300320e-04
7.638748502358794212e-04
8.026690338738262653e-04
8.526823366992175579e-04
9.044526959769427776e-04
9.470966178923845291e-04
1.013398403301835060e-03
1.070895115844905376e-03
1.164809800684452057e-03
1.227031694725155830e-03
1.260959194041788578e-03
1.300406176596879959e-03
1.382095273584127426e-03
1.453175558708608150e-03
1.512127812020480633e-03
1.557067851535975933e-03
1.636437023989856243e-03
1.702415524050593376e-03
1.788186142221093178e-03
1.896278816275298595e-03
1.971689984202384949e-03
2.069992013275623322e-03
2.202922478318214417e-03
2.259252592921257019e-03
2.395126270130276680e-03
2.514995634555816650e-03
2.615360775962471962e-03
2.774410415440797806e-03
2.915275748819112778e-03
3.064534161239862442e-03
3.190198214724659920e-03
3.390646772459149361e-03
3.550525987520813942e-03
4.659405443817377090e-03
4.933985881507396698e-03
5.231595598161220551e-03
5.488276947289705276e-03
5.835319403558969498e-03
6.295703351497650146e-03
-2.158269286155700684e-03
-2.158269286155700684e-03
-2.158269286155700684e-03
-2.158269286155700684e-03
-2.158269286155700684e-03
-2.158269286155700684e-03
-2.158269286155700684e-03
-2.158269286155700684e-03
-2.158269286155700684e-03
8.396767079830169678e-03
1.232886034995317459e-02
1.424009725451469421e-02
1.428448222577571869e-02
1.429394446313381195e-02
9.590255096554756165e-03
1.643830239772796631e-01
1.497374624013900757e-01
1.509262770414352417e-01
5.720517411828041077e-02
-2.708470914512872696e-03
-2.800909802317619324e-03
-2.139862859621644020e-03
-2.076289150863885880e-03
-1.263840310275554657e-02
-1.395650766789913177e-02
2.578503685072064400e-03
2.600834472104907036e-03
4.941080696880817413e-03
4.956626798957586288e-03
4.987922962754964828e-03
5.014214199036359787e-03
5.035386886447668076e-03
5.110905505716800690e-03
5.176519509404897690e-03
5.190170370042324066e-03
5.223793908953666687e-03
5.240689963102340698e-03
5.274756345897912979e-03
5.303407087922096252e-03
5.326368845999240875e-03
5.361230112612247467e-03
5.390552338212728500e-03
5.414135754108428955e-03
5.443850066512823105e-03
5.479838699102401733e-03
5.497927311807870865e-03
-1.429570256732404232e-03
-1.435244688764214516e-03
8.967338944785296917e-04
9.065430494956672192e-04
9.188933181576430798e-04
9.338459349237382412e-04
1.032580388709902763e-03
1.152248471044003963e-03
1.116992789320647717e-03
1.142017194069921970e-03
1.141733722761273384e-03
1.158430939540266991e-03
1.175309182144701481e-03
1.183796906843781471e-03
1.200924161821603775e-03
1.215341966599225998e-03
1.226946245878934860e-03
1.244519487954676151e-03
1.259303884580731392e-03
1.274228096008300781e-03
1.286242040805518627e-03
-3.332313848659396172e-03
-3.346081823110580444e-03
1.293128123506903648e-03
1.308484002947807312e-03
1.327091944403946400e-03
1.339609152637422085e-03
1.355382148176431656e-03
1.371297985315322876e-03
1.384134870022535324e-03
1.403566333465278149e-03
1.413361984305083752e-03
1.386827323585748672e-03
1.449550734832882881e-03
1.478286576457321644e-03
1.483281259424984455e-03
1.500380109064280987e-03
1.517653348855674267e-03
1.531566027551889420e-03
1.552653615362942219e-03
1.570425229147076607e-03
1.584740937687456608e-03
1.602808129973709583e-03
1.624733791686594486e-03
1.639470690861344337e-03
1.658071065321564674e-03
1.680647605098783970e-03
-2.941923215985298157e-03
-2.946593333035707474e-03
-6.743878475390374660e-04
-6.684421678073704243e-04
-6.594338337890803814e-04
-6.518433219753205776e-04
-5.962033756077289581e-04
-5.898099625483155251e-04
-5.817443598061800003e-04
-5.735954619012773037e-04
-5.670152604579925537e-04
-5.587127525359392166e-04
-5.520083941519260406e-04
-5.418455111794173717e-04
-5.332622095011174679e-04
-5.228599184192717075e-04
-5.176152917556464672e-04
-5.087880999781191349e-04
-4.998653894290328026e-04
-4.908455302938818932e-04
-4.798846493940800428e-04
-4.743601602967828512e-04
-5.113343358971178532e-04
-5.003397236578166485e-04
-4.929394926875829697e-04
-5.109122022986412048e-03
-5.134363658726215363e-03
-5.103417206555604935e-04
-5.009499145671725273e-04
-4.895374295301735401e-04
-4.799063026439398527e-04
-4.721211444120854139e-04
-4.603067354764789343e-04
-4.503343661781400442e-04
-4.422716738190501928e-04
-4.320855659898370504e-04
-4.197015659883618355e-04
-4.134426999371498823e-04
-3.922132018487900496e-04
-4.385171923786401749e-04
-4.280096327420324087e-04
-4.152219044044613838e-04
-4.087687702849507332e-04
-3.957021981477737427e-04
-3.846549370791763067e-04
-3.757319645956158638e-04
-3.180904604960232973e-04
-3.039870935026556253e-04
-2.944788720924407244e-04
-2.824444381985813379e-04
-2.677962474990636110e-04
-2.579027786850929260e-03
-2.572082914412021637e-03
-2.586711489129811525e-04
-2.485447621438652277e-04
-2.357337216380983591e-04
-2.201320894528180361e-04
-2.122357545886188745e-04
-1.962486858246847987e-04
-1.827242522267624736e-04
-1.717693376122042537e-04
-1.579040399519726634e-04
-1.874225417850539088e-04
-1.790639216778799891e-04
-1.621324772713705897e-04
-1.448855473427101970e-04
-1.361725589958950877e-04
-7.200048275990411639e-05
-5.669117308571003377e-05
-3.800930790021084249e-05
-2.856104038073681295e-05
-9.385344128531869501e-06
1.015077486954396591e-05
2.003420195251237601e-05
4.009907934232614934e-05
5.027075167163275182e-05
7.089907740009948611e-05
-2.249247161671519279e-03
-2.241208916530013084e-03
2.413129666820168495e-03
2.449762076139450073e-03
2.479493152350187302e-03
2.524816431105136871e-03
2.509042620658874512e-03
2.547616837546229362e-03
2.578938379883766174e-03
2.634766278788447380e-03
2.675454830750823021e-03
2.700201468542218208e-03
2.750462619587779045e-03
2.810376230627298355e-03
2.836596919223666191e-03
2.926998538896441460e-03
2.963222330436110497e-03
3.009277163073420525e-03
3.065683180466294289e-03
3.113607643172144890e-03
3.152548568323254585e-03
3.212104784324765205e-03
3.262803424149751663e-03
3.303986508399248123e-03
3.356402739882469177e-03
-1.242217957042157650e-03
-1.226425403729081154e-03
3.424695925787091255e-03
3.491418203338980675e-03
3.525379579514265060e-03
3.594544017687439919e-03
3.607009304687380791e-03
3.654648782685399055e-03
3.727601841092109680e-03
3.764769062399864197e-03
3.840528428554534912e-03
3.905157558619976044e-03
3.957871347665786743e-03
4.025065805763006210e-03
4.116271156817674637e-03
4.164001438766717911e-03
4.282145295292139053e-03
4.356149118393659592e-03
4.447286948561668396e-03
4.509376827627420425e-03
4.588723648339509964e-03
4.686528816819190979e-03
4.753218032419681549e-03
4.838508088141679764e-03
4.943740554153919220e-03
4.997451789677143097e-03
4.160993266850709915e-04
2.758832881227135658e-03
2.810237929224967957e-03
2.876024926081299782e-03
2.910663373768329620e-03
2.965815132483839989e-03
3.036465262994170189e-03
3.123859176412224770e-03
3.168667899444699287e-03
3.260603873059153557e-03
3.323677927255630493e-03
3.404614049941301346e-03
3.513551317155361176e-03
3.556509502232074738e-03
3.662446746602654457e-03
3.800348145887255669e-03
3.914684057235717773e-03
3.993303049355745316e-03
4.094580188393592834e-03
4.220679402351379395e-03
4.285533446818590164e-03
4.419446457177400589e-03
4.535451065748929977e-03
4.631079733371734619e-03
4.754735156893730164e-03
4.856775514781475067e-03
2.936343953479081392e-04
4.956631921231746674e-03
5.123551003634929657e-03
5.209980998188257217e-03
5.389139987528324127e-03
5.498079117387533188e-03
5.530847702175378799e-03
6.426852196455001831e-03
6.592071149498224258e-03
6.860821042209863663e-03
7.081273943185806274e-03
7.272709626704454422e-03
7.523680105805397034e-03
7.843239232897758484e-03
6.844086456112563610e-04
-5.791706964373588562e-03
-6.771301850676536560e-03
-6.896628532558679581e-03
-1.176220085471868515e-02
-9.579631499946117401e-03
-9.912819601595401764e-03
-1.021420024335384369e-02
-1.047269534319639206e-02
-1.089307945221662521e-02
-1.132352370768785477e-02
-1.165771670639514923e-02
-1.211131550371646881e-02
-2.158269286155700684e-03
-2.158269286155700684e-03
-2.158269286155700684e-03
-2.158269286155700684e-03
-2.158269286155700684e-03
-2.158269286155700684e-03
-2.158269286155700684e-03
-2.158269286155700684e-03
-2.158269286155700684e-03
-2.158269286155700684e-03
-2.199821639806032181e-03
3.859594697132706642e-03
5.876390729099512100e-03
5.898120347410440445e-03
5.930935032665729523e-03
5.958484485745429993e-03
-3.014017594978213310e-03
1.472433656454086304e-01
1.386435329914093018e-01
-1.843549124896526337e-02
-1.991570368409156799e-02
-1.454649143852293491e-03
-1.451643533073365688e-03
-1.450133975595235825e-03
-1.447091577574610710e-03
-1.444021123461425304e-03
-1.442478853277862072e-03
-8.393375203013420105e-03
-3.782698884606361389e-03
-3.789796959608793259e-03
-3.794564167037606239e-03
-3.800561884418129921e-03
-3.761379281058907509e-03
-3.766115289181470871e-03
-3.772074123844504356e-03
-3.776873694732785225e-03
-3.784125903621315956e-03
-3.790219547227025032e-03
-3.795126918703317642e-03
-3.801303682848811150e-03
-3.846590407192707062e-03
-3.859027521684765816e-03
-3.866816638037562370e-03
-3.874682821333408356e-03
-3.878635121509432793e-03
-3.886605147272348404e-03
-3.893308807164430618e-03
-3.898700233548879623e-03
-3.905492834746837616e-03
-3.913713619112968445e-03
-3.919238224625587463e-03
-3.926192410290241241e-03
-8.567173965275287628e-03
-8.573858998715877533e-03
-3.966672811657190323e-03
-3.928955178707838058e-03
-3.933224827051162720e-03
-3.941826056689023972e-03
-3.949058242142200470e-03
-3.954885527491569519e-03
-3.963699098676443100e-03
-3.971109632402658463e-03
-3.977082669734954834e-03
-3.984603565186262131e-03
-3.992186859250068665e-03
-4.040774889290332794e-03
-4.054094199091196060e-03
-4.063674248754978180e-03
-4.070104565471410751e-03
-4.078211728483438492e-03
-4.086393397301435471e-03
-4.092978313565254211e-03
-4.102949984371662140e-03
-4.111344460397958755e-03
-4.118100740015506744e-03
-4.128334112465381622e-03
-4.136949777603149414e-03
-4.142145160585641861e-03
-6.468549836426973343e-03
-1.858290983363986015e-03
-1.857226947322487831e-03
-1.855885959230363369e-03
-1.854261266998946667e-03
-1.853168243542313576e-03
-1.805412583053112030e-03
-1.803490798920392990e-03
-1.802198006771504879e-03
-1.846954459324479103e-03
-1.845235470682382584e-03
-1.844079117290675640e-03
-1.842621248215436935e-03
-1.832569949328899384e-03
-1.839947188273072243e-03
-1.838149735704064369e-03
-1.836636336520314217e-03
-1.834800234064459801e-03
-1.833875896409153938e-03
-1.832009060308337212e-03
-1.830435707233846188e-03
-1.829168177209794521e-03
-1.827568514272570610e-03
-1.779374433681368828e-03
-1.778261153958737850e-03
-6.448231637477874756e-03
-6.482325959950685501e-03
-1.852225046604871750e-03
-1.850390108302235603e-03
-1.848532818257808685e-03
-1.847595907747745514e-03
-1.845704624429345131e-03
-1.844110898673534393e-03
-1.842824392952024937e-03
-1.840874552726745605e-03
-1.839231234043836594e-03
-1.837236573919653893e-03
-1.836229814216494560e-03
-1.834197086282074451e-03
-1.832473441027104855e-03
-1.831090659834444523e-03
-1.828991691581904888e-03
-1.827222527936100960e-03
-1.872053835541009903e-03
-1.824148232117295265e-03
-1.821959041990339756e-03
-1.820853562094271183e-03
-1.818620716221630573e-03
-1.816735952161252499e-03
-1.815215451642870903e-03
-1.812906702980399132e-03
-6.452472414821386337e-03
-1.841541961766779423e-03
-1.839741715230047703e-03
-1.837554271332919598e-03
-1.836079056374728680e-03
-1.833840971812605858e-03
-1.831951783969998360e-03
-1.830807654187083244e-03
-1.828495413064956665e-03
-1.826150109991431236e-03
-1.824964652769267559e-03
-1.822569058276712894e-03
-1.857825787737965584e-03
-1.865337602794170380e-03
-1.816409872844815254e-03
-1.814733142964541912e-03
-1.812182366847991943e-03
-1.810895395465195179e-03
-1.808289322070777416e-03
-1.806085580028593540e-03
-1.804305589757859707e-03
-1.801599166356027126e-03
-1.799310208298265934e-03
-1.797460950911045074e-03
-1.794648123905062675e-03
-6.426821462810039520e-03
-1.815106254070997238e-03
-1.813294366002082825e-03
-1.810540794394910336e-03
-1.808212487958371639e-03
-1.806327025406062603e-03
-1.850390457548201084e-03
-1.847865758463740349e-03
-1.846587983891367912e-03
-1.844000304117798805e-03
-1.841811113990843296e-03
-1.840037410147488117e-03
-1.837792340666055679e-03
-1.780100748874247074e-03
-1.786545035429298878e-03
-1.783865853212773800e-03
-1.780599472112953663e-03
-1.777831465005874634e-03
-1.775591517798602581e-03
-1.772751449607312679e-03
-1.770448870956897736e-03
-1.766943023540079594e-03
-1.809915876947343349e-03
-1.808319706469774246e-03
-1.805083011277019978e-03
-1.802337588742375374e-03
-4.123997408896684647e-03
4.892097203992307186e-04
5.144134047441184521e-04
5.357856280170381069e-04
5.531315109692513943e-04
5.707017844542860985e-04
5.929876351729035378e-04
6.110802642069756985e-04
6.340331747196614742e-04
6.668140995316207409e-04
6.858941051177680492e-04
7.101091905497014523e-04
7.812636904418468475e-04
8.015966159291565418e-04
8.326289243996143341e-04
8.590099751017987728e-04
8.912640623748302460e-04
9.076308342628180981e-04
9.409384219907224178e-04
9.692735620774328709e-04
9.457099949941039085e-04
9.745411225594580173e-04
1.009875675663352013e-03
1.027809921652078629e-03
1.058193738572299480e-03
1.089185709133744240e-03
-1.204556087031960487e-03
3.446595277637243271e-03
3.490825416520237923e-03
3.547104075551033020e-03
3.616135334596037865e-03
3.674949752166867256e-03
3.722871188074350357e-03
3.783891210332512856e-03
3.858806332573294640e-03
3.909808117896318436e-03
4.020911175757646561e-03
4.101345315575599670e-03
4.142351914197206497e-03
4.225998651236295700e-03
4.311967175453901291e-03
4.385333508253097534e-03
4.398772958666086197e-03
4.474668297916650772e-03
4.568152129650115967e-03
4.615799058228731155e-03
4.713268950581550598e-03
4.796723369508981705e-03
4.864844959229230881e-03
4.951977636665105820e-03
5.059497896581888199e-03
4.888616967946290970e-04
5.228947266004979610e-04
2.878028200939297676e-03
2.957662334665656090e-03
3.025972982868552208e-03
3.081948729231953621e-03
3.153641009703278542e-03
3.242302685976028442e-03
3.318479051813483238e-03
3.380985232070088387e-03
3.477464430034160614e-03
3.560467390343546867e-03
3.675147425383329391e-03
3.716822713613510132e-03
3.825514344498515129e-03
3.900119103491306305e-03
3.996122162789106369e-03
4.115493036806583405e-03
4.176815971732139587e-03
4.303287714719772339e-03
4.412683192640542984e-03
4.502749070525169373e-03
4.642703570425510406e-03
4.763993900269269943e-03
4.838717170059680939e-03
4.993299953639507294e-03
2.776383422315120697e-03
7.465323433279991150e-03
-1.475307362852618098e-04
-6.577703636139631271e-03
-7.536908611655235291e-03
-7.631146814674139023e-03
-7.753689307719469070e-03
-7.855744101107120514e-03
-7.941928692162036896e-03
-8.080077357590198517e-03
-8.195440284907817841e-03
-8.377157151699066162e-03
-8.537278510630130768e-03
-8.671205490827560425e-03
-8.846897631883621216e-03
-9.117174893617630005e-03
-9.235393255949020386e-03
-9.484615176916122437e-03
-9.752188809216022491e-03
-9.893167763948440552e-03
-1.019180566072463989e-02
-1.045905705541372299e-02
-1.068561151623725891e-02
-6.324147805571556091e-03
-6.475773639976978302e-03
-6.638850551098585129e-03
-6.778455805033445358e-03
-6.965688895434141159e-03
-7.254832424223423004e-03
-7.389676757156848907e-03
-7.681956514716148376e-03
-2.158269286155700684e-03
-2.158269286155700684e-03
-2.158269286155700684e-03
-2.158269286155700684e-03
-2.158269286155700684e-03
-2.158269286155700684e-03
-2.158269286155700684e-03
