0.0
0.0
9.2642429561e-05
0.000277927288683
4.10683601448e-17
-9.2642429561e-05
-8.0618226301e-17
1.93262871269e-18
8.0756271209e-17
8.24128101056e-17
-1.62892991499e-16
2.76089816099e-19
1.63031036407e-16
-1.62892991499e-16
1.93262871269e-18
1.63169081315e-16
0.0
0.0
0.0
0.0
0.0
0.0
0.0
8.24128101056e-17
0.0
-1.64825620211e-16
1.64825620211e-16
0.0
0.0380005634273
0.0115803036951
0.000260759981351
7.95138670366e-17
-1.67862608188e-16
8.83487411518e-18
1.67862608188e-16
-8.83487411518e-17
-7.95138670366e-17
-0.0092642429561
-1.7167307332e-05
0.0210469988177
0.0126920128499
0.00398362447112
0.0380760385496
0.0121361582725
0.000480379455137
-1.71673073321e-05
9.26424295609e-05
1.41357985843e-16
5.30092446911e-17
-7.06789929214e-17
1.06018489382e-16
0.0299235047482
0.0125067279907
-0.0144693863188
1.71673073318e-05
0.0436174170159
0.0117655885542
0.0664417893025
0.102555169524
0.00713346707619
-0.000833781866049
-1.71673073318e-05
-0.0092642429561
7.06789929214e-17
0.0
-7.06789929214e-17
7.06789929214e-17
-7.06789929214e-17
-1.7167307332e-05
1.71673073319e-05
-1.7167307332e-05
1.71673073318e-05
-1.71673073318e-05
1.71673073316e-05
-1.7167307332e-05
-7.5475122229e-05
-2.82715971686e-16
7.06789929214e-17
1.41357985843e-16
-1.41357985843e-16
0.00464928878538
-1.71673073318e-05
-1.41357985843e-16
1.7167307332e-05
-1.71673073319e-05
0.0
1.71673073318e-05
7.54751222291e-05
-0.0092642429561
0.0
7.06789929214e-17
0.0
-7.06789929214e-17
-1.71673073319e-05
0.0250134559815
0.0118582309838
0.000277927288683
1.7167307332e-05
0.0
0.0387245355565
0.0232532498198
0.012228800702
0.00500269119629
-1.71673073319e-05
1.71673073319e-05
-0.00928141026343
7.06789929214e-17
-7.06789929214e-17
-7.06789929214e-17
7.06789929214e-17
0.0
9.26424295611e-05
-1.41357985843e-16
0.0
1.41357985843e-16
-1.71673073321e-05
1.7167307332e-05
7.06789929214e-17
-9.26424295611e-05
0.0
0.0
0.0
0.0
0.0
0.0
0.0
0.0
0.0
0.00928141026343
7.54751222291e-05
1.71673073319e-05
-0.00928141026343
7.06789929214e-17
0.0
0.0
-9.26424295611e-05
7.06789929214e-17
0.0
2.12036978764e-16
7.06789929214e-17
-1.41357985843e-16
-7.06789929214e-17
-1.7167307332e-05
1.71673073318e-05
0.0
7.06789929214e-17
-1.41357985843e-16
9.26424295611e-05
0.0
0.0
0.0
7.06789929214e-17
-9.2642429561e-05
0.0
0.00928141026343
-1.7167307332e-05
0.0
-0.00461495417072
0.0
0.0
0.0
0.0
0.0
0.0
0.0
0.0
-1.7167307332e-05
0.000109809736893
0.0
-9.2642429561e-05
0.0
7.06789929214e-17
1.41357985843e-16
1.41357985843e-16
-1.41357985843e-16
1.41357985843e-16
0.0
-1.41357985843e-16
1.41357985843e-16
0.0092642429561
7.06789929214e-17
1.71673073318e-05
-0.00464928878538
0.0
0.0
0.0
0.0
0.0
-7.06789929214e-17
-7.06789929214e-17
-9.26424295608e-05
-1.41357985843e-16
7.5475122229e-05
1.71673073321e-05
0.0
-1.41357985843e-16
2.12036978764e-16
7.06789929214e-17
-1.41357985843e-16
0.0
1.41357985843e-16
-1.41357985843e-16
0.0
0.0
0.0
0.00463212147805
0.0
1.7167307332e-05
-0.00464928878538
-9.2642429561e-05
0.0
0.0
0.0
9.26424295609e-05
7.06789929214e-17
0.0
0.0
-1.41357985843e-16
1.41357985843e-16
-1.71673073319e-05
1.71673073318e-05
2.12036978764e-16
-7.06789929214e-17
-7.06789929214e-17
2.12036978764e-16
-9.2642429561e-05
-7.06789929214e-17
0.0
7.06789929214e-17
7.06789929214e-17
-1.41357985843e-16
0.00463212147805
-1.71673073318e-05
9.26424295608e-05
-0.00461495417072
0.0
0.0
0.0
0.0
0.0
-7.06789929214e-17
7.06789929214e-17
0.0
0.0
0.0
-9.2642429561e-05
-7.06789929214e-17
-7.06789929214e-17
7.06789929214e-17
0.0
0.0
9.26424295609e-05
1.41357985843e-16
0.0
-1.41357985843e-16
1.41357985843e-16
0.0
0.00464928878538
-1.71673073319e-05
-0.000446044840473
-0.0162295924805
7.06789929214e-17
0.000109809736893
8.24128101056e-17
-8.24128101056e-17
-9.26424295608e-05
0.0
-1.64829934115e-16
0.0
1.64829934115e-16
0.0
-1.6054407111e-16
1.63113000571e-16
-1.77948514283e-18
-1.61600977437e-16
1.63574588232e-16
1.65006804153e-18
9.26424295608e-05
8.07735268225e-17
1.3804490805e-19
-8.2015930995e-17
-9.2642429561e-05
0.0
-0.00928141026343
0.00463212147805
0.0
0.0
0.0
0.0
0.0
8.22747651976e-17
0.0
-1.65101710027e-16
1.65101710027e-16
0.0
-1.65101710027e-16
0.0
0.0201960496443
0.0114876612656
0.000277927288683
0.0
0.0
0.0
0.016027140314
0.0125993704203
0.000370569718244
7.95138670366e-17
0.0
0.0
-1.59027734073e-16
0.0163977100323
0.0123214431316
0.0257717627253
0.0116729461247
0.00016811755179
0.0203813345034
0.00898631566741
-0.00407626690068
1.7167307332e-05
-9.2642429561e-05
-1.7167307332e-05
0.0345727935336
0.012228800702
0.0010362340325
0.0427081600276
0.0124140855612
0.000277927288683
-1.71673073318e-05
3.53394964607e-17
-1.06018489382e-16
-0.00463212147805
0.0388926531083
0.0080598913718
0.0565118820322
0.0127846552794
0.0559731947621
0.00722610950575
0.0395583174225
0.00713346707619
-0.00444683661893
-9.26424295611e-05
7.06789929214e-17
0.0200107647852
0.012228800702
0.000631329699595
1.7167307332e-05
-9.26424295611e-05
9.2642429561e-05
7.06789929214e-17
0.0
0.0
0.0
0.0
0.0
0.0
0.00928141026343
-1.71673073319e-05
7.06789929214e-17
-0.0092642429561
7.06789929214e-17
-7.06789929214e-17
0.0
7.06789929214e-17
-9.26424295611e-05
0.0
-0.0100053823926
-0.0130625825681
-0.000665664314259
-7.54751222291e-05
1.41357985843e-16
-7.06789929214e-17
0.0
0.0
1.41357985843e-16
-1.41357985843e-16
7.06789929214e-17
9.2642429561e-05
0.0092642429561
1.7167307332e-05
-1.71673073319e-05
1.71673073319e-05
-0.00928141026343
0.0
0.0
0.0
7.06789929214e-17
-1.41357985843e-16
0.0
-9.26424295609e-05
-1.7167307332e-05
1.7167307332e-05
-7.06789929214e-17
-1.71673073321e-05
1.7167307332e-05
-7.06789929214e-17
-2.12036978764e-16
1.41357985843e-16
-7.06789929214e-17
9.26424295608e-05
-7.06789929214e-17
7.06789929214e-17
-7.06789929214e-17
0.0092642429561
1.71673073319e-05
-1.7167307332e-05
1.41357985843e-16
-0.0092642429561
0.0
-9.2642429561e-05
0.0
0.0
7.06789929214e-17
0.0
-7.06789929214e-17
1.41357985843e-16
-1.7167307332e-05
1.71673073318e-05
1.41357985843e-16
-1.7167307332e-05
0.000109809736893
0.0
0.0
0.0
2.12036978764e-16
-1.41357985843e-16
-9.26424295609e-05
-1.41357985843e-16
2.12036978764e-16
0.00463212147805
-7.06789929214e-17
1.71673073322e-05
-1.7167307332e-05
-0.0092642429561
-7.06789929214e-17
7.06789929214e-17
7.06789929214e-17
-1.41357985843e-16
1.41357985843e-16
0.0
-1.41357985843e-16
0.0
7.5475122229e-05
1.71673073318e-05
0.0
-1.71673073319e-05
-7.54751222291e-05
7.06789929214e-17
7.06789929214e-17
0.0
0.0
0.0
1.41357985843e-16
0.0
0.00928141026343
0.00667025492839
0.00796724894224
-0.0042615517598
0.0
0.0
7.06789929214e-17
-7.06789929214e-17
7.06789929214e-17
0.0
-1.41357985843e-16
7.5475122229e-05
1.7167307332e-05
-2.82715971686e-16
-9.26424295608e-05
0.0
0.0
-1.41357985843e-16
0.0
0.0
0.0
0.0
0.0
-7.06789929214e-17
0.00461495417072
1.71673073321e-05
-1.7167307332e-05
-0.0092642429561
0.0
7.06789929214e-17
-7.06789929214e-17
0.0
7.06789929214e-17
0.0
0.0
9.26424295609e-05
0.0
-0.000109809736893
1.7167307332e-05
0.0
-7.06789929214e-17
1.41357985843e-16
0.0
-7.06789929214e-17
7.06789929214e-17
0.0
0.0
0.0
0.0
0.00928141026343
-1.7167307332e-05
1.71673073322e-05
0.00194549102078
0.0102833096813
-0.0113195437138
0.0
0.0
1.41357985843e-16
-1.41357985843e-16
-1.7167307332e-05
1.71673073318e-05
0.0
-9.26424295609e-05
7.06789929214e-17
0.0
0.000277927288683
-7.54751222291e-05
-9.26424295611e-05
0.0
8.24128101056e-17
0.0
0.0
0.0
-1.64825620211e-16
1.64825620211e-16
9.26424295609e-05
-1.21902281615e-16
1.62918874919e-16
-9.26424295611e-05
2.41578589087e-19
0.0
1.64825620211e-16
-1.66482159108e-16
8.24128101056e-17
-8.24128101056e-17
1.62892991499e-16
-8.42073939103e-17
8.24128101056e-17
8.24128101056e-17
0.0
0.0
0.0
0.0
9.26424295609e-05
0.0
8.24128101056e-17
-1.64825620211e-16
1.64825620211e-16
-9.26424295611e-05
0.0426326849054
0.012877297709
7.5475122229e-05
0.0
8.83487411518e-18
0.0
0.0
0.0
-1.59027734073e-16
-0.0092642429561
-1.7167307332e-05
0.0301087896073
0.0123214431316
0.00472476390761
8.83487411518e-17
0.0
0.0
9.26424295609e-05
0.0
1.71673073319e-05
0.0431713721754
0.00750403679444
7.5475122229e-05
1.41357985843e-16
-1.59027734073e-16
0.0
0.0438953443046
0.0124140855612
0.000277927288683
1.71673073321e-05
0.0092642429561
7.06789929214e-17
3.53394964607e-17
1.7167307332e-05
-1.7167307332e-05
0.0
1.7167307332e-05
-1.7167307332e-05
0.0
1.71673073318e-05
0.0468770693578
0.0121361582725
-0.00400079177845
1.71673073319e-05
-1.7167307332e-05
1.7167307332e-05
0.0666853819766
0.00731875193532
0.0531939218753
0.0117655885542
0.00435419418936
0.038817177986
0.0118582309838
-0.00444683661893
9.2642429561e-05
-1.41357985843e-16
7.06789929214e-17
0.0
0.00620704278058
0.0133405098568
1.41357985843e-16
-7.06789929214e-17
0.0
0.0
0.0
0.0
0.0
0.0
0.0
0.0092642429561
0.0
0.0
-7.06789929214e-17
-0.0092642429561
0.0
0.0
0.0
-7.06789929214e-17
7.06789929214e-17
0.0
0.0
-9.26424295611e-05
7.5475122229e-05
1.7167307332e-05
0.0
-1.7167307332e-05
1.7167307332e-05
0.0
7.06789929214e-17
-7.06789929214e-17
0.0
0.0
0.0
0.0
0.0250306232888
0.0124140855612
-0.00444683661893
7.06789929214e-17
-7.06789929214e-17
1.41357985843e-16
-7.06789929214e-17
7.06789929214e-17
0.0
0.0
-1.7167307332e-05
0.000109809736893
-7.06789929214e-17
-9.2642429561e-05
1.41357985843e-16
7.06789929214e-17
-7.06789929214e-17
-7.06789929214e-17
0.0
-0.00880103080829
-0.0132478674272
0.00389098204156
-0.00928141026343
7.06789929214e-17
-9.26424295611e-05
1.41357985843e-16
0.0
-1.41357985843e-16
1.41357985843e-16
0.0
-1.41357985843e-16
-1.41357985843e-16
-1.71673073319e-05
1.71673073319e-05
-2.12036978764e-16
7.06789929214e-17
7.06789929214e-17
-2.12036978764e-16
7.06789929214e-17
-7.06789929214e-17
7.06789929214e-17
-9.2642429561e-05
9.26424295611e-05
-7.06789929214e-17
0.00463212147805
1.41357985843e-16
1.7167307332e-05
-1.71673073318e-05
-0.0092642429561
0.0
0.0
0.0
7.06789929214e-17
-1.41357985843e-16
7.06789929214e-17
-7.06789929214e-17
0.0
-7.06789929214e-17
-1.7167307332e-05
1.71673073319e-05
-7.06789929214e-17
-9.26424295611e-05
0.0
9.26424295611e-05
-1.41357985843e-16
2.12036978764e-16
0.0
-1.41357985843e-16
1.41357985843e-16
0.0
0.00464928878538
-1.71673073321e-05
1.41357985843e-16
1.7167307332e-05
-0.0139135317415
7.06789929214e-17
0.0
-7.06789929214e-17
1.41357985843e-16
0.0
-1.41357985843e-16
0.0
1.41357985843e-16
-9.26424295611e-05
-1.71673073319e-05
0.00667025492839
0.00768932165356
0.000202452166454
0.0
0.0
0.0
0.0
0.00463212147805
1.7167307332e-05
-1.71673073318e-05
-0.00917160052653
0.0
0.0
0.0
7.06789929214e-17
-7.06789929214e-17
-7.06789929214e-17
0.0254595008219
0.0081697011087
0.000370569718244
1.41357985843e-16
-1.41357985843e-16
0.0
1.41357985843e-16
-1.41357985843e-16
0.0
1.41357985843e-16
0.00464928878538
-1.7167307332e-05
-0.0092642429561
7.06789929214e-17
0.000277927288683
0.000185284859122
0.0
-1.41357985843e-16
1.41357985843e-16
7.54751222289e-05
-7.54751222291e-05
-8.22833930043e-17
-8.24128101056e-17
8.24128101056e-17
9.26424295609e-05
0.0
0.0
0.0
0.0
0.0
0.0
-9.26424295611e-05
8.05750872672e-17
-1.90674529244e-18
-8.22833930043e-17
3.8825130389e-19
8.08943161171e-17
-8.24128101056e-17
1.6304829202e-16
-1.64825620211e-16
-1.51849398855e-18
9.26424295611e-05
0.0
0.0
0.0
0.0
0.0
0.0
0.0
0.0
-9.26424295609e-05
-1.64825620211e-16
0.0
1.64825620211e-16
0.0
-1.63108686667e-16
0.0333512746419
0.012877297709
-5.30092446911e-17
1.67862608188e-16
-8.83487411518e-17
-7.95138670366e-17
-0.0092642429561
-1.7167307332e-05
0.00928141026343
0.0153786433071
0.00741139436488
1.9493125422e-05
9.26424295611e-05
0.0
0.0199352896629
0.012228800702
0.000353402410912
-8.83487411518e-17
1.59027734073e-16
0.0161197827436
0.0118582309838
0.0159344978845
0.00750403679444
0.0392803901338
0.0120435158429
-7.5475122229e-05
-1.7167307332e-05
-1.41357985843e-16
1.71673073321e-05
-1.71673073319e-05
0.0
0.0255864778662
0.00768932165356
0.0524184478242
0.00750403679444
0.0649423431222
0.0118582309838
0.0713518380693
0.0121361582725
0.00472476390761
-1.7167307332e-05
1.7167307332e-05
-0.00928141026343
0.0
-7.06789929214e-17
0.0
7.06789929214e-17
0.0
-7.06789929214e-17
9.26424295608e-05
-1.71673073318e-05
1.71673073319e-05
0.0
-1.71673073318e-05
0.010856331566
0.00787460651268
-0.000185284859122
0.0
0.0
0.00464928878538
-1.71673073318e-05
0.0
7.06789929214e-17
-0.0092642429561
0.0
9.26424295609e-05
7.06789929214e-17
0.0
-7.06789929214e-17
7.06789929214e-17
7.06789929214e-17
-1.41357985843e-16
-9.26424295609e-05
-1.7167307332e-05
1.7167307332e-05
0.0
0.0
0.0
0.0
0.0
0.0
0.0
0.0
0.0
0.0092642429561
0.000943591602942
-0.00463212147805
0.0
-7.06789929214e-17
1.41357985843e-16
-7.06789929214e-17
0.0
1.41357985843e-16
9.26424295607e-05
-1.71673073319e-05
1.71673073319e-05
0.0144350517042
0.000109809736893
1.41357985843e-16
-1.41357985843e-16
1.41357985843e-16
0.0
-1.41357985843e-16
0.0092642429561
-9.2642429561e-05
7.06789929214e-17
1.71673073319e-05
-0.00464928878538
0.0
0.0
0.0
0.0
0.0
0.0
0.0
0.0
9.26424295608e-05
-1.71673073319e-05
1.7167307332e-05
-2.12036978764e-16
1.41357985843e-16
1.41357985843e-16
-9.26424295611e-05
7.06789929214e-17
0.0
0.0
-1.41357985843e-16
1.41357985843e-16
0.0
0.00463212147805
-1.71673073319e-05
7.06789929214e-17
-0.0092642429561
0.0
0.0
0.0
9.2642429561e-05
0.0
-7.06789929214e-17
7.06789929214e-17
7.06789929214e-17
-1.41357985843e-16
-9.26424295611e-05
-1.71673073318e-05
1.71673073317e-05
0.0
1.41357985843e-16
-7.06789929214e-17
2.82715971686e-16
0.0158418554549
0.0125067279907
0.00500269119629
-0.000109809736893
0.000109809736893
-0.00928141026343
-7.06789929214e-17
0.0
0.0
7.06789929214e-17
-7.06789929214e-17
7.06789929214e-17
0.0
0.0
0.0
0.0
-1.7167307332e-05
1.7167307332e-05
0.0
-1.41357985843e-16
7.06789929214e-17
-9.26424295611e-05
1.41357985843e-16
0.0
-7.06789929214e-17
7.06789929214e-17
9.26424295609e-05
0.0
0.00928141026343
-1.71673073319e-05
-0.0092642429561
0.0
0.0
0.0
0.0
7.06789929214e-17
0.0
-7.06789929214e-17
7.06789929214e-17
0.0
-1.41357985843e-16
-7.06789929214e-17
-1.71673073319e-05
-7.54751222291e-05
9.26424295609e-05
7.06789929214e-17
7.06789929214e-17
-1.41357985843e-16
1.41357985843e-16
0.0
-1.41357985843e-16
1.41357985843e-16
0.0
0.0
0.00463212147805
-1.71673073318e-05
-0.0092642429561
0.0
-7.06789929214e-17
0.0
0.0
0.0
7.06789929214e-17
-9.26424295609e-05
-1.41357985843e-16
0.0
0.00016811755179
-7.54751222291e-05
-9.26424295611e-05
0.0
8.24128101056e-17
-1.64825620211e-16
1.64825620211e-16
0.0
-1.64825620211e-16
0.0
9.26424295611e-05
-4.13271943474e-17
-1.21910909421e-16
-9.26424295607e-05
-1.03533681037e-19
-1.93262871269e-18
-8.24128101056e-17
8.24128101056e-17
0.0
-8.42073939103e-17
8.24128101056e-17
1.3804490805e-19
-8.22747651976e-17
0.0
0.0
0.0
0.0
0.0
9.26424295609e-05
0.0
-8.24128101056e-17
1.64825620211e-16
-9.26424295611e-05
0.0
0.0290897228821
0.0121533255798
0.000446044840473
9.2642429561e-05
0.0
-1.67862608188e-16
1.67862608188e-16
0.0339997716489
0.0118582309838
0.000277927288683
0.0
0.0
0.0
8.83487411518e-17
-1.59027734073e-16
1.76697482304e-16
0.0298308623186
0.0119680407207
0.000446044840473
-7.06789929214e-17
1.06018489382e-16
0.0343703413671
0.0120435158429
-0.00481740633717
1.7167307332e-05
-1.7167307332e-05
1.71673073319e-05
7.06789929214e-17
-1.71673073321e-05
0.0474500912425
0.00954217024478
0.019581887252
-1.71673073319e-05
0.0
1.7167307332e-05
-1.7167307332e-05
0.0388343452934
0.007596679224
-0.00400079177845
1.71673073319e-05
-1.71673073319e-05
0.0747624406557
0.00731875193532
7.06789929214e-17
0.0705180562032
0.00722610950575
0.00453947904849
-1.7167307332e-05
1.7167307332e-05
-1.7167307332e-05
0.0
1.7167307332e-05
-0.00928141026343
0.0
0.0532693969975
0.012228800702
0.000555854577366
7.06789929214e-17
-1.7167307332e-05
1.7167307332e-05
0.0
-7.06789929214e-17
1.41357985843e-16
7.06789929214e-17
-7.06789929214e-17
7.06789929214e-17
-0.0108391642586
-0.0126920128499
0.00407626690068
-1.71673073318e-05
-0.00463212147805
0.0
-7.06789929214e-17
1.41357985843e-16
-7.06789929214e-17
0.0
7.06789929214e-17
0.0
-2.12036978764e-16
-7.06789929214e-17
-0.000109809736893
1.71673073318e-05
9.26424295608e-05
7.06789929214e-17
2.12036978764e-16
-2.12036978764e-16
7.06789929214e-17
7.06789929214e-17
0.0
0.0
-7.06789929214e-17
0.0092642429561
1.71673073318e-05
-1.71673073318e-05
7.06789929214e-17
-0.0092642429561
7.06789929214e-17
0.0
-7.06789929214e-17
9.26424295611e-05
-0.000109809736893
1.7167307332e-05
-1.7167307332e-05
1.71673073319e-05
-9.26424295611e-05
-7.06789929214e-17
7.06789929214e-17
0.0
0.0
9.2642429561e-05
-7.06789929214e-17
0.0
0.00463212147805
-1.7167307332e-05
1.7167307332e-05
-1.71673073318e-05
-0.0092642429561
-7.06789929214e-17
0.000185284859122
0.000277927288683
0.0
-1.71673073319e-05
1.71673073319e-05
-7.06789929214e-17
-1.7167307332e-05
-7.5475122229e-05
7.06789929214e-17
-7.06789929214e-17
9.2642429561e-05
0.0
0.0
0.0
0.0
0.00928141026343
-1.71673073319e-05
7.06789929214e-17
0.0
7.06789929214e-17
-0.0092642429561
0.0
0.0
7.06789929214e-17
-9.2642429561e-05
-7.06789929214e-17
0.0
7.06789929214e-17
-7.06789929214e-17
-1.7167307332e-05
9.26424295608e-05
1.7167307332e-05
-7.06789929214e-17
0.0
0.0
0.0
-7.06789929214e-17
7.06789929214e-17
0.0
0.0
0.0
0.00928141026343
-0.000109809736893
0.0
1.71673073319e-05
-1.71673073318e-05
-0.0092642429561
-7.06789929214e-17
-7.06789929214e-17
1.41357985843e-16
-1.41357985843e-16
0.0
1.41357985843e-16
0.0
9.26424295609e-05
0.0
-1.71673073318e-05
1.71673073318e-05
-7.06789929214e-17
0.000277927288683
9.26424295611e-05
1.41357985843e-16
0.00928141026343
-1.71673073318e-05
7.06789929214e-17
1.71673073318e-05
-0.00464928878538
-7.06789929214e-17
-9.26424295609e-05
0.0
0.0
-7.06789929214e-17
7.06789929214e-17
0.0
-1.71673073319e-05
1.71673073318e-05
-7.06789929214e-17
-1.7167307332e-05
-0.0154712857367
-0.00768932165356
-0.000631329699595
9.26424295611e-05
-1.41357985843e-16
0.0092642429561
2.12036978764e-16
1.71673073319e-05
-1.7167307332e-05
1.71673073321e-05
-0.0021307758799
-7.06789929214e-17
0.0
0.00016811755179
-7.54751222291e-05
-1.64566786009e-16
0.0
1.64825620211e-16
-1.64825620211e-16
0.0
0.0
0.0
0.0
1.38907688725e-18
9.26424295609e-05
-1.51633703686e-18
-9.26424295609e-05
1.29417101297e-19
0.0
0.0
0.0
0.0
0.0
0.0
0.0
0.0
0.0
0.0
0.0
0.0
0.0
0.0
0.0
0.0
0.0
-9.26424295609e-05
9.26424295609e-05
0.0
0.0
0.0
6.03946472717e-20
6.03946472717e-20
6.03946472717e-20
1.29417101297e-19
0.0
0.0
0.0
0.0376128264017
0.0117655885542
0.0528061848497
0.00713346707619
0.00416890933024
-8.83487411518e-17
0.0
0.0
0.0
0.0
0.0
0.0
-7.54751222289e-05
-1.7167307332e-05
0.0
9.2642429561e-05
0.0343703413671
0.0120435158429
0.0520650454133
0.0125067279907
-0.014654671178
1.71673073319e-05
-1.71673073319e-05
1.7167307332e-05
-9.26424295611e-05
0.0092642429561
0.0
1.06018489382e-16
1.71673073319e-05
0.0
-1.7167307332e-05
1.7167307332e-05
-1.7167307332e-05
0.0
1.71673073321e-05
7.54751222288e-05
-3.53394964607e-17
1.7167307332e-05
0.023977221949
0.0125993704203
-0.00361305475288
1.71673073321e-05
-1.71673073321e-05
1.7167307332e-05
0.0568652844431
0.00750403679444
0.00464928878538
0.0576235911869
0.0116729461247
0.0524356151315
0.00731875193532
-0.0042615517598
0.0255693105588
0.0115803036951
0.000260759981351
1.7167307332e-05
1.41357985843e-16
7.06789929214e-17
-2.82715971686e-16
7.06789929214e-17
7.06789929214e-17
0.0
-1.41357985843e-16
9.26424295611e-05
0.0
0.0092642429561
1.7167307332e-05
-1.71673073319e-05
1.71673073319e-05
-0.00463212147805
0.0
-9.2642429561e-05
0.0
0.0
0.0
7.06789929214e-17
0.0
-1.7167307332e-05
1.7167307332e-05
0.0
-1.7167307332e-05
1.7167307332e-05
0.0
7.06789929214e-17
9.26424295609e-05
7.06789929214e-17
0.0
0.0
0.0
-9.2642429561e-05
0.0092642429561
7.06789929214e-17
1.71673073319e-05
-1.7167307332e-05
-0.0092642429561
0.0
-7.06789929214e-17
7.06789929214e-17
0.0
-1.41357985843e-16
0.0
1.41357985843e-16
-1.41357985843e-16
-1.71673073319e-05
1.71673073319e-05
7.5475122229e-05
1.71673073319e-05
-9.26424295609e-05
-7.06789929214e-17
7.06789929214e-17
2.12036978764e-16
-1.41357985843e-16
0.0
7.06789929214e-17
-7.06789929214e-17
0.0
0.0092642429561
0.0
2.12036978764e-16
7.06789929214e-17
-0.00463212147805
0.0
7.06789929214e-17
-7.06789929214e-17
-7.06789929214e-17
7.06789929214e-17
0.0
0.0
-9.26424295611e-05
9.26424295608e-05
-1.41357985843e-16
-1.7167307332e-05
1.71673073319e-05
-7.06789929214e-17
7.06789929214e-17
-2.12036978764e-16
0.0
7.06789929214e-17
7.06789929214e-17
-1.41357985843e-16
7.06789929214e-17
7.06789929214e-17
0.00463212147805
1.71673073319e-05
-1.71673073318e-05
-9.26424295609e-05
-0.00463212147805
-7.06789929214e-17
7.06789929214e-17
0.0
9.2642429561e-05
0.0
-1.41357985843e-16
1.41357985843e-16
0.0
-1.71673073322e-05
1.7167307332e-05
-7.06789929214e-17
-1.41357985843e-16
1.41357985843e-16
0.0
0.0
7.06789929214e-17
-9.2642429561e-05
-7.06789929214e-17
0.0
7.06789929214e-17
0.0092642429561
7.06789929214e-17
7.06789929214e-17
1.7167307332e-05
-1.7167307332e-05
-0.00917160052653
0.0
7.06789929214e-17
-7.06789929214e-17
-7.06789929214e-17
1.41357985843e-16
-7.06789929214e-17
7.06789929214e-17
0.0
-1.7167307332e-05
1.71673073319e-05
7.06789929214e-17
-1.7167307332e-05
-7.54751222288e-05
-7.06789929214e-17
0.0
1.41357985843e-16
0.0
-1.41357985843e-16
1.41357985843e-16
0.0
-7.06789929214e-17
0.00472476390761
1.41357985843e-16
1.7167307332e-05
-1.71673073319e-05
-0.0092642429561
0.0
0.0
0.0
0.0
7.06789929214e-17
0.0
-9.26424295611e-05
1.41357985843e-16
-1.71673073321e-05
1.71673073318e-05
-1.7167307332e-05
1.71673073319e-05
-1.41357985843e-16
-7.06789929214e-17
0.0
-2.12036978764e-16
9.26424295611e-05
7.06789929214e-17
-7.06789929214e-17
0.0
0.00944952781522
-0.00463212147805
-0.000277927288683
0.000189230601638
1.71673073318e-05
-9.26424295609e-05
0.0
0.0
0.0
0.0
0.0
0.0
0.0
6.03946472717e-20
-1.51849398855e-18
-1.89811748568e-19
1.29417101297e-19
0.0
9.26424295609e-05
1.38476298387e-18
-9.26424295611e-05
1.77732819114e-18
8.22833930043e-17
-8.22833930043e-17
1.29417101297e-19
1.51849398855e-18
8.24128101056e-17
0.0
0.0
0.0
0.0
0.0
0.0
-1.64825620211e-16
1.64825620211e-16
0.0
0.0
0.0
-9.26424295611e-05
0.0516018332655
0.0120435158429
0.000370569718244
0.0
0.0
0.0
0.0
-0.00464928878538
0.0
-7.5475122229e-05
0.0092642429561
0.0
0.0
0.0618851429467
0.0124140855612
0.000202452166454
-1.71673073319e-05
1.7167307332e-05
-1.71673073321e-05
0.0
7.06789929214e-17
0.0
-7.06789929214e-17
0.0
7.06789929214e-17
0.0481740633717
0.00722610950575
-0.0147473136075
1.7167307332e-05
0.0
-1.71673073321e-05
0.00463212147805
-7.06789929214e-17
0.0
1.06018489382e-16
0.0
0.0343875086744
0.0123214431316
0.0330733473533
0.0121361582725
-0.00492721607406
1.71673073318e-05
-1.71673073319e-05
1.71673073319e-05
-7.06789929214e-17
-1.71673073319e-05
0.000109809736893
0.0
-1.7167307332e-05
1.7167307332e-05
-1.71673073319e-05
0.00928141026343
-9.2642429561e-05
1.7167307332e-05
0.160827257718
0.0124140855612
0.0142841014597
-0.00928141026343
-7.06789929214e-17
7.06789929214e-17
0.0
-7.06789929214e-17
0.00750403679444
0.0116729461247
7.54751222293e-05
1.71673073319e-05
-9.2642429561e-05
-7.06789929214e-17
-7.06789929214e-17
1.41357985843e-16
-7.06789929214e-17
0.0
7.06789929214e-17
-7.06789929214e-17
0.0092642429561
1.41357985843e-16
1.71673073319e-05
7.54751222291e-05
-0.0092642429561
0.0
7.06789929214e-17
0.0
-7.06789929214e-17
7.06789929214e-17
0.0
-1.41357985843e-16
1.41357985843e-16
-1.7167307332e-05
1.71673073318e-05
-9.26424295609e-05
-1.71673073319e-05
1.71673073318e-05
0.0
2.12036978764e-16
-7.06789929214e-17
7.06789929214e-17
1.41357985843e-16
-1.41357985843e-16
0.0
9.26424295611e-05
0.0092642429561
7.06789929214e-17
1.7167307332e-05
-1.71673073318e-05
-0.0092642429561
0.0
0.0
7.06789929214e-17
-9.26424295609e-05
-1.41357985843e-16
1.41357985843e-16
0.0
-1.41357985843e-16
-1.7167307332e-05
1.71673073319e-05
0.0
-1.7167307332e-05
1.71673073319e-05
-1.41357985843e-16
7.06789929214e-17
7.06789929214e-17
-7.06789929214e-17
9.26424295611e-05
0.0
-1.41357985843e-16
0.00928141026343
-1.71673073319e-05
-9.26424295608e-05
1.7167307332e-05
-1.71673073318e-05
-0.0138963644341
0.00843046109005
-0.000370569718244
7.06789929214e-17
9.26424295609e-05
0.0
0.0
-1.71673073321e-05
1.7167307332e-05
0.0
0.0
-1.41357985843e-16
1.41357985843e-16
-9.2642429561e-05
-7.06789929214e-17
0.0
7.06789929214e-17
-7.06789929214e-17
0.00928141026343
-1.7167307332e-05
1.41357985843e-16
1.71673073319e-05
-0.00463212147805
0.0
9.26424295609e-05
0.0
7.06789929214e-17
-7.06789929214e-17
7.06789929214e-17
0.0
-1.7167307332e-05
1.71673073319e-05
-7.06789929214e-17
-1.7167307332e-05
-7.54751222292e-05
-7.06789929214e-17
7.06789929214e-17
-7.06789929214e-17
0.0
0.0
0.0
1.41357985843e-16
-1.41357985843e-16
0.0092642429561
1.71673073322e-05
-1.71673073317e-05
-7.06789929214e-17
1.71673073319e-05
-0.00928141026343
0.0
0.0
0.0
0.0
-9.2642429561e-05
7.06789929214e-17
0.0
0.0
-2.12036978764e-16
7.06789929214e-17
-1.7167307332e-05
1.71673073318e-05
7.06789929214e-17
1.41357985843e-16
-1.41357985843e-16
1.41357985843e-16
-7.06789929214e-17
0.0
7.06789929214e-17
-7.06789929214e-17
9.26424295609e-05
0.0092642429561
1.7167307332e-05
-1.71673073321e-05
-9.26424295608e-05
-0.00463212147805
0.0
0.0
0.0
-7.06789929214e-17
0.0
7.06789929214e-17
-7.06789929214e-17
-1.71673073319e-05
1.71673073318e-05
0.0
-1.7167307332e-05
1.71673073321e-05
-2.82715971686e-16
9.26424295611e-05
-7.06789929214e-17
7.06789929214e-17
0.0
0.0
-9.26424295609e-05
-7.06789929214e-17
0.0092642429561
1.41357985843e-16
1.7167307332e-05
-1.7167307332e-05
-0.0092642429561
0.0
0.0
0.0
-7.06789929214e-17
1.41357985843e-16
-7.06789929214e-17
-7.06789929214e-17
1.41357985843e-16
0.0
-1.7167307332e-05
-1.41357985843e-16
1.71673073318e-05
-8.22833930043e-17
0.0
0.0
0.0
-9.26424295611e-05
0.0
1.64825620211e-16
-1.64825620211e-16
9.26424295611e-05
6.255159896e-20
6.255159896e-20
-1.98439555321e-19
0.0
1.31574052985e-19
8.24149670573e-17
-8.24149670573e-17
1.31574052985e-19
1.31574052985e-19
1.31574052985e-19
1.31574052985e-19
-9.26424295611e-05
1.64825620211e-16
0.0
0.0
-8.24128101056e-17
8.24128101056e-17
0.0
-8.24128101056e-17
8.24128101056e-17
0.0
0.0
9.26424295609e-05
0.0
0.0
1.29417101297e-19
4.12064050528e-17
-4.12064050528e-17
-9.26424295609e-05
-8.38018869929e-17
-8.25422272069e-17
1.77732819114e-18
8.22833930043e-17
-8.22833930043e-17
-1.51849398855e-18
0.0865280292099
0.007596679224
0.00509533362585
-8.83487411518e-17
7.06789929214e-17
0.0
-8.83487411518e-17
0.0
8.83487411518e-17
0.0
1.71673073321e-05
-1.71673073321e-05
0.0
0.048839727686
0.0119508734134
0.000723972129156
3.53394964607e-17
-0.00928141026343
1.7167307332e-05
0.0438953443046
0.00713346707619
0.00416890933024
0.0
7.06789929214e-17
0.0
-9.2642429561e-05
1.7167307332e-05
-1.71673073319e-05
-1.41357985843e-16
1.71673073319e-05
-1.71673073318e-05
0.0
0.103869330845
0.00824517623092
-0.00576099794011
1.71673073319e-05
-0.000109809736893
1.7167307332e-05
0.0798406069742
0.0119508734134
0.0475427336721
0.0119508734134
0.000463212147805
-1.71673073319e-05
1.7167307332e-05
-1.7167307332e-05
-0.0092642429561
0.0
0.0
0.0
-9.2642429561e-05
7.06789929214e-17
0.0
-7.06789929214e-17
7.5475122229e-05
1.7167307332e-05
-2.12036978764e-16
1.41357985843e-16
0.0
-0.0059291154919
-0.0121361582725
-0.000741139436487
1.41357985843e-16
0.00928141026343
-1.71673073319e-05
-7.06789929214e-17
1.71673073318e-05
-1.7167307332e-05
-0.0092642429561
9.2642429561e-05
7.06789929214e-17
0.011395018836
0.0241796741154
0.012228800702
0.000631329699595
-7.5475122229e-05
-1.7167307332e-05
1.71673073321e-05
7.06789929214e-17
9.26424295609e-05
7.06789929214e-17
0.0
0.0
-1.41357985843e-16
1.41357985843e-16
-7.06789929214e-17
-7.06789929214e-17
0.0092642429561
1.7167307332e-05
-1.71673073319e-05
-0.0092642429561
0.0
-9.26424295609e-05
0.0
-7.06789929214e-17
1.41357985843e-16
-7.06789929214e-17
-7.06789929214e-17
1.41357985843e-16
9.26424295608e-05
-1.71673073319e-05
1.7167307332e-05
-1.41357985843e-16
-7.06789929214e-17
0.0
-1.41357985843e-16
-1.41357985843e-16
0.0
1.41357985843e-16
-9.26424295611e-05
0.0
0.0
0.00928141026343
-1.71673073318e-05
7.06789929214e-17
1.71673073319e-05
-0.00928141026343
0.0
0.0
7.06789929214e-17
-7.06789929214e-17
0.0
7.06789929214e-17
0.0
-1.41357985843e-16
9.2642429561e-05
-7.06789929214e-17
-1.71673073319e-05
1.71673073318e-05
-9.26424295608e-05
-1.41357985843e-16
-7.06789929214e-17
7.06789929214e-17
1.41357985843e-16
-1.41357985843e-16
7.06789929214e-17
7.06789929214e-17
-1.41357985843e-16
0.00463212147805
-1.71673073319e-05
0.0
0.0
-0.0092642429561
0.0
7.06789929214e-17
9.26424295609e-05
-7.06789929214e-17
0.0
-9.26424295609e-05
0.0
0.0
0.0
-7.06789929214e-17
-1.71673073319e-05
1.71673073321e-05
-7.06789929214e-17
1.41357985843e-16
1.41357985843e-16
-7.06789929214e-17
7.06789929214e-17
0.0
-7.06789929214e-17
7.06789929214e-17
0.0
0.00464928878538
-1.7167307332e-05
-7.06789929214e-17
-0.0092642429561
-7.06789929214e-17
7.06789929214e-17
-7.06789929214e-17
7.06789929214e-17
-7.06789929214e-17
0.0
1.41357985843e-16
0.0
-1.41357985843e-16
-1.7167307332e-05
1.71673073318e-05
-1.71673073319e-05
1.71673073319e-05
-7.06789929214e-17
0.0
-7.06789929214e-17
-9.26424295608e-05
-1.41357985843e-16
0.0
0.0
9.2642429561e-05
7.06789929214e-17
0.0194720775151
0.0117655885542
-0.00389098204156
-9.26424295611e-05
7.06789929214e-17
0.0
9.26424295611e-05
0.0
-1.41357985843e-16
0.0
-1.71673073319e-05
1.71673073318e-05
-7.06789929214e-17
1.41357985843e-16
7.06789929214e-17
0.0
-7.06789929214e-17
7.06789929214e-17
0.0
-7.06789929214e-17
-9.26424295611e-05
1.41357985843e-16
0.0092642429561
1.7167307332e-05
-1.7167307332e-05
-0.00917160052653
0.0
0.000185284859122
1.71673073318e-05
8.24041822989e-17
-8.24149670573e-17
-8.24149670573e-17
9.26424295611e-05
-1.64825620211e-16
1.64825620211e-16
0.0
-1.64825620211e-16
1.23619215158e-16
4.11373825988e-17
-1.63134570088e-16
-9.26424295607e-05
0.0
-2.15695168828e-21
-8.06376388662e-17
8.08986300205e-17
-1.51849398855e-18
-8.06376388662e-17
8.26781151633e-17
1.31574052985e-19
-8.38018869929e-17
-8.24149670573e-17
0.0
8.24149670573e-17
0.0
0.0
0.0
0.0
0.0
0.0
0.0
-9.26424295609e-05
0.042076830328
0.0121361582725
-0.000387737025576
-1.59027734073e-16
9.26424295611e-05
0.0
-1.59027734073e-16
1.67862608188e-16
0.0
-0.00463212147805
-1.7167307332e-05
-7.5475122229e-05
0.04641385721
0.00815253380136
0.015488453044
-9.2642429561e-05
0.0
0.0
0.0
0.000109809736893
-1.71673073321e-05
0.0
3.53394964607e-17
-3.53394964607e-17
0.0621630702354
0.00750403679444
-0.00491004876673
1.71673073319e-05
-1.71673073319e-05
1.7167307332e-05
-7.06789929214e-17
0.0422277805725
0.00768932165356
0.00463212147805
7.06789929214e-17
0.0
1.71673073319e-05
-1.71673073319e-05
1.71673073319e-05
-1.71673073319e-05
0.0
1.71673073319e-05
-1.71673073319e-05
0.0612538132471
0.0123214431316
-0.00474193121494
1.71673073319e-05
-1.71673073319e-05
1.7167307332e-05
0.0519552356764
0.0126920128499
-0.000723972129156
0.0092642429561
0.0842291357782
0.00352041232332
0.014654671178
-0.00928141026343
0.0105612369699
0.0123214431316
0.000185284859122
0.0
-1.7167307332e-05
1.71673073319e-05
-7.06789929214e-17
-1.71673073321e-05
1.7167307332e-05
0.0
-1.41357985843e-16
-9.26424295609e-05
0.0
0.0
0.0
7.06789929214e-17
0.00463212147805
7.06789929214e-17
1.7167307332e-05
-1.71673073319e-05
-1.41357985843e-16
-0.0092642429561
9.2642429561e-05
7.06789929214e-17
0.0
0.0
-1.41357985843e-16
1.41357985843e-16
0.0
-1.41357985843e-16
0.0
-7.06789929214e-17
2.12036978764e-16
-1.7167307332e-05
-7.5475122229e-05
0.0
0.0
0.0
0.0
0.0
0.0
0.0
0.00464928878538
-1.71673073318e-05
-7.06789929214e-17
7.06789929214e-17
9.26424295611e-05
-0.0092642429561
7.06789929214e-17
-7.06789929214e-17
0.0
7.06789929214e-17
0.0
-1.41357985843e-16
-1.71673073319e-05
1.7167307332e-05
-9.26424295609e-05
-1.7167307332e-05
1.71673073318e-05
-7.06789929214e-17
7.06789929214e-17
-7.06789929214e-17
0.0
0.0
0.0
0.0
0.0
0.0092642429561
1.7167307332e-05
-1.7167307332e-05
1.41357985843e-16
1.7167307332e-05
-0.00928141026343
0.0
0.0
-7.06789929214e-17
-9.2642429561e-05
7.06789929214e-17
-7.06789929214e-17
7.06789929214e-17
-1.7167307332e-05
1.71673073319e-05
-7.06789929214e-17
-1.71673073319e-05
1.71673073318e-05
-7.06789929214e-17
7.06789929214e-17
-1.41357985843e-16
9.26424295611e-05
-1.41357985843e-16
0.0
1.41357985843e-16
-7.06789929214e-17
0.00463212147805
-9.2642429561e-05
1.71673073322e-05
-1.71673073318e-05
0.0
-0.0092642429561
-7.06789929214e-17
0.0
7.06789929214e-17
-7.06789929214e-17
0.0
0.0
0.0
-1.7167307332e-05
1.71673073318e-05
0.0
7.5475122229e-05
1.71673073318e-05
-9.26424295609e-05
7.06789929214e-17
0.0
0.0
0.0
1.41357985843e-16
0.0
-1.41357985843e-16
0.00461495417072
0.0
1.7167307332e-05
-1.71673073319e-05
-0.0092642429561
0.0
7.06789929214e-17
0.0
-7.06789929214e-17
7.06789929214e-17
0.0
-7.06789929214e-17
7.5475122229e-05
1.71673073318e-05
-7.06789929214e-17
-9.26424295609e-05
-7.06789929214e-17
0.0
0.0
0.0
7.06789929214e-17
-7.06789929214e-17
0.0
7.06789929214e-17
-7.06789929214e-17
0.0092642429561
1.71673073319e-05
-1.71673073319e-05
1.7167307332e-05
-1.7167307332e-05
-0.0092642429561
0.0
0.0
7.06789929214e-17
0.0
-0.0152860008776
-0.0127846552794
-0.00122151889162
1.7167307332e-05
-1.71673073322e-05
1.7167307332e-05
7.06789929214e-17
0.0
1.41357985843e-16
0.0
-7.06789929214e-17
7.06789929214e-17
0.0114121861433
1.71673073318e-05
-9.26424295607e-05
0.0
8.24128101056e-17
0.0
0.0
0.0
-1.64825620211e-16
1.64825620211e-16
-8.24732047529e-17
-8.22833930043e-17
-1.51849398855e-18
8.04456701659e-17
9.26424295608e-05
1.29417101297e-19
1.66348428103e-16
-9.26424295609e-05
-1.66473531301e-16
8.06354819145e-17
8.38018869929e-17
-1.90674529244e-18
-8.41901382968e-17
8.24128101056e-17
0.0
0.0
0.0
0.0
0.0
0.0
-8.24128101056e-17
1.64825620211e-16
-1.64825620211e-16
0.0
1.64825620211e-16
-1.64825620211e-16
0.0238091043972
0.012228800702
0.000370569718244
-1.63445171131e-16
1.67862608188e-16
0.0
0.044097796471
0.00704082464663
-0.0109489739955
0.0
0.0
-7.95138670366e-17
8.83487411518e-17
8.83487411518e-18
8.83487411518e-17
0.0
0.0201205745221
0.012228800702
0.000909256988278
-9.2642429561e-05
3.53394964607e-17
-3.53394964607e-17
1.59027734073e-16
0.0344629837967
0.00424438445247
0.000370569718244
1.71673073319e-05
0.0092642429561
8.83487411518e-17
9.26424295608e-05
0.0428008024572
0.00741139436488
0.000109809736893
-1.71673073319e-05
0.0611611708176
0.0126920128499
-0.00529778579231
1.71673073319e-05
-1.71673073319e-05
1.7167307332e-05
7.06789929214e-17
-1.71673073321e-05
1.71673073319e-05
-1.71673073319e-05
0.0983862601937
0.0118582309838
-0.000185284859122
0.0717224077875
0.0118582309838
0.00361305475288
-1.71673073319e-05
-0.00463212147805
0.0
0.0
7.06789929214e-17
-7.06789929214e-17
0.0
1.41357985843e-16
-1.41357985843e-16
-7.06789929214e-17
-1.7167307332e-05
1.71673073317e-05
9.26424295611e-05
0.0
-7.06789929214e-17
-9.26424295609e-05
0.0
2.12036978764e-16
-1.41357985843e-16
0.0
0.0
0.0
0.00463212147805
2.12036978764e-16
0.0
1.71673073318e-05
-0.00464928878538
0.0
0.0
-7.06789929214e-17
7.06789929214e-17
0.0
-7.06789929214e-17
7.06789929214e-17
-1.7167307332e-05
1.71673073318e-05
7.54751222292e-05
1.71673073319e-05
-1.41357985843e-16
-9.26424295608e-05
7.06789929214e-17
0.0
7.06789929214e-17
-0.00620704278058
-0.0125067279907
0.00389098204156
-1.7167307332e-05
1.7167307332e-05
-1.71673073319e-05
-0.0092642429561
1.41357985843e-16
0.0338144867897
0.0275148015796
0.0119508734134
-0.00047108278207
-1.41357985843e-16
-1.71673073319e-05
1.7167307332e-05
-2.82715971686e-16
-7.06789929214e-17
2.12036978764e-16
7.06789929214e-17
-7.06789929214e-17
7.06789929214e-17
7.06789929214e-17
-1.41357985843e-16
-0.0103759521108
-0.0129699401385
-0.000833781866049
0.0
-9.2642429561e-05
0.0
7.06789929214e-17
-7.06789929214e-17
7.06789929214e-17
-1.41357985843e-16
9.26424295608e-05
2.82715971686e-16
-1.41357985843e-16
-1.7167307332e-05
1.71673073321e-05
0.0
-2.82715971686e-16
2.82715971686e-16
0.0
-1.41357985843e-16
0.0
1.41357985843e-16
-9.26424295611e-05
-1.41357985843e-16
0.00928141026343
-1.7167307332e-05
0.0
-0.0092642429561
7.06789929214e-17
-7.06789929214e-17
0.0
9.2642429561e-05
-7.06789929214e-17
7.06789929214e-17
0.0
0.0
0.0
-1.7167307332e-05
1.7167307332e-05
-1.71673073318e-05
-7.54751222291e-05
-7.06789929214e-17
-1.41357985843e-16
7.06789929214e-17
-1.41357985843e-16
7.06789929214e-17
-7.06789929214e-17
0.0
7.06789929214e-17
-7.06789929214e-17
0.0092642429561
1.71673073322e-05
7.5475122229e-05
-0.0092642429561
0.0
0.0
0.0
0.0
0.0
0.0
0.0
-9.26424295609e-05
-1.7167307332e-05
1.7167307332e-05
-7.06789929214e-17
-1.7167307332e-05
1.71673073319e-05
1.41357985843e-16
-7.06789929214e-17
1.41357985843e-16
0.0
0.0
0.0
0.0
9.26424295609e-05
1.41357985843e-16
0.0092642429561
1.71673073318e-05
-1.71673073319e-05
-0.00935688538566
0.0
0.0
0.0
0.0
-7.06789929214e-17
0.0
1.41357985843e-16
0.0
-1.41357985843e-16
-1.71673073318e-05
1.7167307332e-05
9.26424295609e-05
7.06789929214e-17
2.12036978764e-16
-2.12036978764e-16
7.06789929214e-17
-9.26424295609e-05
0.0
-1.41357985843e-16
1.41357985843e-16
0.0
0.00463212147805
1.41357985843e-16
1.7167307332e-05
-0.00928141026343
0.0
-7.06789929214e-17
0.0
-7.06789929214e-17
7.06789929214e-17
0.0
-7.06789929214e-17
0.0
-0.000109809736893
1.71673073318e-05
-9.26424295608e-05
0.0
0.0
0.0
0.0
0.0
0.0
0.0
-1.51849398855e-18
4.28543161427e-17
-4.08785483962e-17
1.98439555321e-19
1.29417101297e-19
-1.64791108984e-18
1.38907688725e-18
-9.26424295609e-05
-1.51849398855e-18
-2.76089816099e-19
1.51849398855e-18
0.0
9.2642429561e-05
-8.24128101056e-17
0.0
8.24128101056e-17
8.24128101056e-17
0.0
-8.24128101056e-17
0.0
8.24128101056e-17
0.0
-1.64825620211e-16
1.64825620211e-16
0.0
-1.64825620211e-16
0.0376299937091
0.0120435158429
-0.000202452166454
-9.26424295609e-05
0.0
-8.83487411518e-18
-8.83487411518e-18
0.0
-0.0092642429561
0.0
0.0092642429561
-7.95138670366e-17
7.95138670366e-17
0.0
-7.95138670366e-17
0.0
0.0391877477043
0.00768932165356
0.000573021884698
-1.71673073318e-05
9.26424295609e-05
-3.53394964607e-17
0.0285338683048
0.00843046109005
-0.00463212147805
1.7167307332e-05
-1.7167307332e-05
1.71673073319e-05
0.0
0.0491004876673
0.00852310351961
0.0384637755751
0.00843046109005
0.0
-1.7167307332e-05
-7.54751222289e-05
-1.7167307332e-05
1.76697482304e-16
-1.76697482304e-16
3.53394964607e-17
-0.0092642429561
0.0609415513438
0.0118582309838
9.2642429561e-05
1.71673073318e-05
0.0889367323785
0.0156565705958
0.00731875193532
0.0654981976996
0.0121361582725
0.00453947904849
-0.00464928878538
0.0
7.06789929214e-17
-7.06789929214e-17
0.0
7.06789929214e-17
-7.06789929214e-17
0.0
0.0
9.26424295608e-05
-1.7167307332e-05
1.71673073319e-05
-7.06789929214e-17
1.41357985843e-16
-7.06789929214e-17
7.06789929214e-17
-9.26424295608e-05
7.06789929214e-17
-1.41357985843e-16
1.41357985843e-16
0.0
0.00928141026343
-1.7167307332e-05
2.12036978764e-16
0.0
-0.0092642429561
0.0
0.0
1.41357985843e-16
-7.06789929214e-17
-7.06789929214e-17
0.0
9.2642429561e-05
-7.06789929214e-17
1.41357985843e-16
-1.41357985843e-16
-1.7167307332e-05
1.71673073321e-05
-9.26424295608e-05
-1.41357985843e-16
2.12036978764e-16
7.06789929214e-17
-1.41357985843e-16
0.0
1.41357985843e-16
-1.41357985843e-16
0.0
0.0092642429561
1.7167307332e-05
-1.7167307332e-05
7.06789929214e-17
-0.0092642429561
-7.06789929214e-17
7.06789929214e-17
9.26424295609e-05
7.06789929214e-17
0.0
0.0
-9.26424295609e-05
0.0
-1.41357985843e-16
2.12036978764e-16
-1.7167307332e-05
0.0
1.71673073319e-05
-7.06789929214e-17
-1.41357985843e-16
7.06789929214e-17
-1.41357985843e-16
0.0
0.0
0.0
-1.41357985843e-16
0.0092642429561
1.7167307332e-05
7.54751222288e-05
-9.26424295607e-05
-0.00461495417072
0.0
0.0
7.06789929214e-17
0.0
-7.06789929214e-17
7.06789929214e-17
-7.06789929214e-17
0.0
-1.71673073319e-05
1.71673073318e-05
-7.06789929214e-17
-1.7167307332e-05
1.7167307332e-05
7.06789929214e-17
1.41357985843e-16
0.0
0.0
7.06789929214e-17
7.06789929214e-17
-1.41357985843e-16
0.0092642429561
1.7167307332e-05
-1.71673073319e-05
1.71673073319e-05
-1.71673073318e-05
-0.0092642429561
7.06789929214e-17
-7.06789929214e-17
0.0
0.0
-7.06789929214e-17
7.06789929214e-17
0.0
-2.12036978764e-16
0.0
1.41357985843e-16
-2.12036978764e-16
7.06789929214e-17
1.41357985843e-16
0.0
-1.41357985843e-16
0.0
1.41357985843e-16
0.0
-1.41357985843e-16
1.41357985843e-16
0.0092642429561
1.71673073319e-05
-1.71673073318e-05
7.06789929214e-17
-0.00463212147805
-7.06789929214e-17
0.0
0.0
7.06789929214e-17
0.0
-7.06789929214e-17
7.06789929214e-17
-7.06789929214e-17
0.0
1.41357985843e-16
-1.7167307332e-05
1.71673073321e-05
0.0
-2.12036978764e-16
1.41357985843e-16
0.0
-1.41357985843e-16
1.41357985843e-16
0.0
-1.41357985843e-16
1.41357985843e-16
0.0
0.00928141026343
-1.7167307332e-05
7.06789929214e-17
-0.0092642429561
0.0
-9.2642429561e-05
0.0
0.0
-7.06789929214e-17
1.41357985843e-16
-7.06789929214e-17
7.06789929214e-17
0.0
9.2642429561e-05
-7.06789929214e-17
-1.7167307332e-05
1.71673073319e-05
2.12036978764e-16
-7.06789929214e-17
0.0
1.41357985843e-16
-7.06789929214e-17
-7.06789929214e-17
7.06789929214e-17
-9.26424295611e-05
0.0092642429561
1.71673073319e-05
-1.71673073319e-05
7.06789929214e-17
-0.0092642429561
9.2642429561e-05
-0.000185284859122
1.41357985843e-16
-1.41357985843e-16
9.26424295611e-05
0.00016811755179
0.000109809736893
0.0
0.0
-8.24128101056e-17
9.26424295611e-05
0.0
0.0
0.0
0.0
-1.3804490805e-19
-1.3804490805e-19
-9.26424295609e-05
-1.3804490805e-19
-2.58834202593e-19
-1.20789294543e-19
-1.72556135062e-20
1.6565388966e-18
1.6565388966e-18
-1.72556135062e-20
-1.64842875825e-16
8.41901382968e-17
-8.24300657191e-17
9.26424295609e-05
0.0
0.0
-8.24128101056e-17
0.0
8.24128101056e-17
0.0
0.0
0.0
-9.26424295611e-05
0.0
1.64825620211e-16
0.0468942366652
0.0117655885542
7.54751222289e-05
0.0
7.06789929214e-17
-7.95138670366e-17
-8.83487411518e-18
7.95138670366e-17
-7.95138670366e-17
-0.0092642429561
7.95138670366e-17
0.0092642429561
0.0389098204156
0.0118582309838
0.000463212147805
0.0
1.7167307332e-05
-1.71673073321e-05
0.0
1.7167307332e-05
-1.7167307332e-05
9.26424295609e-05
1.76697482304e-17
0.0482667058013
0.00768932165356
-0.00435419418936
1.71673073321e-05
-1.71673073321e-05
-7.54751222289e-05
0.0
-1.71673073321e-05
1.7167307332e-05
0.0092642429561
0.0336292019306
0.0120435158429
0.000202452166454
-1.71673073319e-05
1.7167307332e-05
-1.7167307332e-05
0.0
0.0
0.0
0.0
0.142223296683
0.00750403679444
-0.00112887646206
1.7167307332e-05
-1.71673073321e-05
1.7167307332e-05
0.107928430439
0.0124140855612
-0.000463212147805
7.06789929214e-17
0.00928141026343
-1.71673073319e-05
7.06789929214e-17
0.0
1.71673073319e-05
-0.00928141026343
0.0
7.06789929214e-17
0.0
-7.06789929214e-17
0.0
7.06789929214e-17
-7.06789929214e-17
0.0
0.0
7.54751222289e-05
1.7167307332e-05
-7.06789929214e-17
-9.26424295609e-05
7.06789929214e-17
0.0
-7.06789929214e-17
7.06789929214e-17
0.0
-7.06789929214e-17
7.06789929214e-17
0.0092642429561
1.71673073319e-05
-1.7167307332e-05
1.41357985843e-16
-0.0092642429561
0.0
0.0
-7.06789929214e-17
1.41357985843e-16
0.0
-1.41357985843e-16
0.0
1.41357985843e-16
9.26424295609e-05
-9.2642429561e-05
-1.7167307332e-05
1.71673073319e-05
-7.06789929214e-17
7.06789929214e-17
-7.06789929214e-17
-7.06789929214e-17
2.12036978764e-16
-1.41357985843e-16
0.0
1.41357985843e-16
-1.41357985843e-16
0.0092642429561
1.7167307332e-05
-1.71673073321e-05
2.12036978764e-16
-0.0092642429561
0.0
0.0
-9.26424295611e-05
1.41357985843e-16
-7.06789929214e-17
0.0
0.0
0.0
7.5475122229e-05
1.71673073318e-05
-1.71673073319e-05
1.71673073318e-05
0.0
0.0
1.41357985843e-16
0.0
0.0
0.0
0.0
0.0
0.00928141026343
-0.000109809736893
1.71673073319e-05
-1.71673073319e-05
2.12036978764e-16
-0.00461495417072
-7.06789929214e-17
7.06789929214e-17
0.0
9.2642429561e-05
-1.41357985843e-16
0.0
1.41357985843e-16
-1.7167307332e-05
1.71673073318e-05
0.0
7.06789929214e-17
-2.12036978764e-16
-1.41357985843e-16
-9.26424295608e-05
-2.12036978764e-16
0.0
0.0
0.0
0.0
0.0
0.0092642429561
7.06789929214e-17
0.000109809736893
-1.7167307332e-05
0.0
-0.00463212147805
0.0
-0.0101906672517
-0.0124140855612
0.00313267529774
1.71673073319e-05
-1.7167307332e-05
1.71673073318e-05
-1.41357985843e-16
-9.26424295609e-05
2.12036978764e-16
0.0
0.0
9.26424295609e-05
0.0
0.0
0.0
0.00464928878538
0.0
-1.71673073318e-05
1.7167307332e-05
-1.7167307332e-05
-0.0138963644341
0.0
0.0
7.06789929214e-17
0.0
-7.06789929214e-17
0.0
-9.26424295609e-05
-1.7167307332e-05
1.71673073319e-05
-1.41357985843e-16
-7.06789929214e-17
9.26424295608e-05
0.0
0.0
0.0
-7.06789929214e-17
7.06789929214e-17
0.0
0.0
0.0092642429561
1.41357985843e-16
1.71673073321e-05
-1.7167307332e-05
0.0
-0.0092642429561
0.0
0.0
-9.2642429561e-05
7.06789929214e-17
-7.06789929214e-17
0.0
7.06789929214e-17
-7.06789929214e-17
-1.41357985843e-16
9.26424295611e-05
-1.7167307332e-05
1.71673073318e-05
0.0
0.0
0.0
0.0
0.0
0.0
0.0
0.011395018836
0.0125067279907
0.000185284859122
0.0
0.0
-9.26424295609e-05
-7.06789929214e-17
7.06789929214e-17
0.0
9.26424295609e-05
0.0
-1.7167307332e-05
1.7167307332e-05
-1.71673073319e-05
1.71673073318e-05
0.0
0.000370569718244
-7.54751222291e-05
-1.64566786009e-16
0.0
0.0
0.0
0.0
9.26424295609e-05
1.64829934115e-16
0.0
-9.26424295611e-05
0.0
0.0
0.0
0.0
0.0
0.0
0.0
0.0
0.0
0.0
0.0
0.0
0.0
0.0
9.2642429561e-05
0.0
0.0
0.0
-9.2642429561e-05
0.0
0.0
0.034185056508
0.012228800702
0.000648497006927
8.83487411518e-17
-7.95138670366e-17
8.83487411518e-17
8.83487411518e-18
-9.26424295611e-05
-1.59027734073e-16
1.67862608188e-16
0.0
-1.59027734073e-16
0.0206420944848
0.00750403679444
0.00481740633717
-8.83487411518e-17
9.2642429561e-05
8.83487411518e-17
-8.83487411518e-17
0.0
0.0470795215243
0.00713346707619
0.00016811755179
-9.2642429561e-05
0.0
0.0
9.26424295609e-05
-0.0092642429561
0.0
0.0396337925448
0.0118582309838
0.00472476390761
7.06789929214e-17
-7.06789929214e-17
7.06789929214e-17
3.53394964607e-17
0.0
0.0286436780417
0.0116729461247
0.00101906672517
-1.71673073319e-05
7.06789929214e-17
-3.53394964607e-17
0.109022972286
0.0114876612656
-0.00101906672517
1.71673073318e-05
-1.7167307332e-05
1.71673073319e-05
-7.06789929214e-17
-9.26424295608e-05
0.0
0.0
0.102109124684
0.00889367323785
0.00407626690068
-1.71673073318e-05
-0.00463212147805
7.06789929214e-17
0.0
-7.06789929214e-17
0.0
7.06789929214e-17
0.0
-7.06789929214e-17
0.0
-1.71673073318e-05
1.71673073318e-05
1.41357985843e-16
-1.41357985843e-16
-7.06789929214e-17
1.41357985843e-16
-2.12036978764e-16
7.06789929214e-17
1.41357985843e-16
0.00231606073902
0.011395018836
0.00453947904849
-1.7167307332e-05
-0.0092642429561
0.0
7.06789929214e-17
0.0152860008776
0.00889367323785
7.5475122229e-05
1.71673073318e-05
-7.06789929214e-17
0.0
0.0
-7.06789929214e-17
9.26424295611e-05
0.0
-9.26424295611e-05
7.06789929214e-17
0.0
0.0
-1.41357985843e-16
0.0092642429561
1.7167307332e-05
-1.71673073321e-05
-0.00463212147805
0.0
-7.06789929214e-17
7.06789929214e-17
-1.41357985843e-16
1.41357985843e-16
-1.41357985843e-16
0.0
1.41357985843e-16
0.0
7.54751222288e-05
1.71673073322e-05
-9.26424295611e-05
-7.06789929214e-17
7.06789929214e-17
0.0
0.0
0.0
0.0
-7.06789929214e-17
7.06789929214e-17
0.0
-1.41357985843e-16
0.0092642429561
1.7167307332e-05
-1.71673073319e-05
-0.0092642429561
-7.06789929214e-17
7.06789929214e-17
0.0
0.0
0.0
-7.06789929214e-17
7.06789929214e-17
0.0
-2.12036978764e-16
-7.06789929214e-17
-1.71673073319e-05
1.71673073319e-05
-7.06789929214e-17
7.06789929214e-17
-7.06789929214e-17
-7.06789929214e-17
7.06789929214e-17
0.0
-7.06789929214e-17
7.06789929214e-17
-9.26424295611e-05
0.0092642429561
1.71673073319e-05
-1.7167307332e-05
-0.00917160052653
0.0
0.0
0.0
0.0
0.0
0.0
-1.41357985843e-16
0.0
1.41357985843e-16
-2.12036978764e-16
-7.06789929214e-17
-1.71673073318e-05
1.7167307332e-05
-2.12036978764e-16
-9.26424295607e-05
-7.06789929214e-17
7.06789929214e-17
7.06789929214e-17
9.2642429561e-05
0.0
-7.06789929214e-17
7.06789929214e-17
0.0092642429561
1.71673073318e-05
-1.7167307332e-05
-0.0092642429561
0.0
0.0
0.0
-7.06789929214e-17
0.0
7.06789929214e-17
0.0
-1.41357985843e-16
0.0
-9.2642429561e-05
-7.06789929214e-17
-1.7167307332e-05
0.000109809736893
0.0
0.0
7.06789929214e-17
0.0
0.0
0.0
0.0
-7.06789929214e-17
7.06789929214e-17
0.0092642429561
1.41357985843e-16
0.0
-0.0092642429561
7.06789929214e-17
-9.26424295611e-05
0.0
7.06789929214e-17
-7.06789929214e-17
0.0
0.0
1.41357985843e-16
7.54751222289e-05
1.7167307332e-05
0.0
-1.41357985843e-16
7.06789929214e-17
0.0
-7.06789929214e-17
7.06789929214e-17
-1.41357985843e-16
1.41357985843e-16
-9.26424295609e-05
0.0
-7.06789929214e-17
0.0092642429561
1.7167307332e-05
-1.7167307332e-05
1.41357985843e-16
-0.0092642429561
0.0
9.2642429561e-05
-7.06789929214e-17
0.0
7.06789929214e-17
0.0
-1.41357985843e-16
1.41357985843e-16
0.0
-1.41357985843e-16
0.0
-9.26424295609e-05
0.0
7.06789929214e-17
1.41357985843e-16
-7.06789929214e-17
9.2642429561e-05
1.71673073318e-05
0.0
0.0
8.24149670573e-17
-1.64829934115e-16
0.0
0.0
0.0
9.26424295611e-05
-9.26424295609e-05
4.10144363526e-17
1.38691993556e-18
-8.23459446033e-17
8.24149670573e-17
-2.15695168828e-21
2.15695168828e-21
-1.29417101297e-19
-2.15695168828e-21
-1.64832091066e-16
1.66480002156e-16
-8.2417124009e-17
-8.2417124009e-17
-8.24149670573e-17
0.0
0.0
9.2642429561e-05
0.0
0.0
-9.26424295609e-05
0.0
0.0
-1.64829934115e-16
0.0
0.0604200313811
0.00796724894224
-0.00446265304397
7.06789929214e-17
-8.83487411518e-18
-1.59027734073e-16
1.50192859958e-16
-8.83487411518e-17
9.26424295608e-05
-0.0092642429561
-8.83487411518e-17
-1.71673073318e-05
0.00928141026343
0.0
0.0
0.0
0.0248281711223
0.012228800702
0.000202452166454
-1.7167307332e-05
0.000109809736893
-1.71673073319e-05
0.0
-1.76697482304e-17
0.0345556262262
0.00741139436488
-0.00435419418936
-7.5475122229e-05
-1.7167307332e-05
1.7167307332e-05
0.024811003815
0.0117655885542
0.00500269119629
-7.06789929214e-17
0.0387417028638
0.0120435158429
-0.000277927288683
-9.98898919657e-06
1.71673073319e-05
-1.71673073319e-05
-3.53394964607e-17
-1.76697482304e-16
-0.0092642429561
0.0
-1.71673073321e-05
1.71673073321e-05
0.0991102323229
0.0114876612656
-0.00101906672517
1.7167307332e-05
-7.06789929214e-17
7.06789929214e-17
0.0868231238059
0.0116729461247
0.0615145732285
0.0119508734134
-0.00453947904849
0.0
0.0
-1.41357985843e-16
0.0
1.41357985843e-16
-7.06789929214e-17
-2.82715971686e-16
7.06789929214e-17
1.41357985843e-16
0.0
-7.06789929214e-17
0.0
0.0
0.0
0.0
0.0
0.0
0.0092642429561
1.71673073319e-05
-1.7167307332e-05
0.0
-0.0092642429561
0.0
0.0
0.0
7.06789929214e-17
-7.06789929214e-17
-9.2642429561e-05
0.0
0.0
7.5475122229e-05
1.7167307332e-05
-1.41357985843e-16
-1.41357985843e-16
-2.12036978764e-16
1.41357985843e-16
-7.06789929214e-17
-7.06789929214e-17
1.41357985843e-16
0.0
-1.41357985843e-16
0.0
0.00928141026343
-1.7167307332e-05
-9.26424295607e-05
-7.06789929214e-17
-0.00463212147805
0.0
0.0
0.0
0.0
0.0
9.2642429561e-05
0.0
0.0
0.0
-7.06789929214e-17
-1.41357985843e-16
0.0
7.06789929214e-17
-7.06789929214e-17
0.0
-9.26424295608e-05
1.41357985843e-16
-1.41357985843e-16
7.06789929214e-17
0.000463212147805
9.26424295611e-05
-7.06789929214e-17
0.0
0.0
9.26424295609e-05
-0.00481740633717
-0.0125993704203
-0.000943591602942
1.7167307332e-05
-7.06789929214e-17
0.0
2.12036978764e-16
9.26424295608e-05
-7.06789929214e-17
0.0
0.0
0.0
0.0
0.00463212147805
-1.7167307332e-05
-7.5475122229e-05
-1.71673073319e-05
-0.0092642429561
0.0
0.0
0.0
7.06789929214e-17
-7.06789929214e-17
0.0
7.06789929214e-17
0.0
0.0
-7.06789929214e-17
7.54751222289e-05
1.71673073319e-05
-7.06789929214e-17
0.0
-1.41357985843e-16
-9.26424295611e-05
1.41357985843e-16
-1.41357985843e-16
1.41357985843e-16
0.0
0.0092642429561
1.71673073322e-05
-1.71673073319e-05
0.0
1.71673073318e-05
-1.71673073318e-05
-0.0092642429561
-7.06789929214e-17
7.06789929214e-17
-7.06789929214e-17
0.0
-7.06789929214e-17
1.41357985843e-16
-1.41357985843e-16
9.26424295611e-05
-7.06789929214e-17
-1.7167307332e-05
1.7167307332e-05
-9.26424295609e-05
-7.06789929214e-17
-2.12036978764e-16
7.06789929214e-17
0.0
-1.41357985843e-16
1.41357985843e-16
0.0
-1.41357985843e-16
0.0092642429561
-7.06789929214e-17
7.06789929214e-17
2.12036978764e-16
-0.00461495417072
-7.06789929214e-17
7.06789929214e-17
0.0
0.0
0.0
0.0
0.0
9.26424295609e-05
-0.000109809736893
1.71673073318e-05
1.41357985843e-16
-1.7167307332e-05
1.71673073319e-05
7.06789929214e-17
2.12036978764e-16
-1.41357985843e-16
1.41357985843e-16
-1.41357985843e-16
0.0
0.0
0.00928141026343
-1.71673073321e-05
0.0
1.71673073321e-05
-1.71673073321e-05
-0.0092642429561
0.0
0.0
-9.26424295609e-05
-7.06789929214e-17
-0.00463212147805
0.00463212147805
-1.41357985843e-16
9.26424295608e-05
-1.71673073319e-05
1.7167307332e-05
-2.82715971686e-16
0.0
0.000463212147805
1.71673073318e-05
0.0
8.24149670573e-17
-1.64829934115e-16
1.64829934115e-16
0.0
0.0
0.0
0.0
-3.94247629583e-17
-9.2642429561e-05
9.26424295609e-05
8.21518189513e-17
8.22833930043e-17
-8.07670559675e-17
2.47376475225e-16
-1.64829934115e-16
-8.2153975903e-17
2.47376475225e-16
1.77948514283e-18
-2.47113327119e-16
2.47244901172e-16
0.0
0.0
8.24149670573e-17
0.0
0.0
-8.24149670573e-17
8.24149670573e-17
-9.26424295609e-05
-1.64825620211e-16
0.0
9.26424295611e-05
0.0
0.0330905146606
0.007596679224
-1.71673073319e-05
7.95138670366e-17
-7.95138670366e-17
-9.2642429561e-05
0.0
7.95138670366e-17
0.0327954200646
0.00741139436488
0.0054659033441
0.0
7.06789929214e-17
-8.83487411518e-17
0.0346482686558
0.00722610950575
0.000109809736893
-1.71673073318e-05
9.26424295609e-05
-9.26424295609e-05
0.0
0.0384466082678
0.00768932165356
-0.00435419418936
1.7167307332e-05
-1.7167307332e-05
1.7167307332e-05
-0.000109809736893
0.00928141026343
9.26424295609e-05
-7.06789929214e-17
0.0
0.099051924508
0.0125067279907
-0.000370569718244
-1.71673073318e-05
-2.12036978764e-16
1.71673073319e-05
-1.71673073318e-05
0.0868231238059
0.00750403679444
-0.000573021884698
1.71673073319e-05
-1.7167307332e-05
1.71673073318e-05
0.0
-1.71673073321e-05
1.71673073318e-05
-9.2642429561e-05
7.06789929214e-17
0.0859721746326
0.0117655885542
0.0042615517598
-1.71673073318e-05
-0.0092642429561
7.06789929214e-17
-7.06789929214e-17
0.0
7.06789929214e-17
0.0
0.0
7.06789929214e-17
0.0
-1.71673073323e-05
1.71673073321e-05
-7.06789929214e-17
-1.71673073323e-05
-7.54751222287e-05
7.06789929214e-17
-2.12036978764e-16
1.41357985843e-16
1.41357985843e-16
-2.12036978764e-16
7.06789929214e-17
9.26424295609e-05
0.00928141026343
-1.7167307332e-05
7.06789929214e-17
1.7167307332e-05
-1.7167307332e-05
-0.0092642429561
0.0
0.0
7.06789929214e-17
0.0
-7.06789929214e-17
7.06789929214e-17
-9.2642429561e-05
0.0
0.0
0.0
-7.06789929214e-17
-1.7167307332e-05
1.71673073319e-05
0.0
0.0
0.0
9.26424295609e-05
0.0
7.06789929214e-17
-7.06789929214e-17
0.0092642429561
-7.06789929214e-17
2.12036978764e-16
1.7167307332e-05
-1.7167307332e-05
-0.0092642429561
-9.26424295609e-05
7.06789929214e-17
-7.06789929214e-17
0.0
-7.06789929214e-17
7.06789929214e-17
0.0
-2.82715971686e-16
0.0
1.41357985843e-16
-1.71673073321e-05
1.71673073317e-05
7.06789929214e-17
2.12036978764e-16
9.26424295608e-05
0.0
0.0
0.0
0.0
0.0
0.00917160052653
-7.06789929214e-17
2.12036978764e-16
1.71673073319e-05
-1.71673073319e-05
-0.0092642429561
0.0
-7.06789929214e-17
0.0
7.06789929214e-17
0.0
-1.41357985843e-16
0.0
1.41357985843e-16
-2.12036978764e-16
7.5475122229e-05
1.71673073321e-05
-1.41357985843e-16
-1.41357985843e-16
-9.26424295608e-05
7.06789929214e-17
-1.41357985843e-16
0.0
1.41357985843e-16
-1.41357985843e-16
0.0
0.0092642429561
1.7167307332e-05
-1.7167307332e-05
7.06789929214e-17
-0.0092642429561
-7.06789929214e-17
0.0
0.0
7.06789929214e-17
0.0
7.06789929214e-17
-7.06789929214e-17
9.26424295608e-05
-1.71673073319e-05
1.71673073319e-05
-9.26424295609e-05
-1.7167307332e-05
1.71673073318e-05
-7.06789929214e-17
0.0
0.0
0.0
0.0
0.0
0.0
0.0092642429561
2.12036978764e-16
1.7167307332e-05
-1.71673073321e-05
1.71673073321e-05
-0.0092642429561
7.06789929214e-17
7.06789929214e-17
-1.41357985843e-16
7.06789929214e-17
0.0
-7.06789929214e-17
-7.06789929214e-17
1.41357985843e-16
-1.7167307332e-05
1.71673073318e-05
1.41357985843e-16
-1.41357985843e-16
-7.06789929214e-17
2.12036978764e-16
0.0
-1.41357985843e-16
1.41357985843e-16
0.0
0.0
0.0
0.0092642429561
1.41357985843e-16
-7.54751222289e-05
-1.7167307332e-05
-0.0092642429561
9.2642429561e-05
0.0
-7.06789929214e-17
7.06789929214e-17
-7.06789929214e-17
0.0
7.06789929214e-17
0.0
-2.12036978764e-16
-1.71673073319e-05
1.7167307332e-05
-2.82715971686e-16
1.41357985843e-16
0.0
-7.06789929214e-17
2.12036978764e-16
-9.26424295611e-05
-7.06789929214e-17
7.06789929214e-17
0.0
0.0092642429561
1.71673073319e-05
7.5475122229e-05
1.41357985843e-16
1.71673073319e-05
-0.00928141026343
0.0
7.06789929214e-17
-7.06789929214e-17
0.0
0.000370569718244
0.000109809736893
0.0
0.0
-9.26424295609e-05
-1.64829934115e-16
0.0
0.0
1.64829934115e-16
-1.64829934115e-16
1.23487641105e-16
4.12732705552e-17
6.68655023365e-20
-8.06376388662e-17
9.2642429561e-05
0.0
0.0
0.0
0.0
0.0
-9.26424295609e-05
-1.62921031871e-16
1.64961508168e-16
0.0
-8.24149670573e-17
8.24149670573e-17
0.0
0.0
0.0
-1.64829934115e-16
1.64829934115e-16
0.0
0.0
0.0
0.0
9.26424295609e-05
-9.26424295609e-05
-3.94247629583e-17
-1.21902281615e-16
1.63117314474e-16
0.0473402815056
0.0116729461247
0.000648497006927
0.0410234289882
0.00722610950575
0.00444683661893
-8.83487411518e-17
-9.26424295611e-05
1.76697482304e-16
0.0
0.113596785949
0.0123214431316
-0.000370569718244
-1.7167307332e-05
1.71673073319e-05
-1.71673073319e-05
9.2642429561e-05
0.0
-0.00928141026343
1.7167307332e-05
-9.2642429561e-05
-1.7167307332e-05
1.71673073321e-05
-1.7167307332e-05
1.71673073319e-05
1.41357985843e-16
-1.7167307332e-05
1.71673073319e-05
3.53394964607e-17
0.0092642429561
-7.06789929214e-17
1.06018489382e-16
1.7167307332e-05
-1.71673073321e-05
9.2642429561e-05
1.7167307332e-05
-1.71673073321e-05
-3.53394964607e-17
1.41357985843e-16
-7.5475122229e-05
-1.71673073319e-05
1.71673073319e-05
-1.7167307332e-05
0.0
-0.00463212147805
1.7167307332e-05
-1.06018489382e-16
0.0523258053946
0.0118582309838
0.107187291002
0.0117655885542
-7.54751222287e-05
-1.41357985843e-16
0.00928141026343
0.0529914697089
0.00833781866049
-0.00416890933024
0.0
-7.06789929214e-17
-9.26424295608e-05
0.0
-7.06789929214e-17
-7.06789929214e-17
9.26424295611e-05
-1.7167307332e-05
1.71673073319e-05
-7.06789929214e-17
-1.41357985843e-16
-7.06789929214e-17
0.0
7.06789929214e-17
-1.41357985843e-16
1.41357985843e-16
-1.41357985843e-16
0.0
0.0
0.00928141026343
-0.000109809736893
7.06789929214e-17
1.71673073318e-05
-1.71673073318e-05
-0.0092642429561
0.0
0.0
9.2642429561e-05
0.0
-7.06789929214e-17
-7.06789929214e-17
1.41357985843e-16
-1.41357985843e-16
-1.7167307332e-05
7.06789929214e-17
1.7167307332e-05
-2.12036978764e-16
2.12036978764e-16
-9.26424295609e-05
-7.06789929214e-17
0.0
0.0
0.0
0.0
0.0
0.0092642429561
1.7167307332e-05
-1.7167307332e-05
0.000109809736893
-0.00928141026343
0.0
0.0
7.06789929214e-17
-7.06789929214e-17
7.06789929214e-17
0.0
0.0
-1.41357985843e-16
1.41357985843e-16
-0.000109809736893
1.7167307332e-05
-7.06789929214e-17
-1.41357985843e-16
1.41357985843e-16
1.41357985843e-16
0.0
-7.06789929214e-17
9.2642429561e-05
0.0
0.0
-1.41357985843e-16
0.0092642429561
1.7167307332e-05
-1.7167307332e-05
2.12036978764e-16
-0.00463212147805
-7.06789929214e-17
-9.26424295609e-05
0.0
7.06789929214e-17
0.0
-7.06789929214e-17
-7.06789929214e-17
1.41357985843e-16
-1.41357985843e-16
0.0
-1.71673073319e-05
0.000109809736893
0.0
7.06789929214e-17
1.41357985843e-16
-7.06789929214e-17
0.0
1.41357985843e-16
-9.26424295609e-05
-7.06789929214e-17
7.06789929214e-17
0.0092642429561
1.71673073318e-05
-1.71673073319e-05
-0.0092642429561
0.0
0.0
7.06789929214e-17
0.0
-7.06789929214e-17
0.0
7.06789929214e-17
0.0
9.26424295608e-05
-1.71673073319e-05
1.7167307332e-05
-2.82715971686e-16
-9.26424295608e-05
7.06789929214e-17
-2.12036978764e-16
7.06789929214e-17
0.0
0.0
-7.06789929214e-17
-7.06789929214e-17
0.0
7.06789929214e-17
0.00463212147805
0.0
1.71673073322e-05
-1.7167307332e-05
-0.0092642429561
-1.41357985843e-16
1.41357985843e-16
0.0
-1.41357985843e-16
1.41357985843e-16
0.0
0.0
-1.41357985843e-16
-7.06789929214e-17
-1.7167307332e-05
1.71673073319e-05
-7.06789929214e-17
1.41357985843e-16
0.0
-7.06789929214e-17
2.12036978764e-16
0.0
0.0
-7.06789929214e-17
7.06789929214e-17
0.00928141026343
-1.71673073319e-05
0.0
-7.5475122229e-05
-1.71673073319e-05
-0.0138963644341
7.06789929214e-17
9.2642429561e-05
-1.41357985843e-16
0.0
1.41357985843e-16
-7.06789929214e-17
-7.06789929214e-17
-1.71673073319e-05
1.71673073319e-05
-2.82715971686e-16
-1.7167307332e-05
1.7167307332e-05
-2.12036978764e-16
1.41357985843e-16
0.0
0.0
-9.26424295611e-05
0.0
7.06789929214e-17
-7.06789929214e-17
0.0092642429561
-7.06789929214e-17
0.000387737025576
0.000109809736893
0.0
0.0
-8.24128101056e-17
0.0
0.0
9.26424295611e-05
0.0
0.0
-9.2642429561e-05
-8.24128101056e-17
1.64411485487e-16
-6.90224540248e-20
-1.64687575303e-16
1.64549530395e-16
-2.76089816099e-19
-8.21367202895e-17
-8.23955544921e-17
8.22747651976e-17
-8.24128101056e-17
1.77732819114e-18
8.24128101056e-17
0.0
9.26424295609e-05
0.0
0.0
-9.2642429561e-05
8.24128101056e-17
8.24128101056e-17
0.0339071292193
0.007596679224
0.00101906672517
-7.95138670366e-17
1.32523111728e-16
4.41743705759e-17
-1.50192859958e-16
8.83487411518e-17
-9.2642429561e-05
0.0
7.95138670366e-17
-8.83487411518e-18
0.026588377284
0.0119508734134
0.00565118820322
-8.83487411518e-17
7.06789929214e-17
7.06789929214e-17
-8.83487411518e-17
0.0487299179491
0.00722610950575
0.000295094596015
-1.71673073319e-05
-5.30092446911e-17
0.0
3.53394964607e-17
-9.26424295609e-05
0.0486372755195
0.0118582309838
-0.00435419418936
1.71673073321e-05
-1.7167307332e-05
9.26424295609e-05
1.71673073319e-05
0.00463212147805
7.06789929214e-17
0.0
0.057270188776
0.0120435158429
0.0
-1.71673073319e-05
0.000109809736893
-1.7167307332e-05
-3.53394964607e-17
-3.53394964607e-17
-3.53394964607e-17
0.0615900483507
0.00722610950575
0.0522503302724
0.00741139436488
0.0622728799723
0.0118582309838
0.00509533362585
-1.7167307332e-05
0.0187309380786
-0.00444683661893
0.0
7.06789929214e-17
-7.06789929214e-17
9.26424295609e-05
0.0
0.0
-7.06789929214e-17
-1.7167307332e-05
-9.2642429561e-05
1.71673073319e-05
-1.41357985843e-16
2.12036978764e-16
0.0
-1.41357985843e-16
1.41357985843e-16
0.0
0.0
0.0
0.0
0.00928141026343
-1.71673073319e-05
1.41357985843e-16
-0.00917160052653
0.0
0.0
0.0
0.0
-9.26424295611e-05
7.06789929214e-17
0.0
0.0
-1.41357985843e-16
1.41357985843e-16
-7.06789929214e-17
-1.7167307332e-05
1.71673073322e-05
-2.12036978764e-16
-7.06789929214e-17
1.41357985843e-16
0.0
-1.41357985843e-16
0.0
1.41357985843e-16
-1.41357985843e-16
0.00463212147805
-7.06789929214e-17
1.7167307332e-05
-1.7167307332e-05
-0.0092642429561
0.0
0.0
0.0
0.0
-7.06789929214e-17
7.06789929214e-17
0.0
0.0
-7.06789929214e-17
-7.06789929214e-17
-1.71673073319e-05
1.7167307332e-05
0.0
-9.26424295609e-05
7.06789929214e-17
0.0
9.26424295608e-05
0.0
1.41357985843e-16
-1.41357985843e-16
0.0
0.00928141026343
-1.71673073321e-05
7.06789929214e-17
-0.0092642429561
0.0
0.0
0.0
0.0
7.06789929214e-17
0.0
-7.06789929214e-17
0.0
1.41357985843e-16
-1.41357985843e-16
-1.41357985843e-16
-1.71673073318e-05
1.71673073318e-05
-0.0102833096813
-0.00833781866049
-0.000648497006927
0.0
0.00928141026343
-0.000109809736893
-7.06789929214e-17
1.71673073323e-05
-1.7167307332e-05
-0.0092642429561
0.0
0.0
7.06789929214e-17
0.0
-7.06789929214e-17
0.0
0.0
-1.71673073318e-05
1.71673073318e-05
-7.06789929214e-17
7.5475122229e-05
1.71673073318e-05
0.0
-9.2642429561e-05
0.0
-1.41357985843e-16
0.0
7.06789929214e-17
0.0
-7.06789929214e-17
0.0092642429561
1.7167307332e-05
-1.71673073316e-05
1.41357985843e-16
1.71673073318e-05
-0.00463212147805
0.0
0.0
-7.06789929214e-17
7.06789929214e-17
0.0
0.0
-1.41357985843e-16
9.2642429561e-05
-1.71673073319e-05
1.71673073319e-05
-9.26424295609e-05
0.0
7.06789929214e-17
0.0
0.0
2.12036978764e-16
-1.41357985843e-16
1.41357985843e-16
0.0
-1.41357985843e-16
0.00461495417072
2.12036978764e-16
7.06789929214e-17
1.71673073318e-05
-0.00928141026343
0.0
0.0
0.0
-9.2642429561e-05
0.0
0.0
9.26424295611e-05
0.0
-1.7167307332e-05
1.71673073319e-05
-1.71673073321e-05
1.7167307332e-05
-7.06789929214e-17
-7.06789929214e-17
7.06789929214e-17
0.0
0.0
0.0
0.0
0.0
0.00928141026343
-1.71673073319e-05
-9.26424295608e-05
1.7167307332e-05
9.26424295609e-05
-0.0162295924805
0.0
0.0
-1.71673073319e-05
9.26424295608e-05
0.0
0.0
0.0
-8.24148704774e-17
1.64829740955e-16
-1.64829740955e-16
0.0
1.64829740955e-16
-9.26424295611e-05
4.12064050528e-17
9.2642429561e-05
-1.71268402711e-18
-3.95591378291e-17
-1.23361539915e-16
1.64568975154e-16
-8.22860972423e-17
1.28773235121e-19
8.20221121103e-17
-3.92758367119e-19
-8.22860972423e-17
-8.07665730678e-17
1.64568975154e-16
-8.25468630434e-17
8.24148704774e-17
-8.24148704774e-17
0.0
8.24148704774e-17
0.0
0.0
8.24148704774e-17
0.0
9.26424295609e-05
0.0
0.0
0.0335537268084
0.00796724894224
0.00016811755179
1.67862608188e-16
-1.67862608188e-16
-8.83487411518e-18
-8.83487411518e-18
0.0603102216442
0.0126920128499
0.00407626690068
0.0
-9.2642429561e-05
0.0
7.06789929214e-17
0.0
0.0
9.26424295609e-05
1.71673073319e-05
-1.71673073319e-05
0.0
0.0484691579677
0.00796724894224
7.54751222289e-05
1.76697482304e-16
-0.00928141026343
1.7167307332e-05
0.0
-1.7167307332e-05
1.7167307332e-05
3.53394964607e-17
-1.7167307332e-05
0.0438198691823
0.0120435158429
0.00553007817449
-0.000109809736893
1.7167307332e-05
-1.71673073319e-05
0.0
1.71673073318e-05
-1.71673073319e-05
-3.53394964607e-17
0.0
-7.06789929214e-17
0.0542884637227
0.0119508734134
-9.2642429561e-05
0.0884735202307
0.0112097339769
0.0607906010993
0.0117655885542
0.00453947904849
7.5475122229e-05
1.7167307332e-05
-1.71673073318e-05
-1.41357985843e-16
-0.00461495417072
0.0
0.0
0.0
0.0
0.0
-9.26424295611e-05
1.41357985843e-16
-7.06789929214e-17
-1.71673073321e-05
1.71673073319e-05
7.06789929214e-17
-1.41357985843e-16
-7.06789929214e-17
2.12036978764e-16
-7.06789929214e-17
1.41357985843e-16
-7.06789929214e-17
0.0
7.06789929214e-17
0.00464928878538
-1.71673073318e-05
9.26424295611e-05
1.71673073319e-05
-1.71673073319e-05
-0.0092642429561
-9.2642429561e-05
0.0
7.06789929214e-17
0.0
-7.06789929214e-17
0.0
7.06789929214e-17
-1.7167307332e-05
1.7167307332e-05
-7.06789929214e-17
0.0
-7.06789929214e-17
-1.41357985843e-16
0.0
0.0
-1.41357985843e-16
7.06789929214e-17
0.0
-7.06789929214e-17
7.06789929214e-17
0.0092642429561
1.71673073322e-05
-1.7167307332e-05
0.0
1.7167307332e-05
-0.00928141026343
0.0
-7.06789929214e-17
7.06789929214e-17
0.0
-7.06789929214e-17
7.06789929214e-17
0.00268663045727
0.00565118820322
9.2642429561e-05
7.06789929214e-17
-7.06789929214e-17
-1.41357985843e-16
0.0
0.0
0.0
0.0
0.0092642429561
1.71673073319e-05
-1.7167307332e-05
1.71673073321e-05
-0.000109809736893
-0.0092642429561
-7.06789929214e-17
7.06789929214e-17
0.0
-7.06789929214e-17
7.06789929214e-17
0.0
9.26424295609e-05
-7.06789929214e-17
-1.71673073319e-05
1.71673073318e-05
-7.06789929214e-17
-7.06789929214e-17
0.0
0.0
7.06789929214e-17
-7.06789929214e-17
-9.26424295608e-05
0.0
0.0
0.0
0.00928141026343
-1.71673073318e-05
0.0
1.71673073318e-05
-0.00928141026343
7.06789929214e-17
0.0
9.2642429561e-05
-7.06789929214e-17
0.0
-7.06789929214e-17
7.06789929214e-17
0.0
-2.82715971686e-16
0.0
-1.71673073319e-05
1.7167307332e-05
-9.26424295611e-05
7.06789929214e-17
0.0
0.0114876612656
0.0132478674272
0.00509533362585
-1.71673073318e-05
1.7167307332e-05
-1.71673073318e-05
-0.00463212147805
0.0
0.0
7.06789929214e-17
0.0
0.0
0.0
0.0
0.0
0.0
-7.06789929214e-17
-1.7167307332e-05
1.71673073319e-05
0.0
0.0
7.06789929214e-17
-7.06789929214e-17
-7.06789929214e-17
0.0
7.06789929214e-17
-7.06789929214e-17
0.0
0.00928141026343
-1.71673073321e-05
2.12036978764e-16
-0.0138963644341
0.0
0.0
0.0
0.0
7.06789929214e-17
0.0
-9.26424295611e-05
0.0
1.41357985843e-16
9.26424295607e-05
0.0
-1.71673073319e-05
1.71673073318e-05
-7.06789929214e-17
-7.06789929214e-17
-7.06789929214e-17
0.0152860008776
0.0118582309838
0.000185284859122
0.0092642429561
1.7167307332e-05
-0.0139135317415
0.0
0.0
0.0
9.2642429561e-05
0.0
7.06789929214e-17
7.06789929214e-17
-1.41357985843e-16
1.41357985843e-16
0.0
-0.000109809736893
1.71673073318e-05
1.41357985843e-16
-7.06789929214e-17
-2.12036978764e-16
-9.26424295608e-05
9.26424295608e-05
0.000185284859122
-7.54751222291e-05
3.29262989119e-16
-8.24128101056e-17
0.0
0.0
-9.26424295609e-05
0.0
0.0
0.0
9.26424295609e-05
-3.19228849865e-19
-1.98439555321e-19
0.0
0.0
1.29417101297e-19
2.58834202593e-19
1.29417101297e-19
1.29417101297e-19
1.29417101297e-19
1.29417101297e-19
-9.26424295609e-05
1.64687575303e-16
0.0
0.0
0.0
0.0
0.0
0.0
9.2642429561e-05
0.0
0.0
0.0
0.0
0.0377054688313
0.0124312528685
0.000260759981351
0.0
0.0
0.0
0.0
0.0
0.0
0.0
0.0519724029837
0.0120435158429
0.00509533362585
-1.59027734073e-16
7.06789929214e-17
-8.83487411518e-17
0.0
1.71673073321e-05
-1.71673073321e-05
-9.26424295609e-05
1.7167307332e-05
0.0720758101984
0.00815253380136
-0.000295094596015
-7.06789929214e-17
-0.0092642429561
-1.76697482304e-16
1.06018489382e-16
-1.7167307332e-05
1.71673073319e-05
0.0
-1.71673073319e-05
1.7167307332e-05
0.0092642429561
-3.53394964607e-17
-1.06018489382e-16
0.0565290493395
0.0120435158429
-9.2642429561e-05
-1.71673073319e-05
1.7167307332e-05
-1.71673073318e-05
0.0
-1.76697482304e-16
-3.53394964607e-17
0.0704082464663
0.0180652737644
0.0118582309838
0.0743747036301
0.0127846552794
-0.000260759981351
-7.06789929214e-17
9.2642429561e-05
7.06789929214e-17
0.0
0.00928141026343
-1.71673073319e-05
7.06789929214e-17
1.7167307332e-05
-1.71673073316e-05
-0.0092642429561
0.0
0.00676289735795
0.0121361582725
0.000463212147805
-7.06789929214e-17
-1.7167307332e-05
1.7167307332e-05
-1.41357985843e-16
-7.06789929214e-17
7.06789929214e-17
0.0
0.0
9.26424295609e-05
0.0
0.0
0.0
-9.26424295609e-05
0.00928141026343
-1.71673073319e-05
2.12036978764e-16
1.71673073319e-05
-0.00928141026343
7.06789929214e-17
0.0
-1.41357985843e-16
7.06789929214e-17
0.0
0.0
0.0
-1.7167307332e-05
1.7167307332e-05
-7.06789929214e-17
-1.7167307332e-05
1.71673073319e-05
1.41357985843e-16
9.26424295608e-05
-9.2642429561e-05
0.0
0.0
0.0
0.0
0.0
0.0092642429561
1.71673073319e-05
-1.7167307332e-05
7.06789929214e-17
-0.0092642429561
7.06789929214e-17
-7.06789929214e-17
0.0
7.06789929214e-17
-7.06789929214e-17
0.0
0.0
0.0
-1.71673073319e-05
1.71673073318e-05
-7.06789929214e-17
9.26424295608e-05
-9.26424295609e-05
0.0
7.06789929214e-17
-7.06789929214e-17
0.0
7.06789929214e-17
-7.06789929214e-17
0.0
0.0
0.00924707564876
0.0
1.7167307332e-05
-1.71673073319e-05
-0.0092642429561
0.0
0.0
0.0
0.0
-9.26424295611e-05
1.41357985843e-16
0.0
-1.41357985843e-16
7.54751222291e-05
1.7167307332e-05
0.0
-7.06789929214e-17
0.0
0.0114876612656
0.0132478674272
0.000185284859122
-1.41357985843e-16
0.00928141026343
7.5475122229e-05
-9.26424295606e-05
1.71673073318e-05
-0.00464928878538
0.0
0.0
0.0
0.0
0.0
0.0
-0.000648497006927
-0.000109809736893
-7.54751222291e-05
9.2642429561e-05
0.0
0.0
-0.0104685945404
-0.0132478674272
-0.00101906672517
0.00935688538566
7.06789929214e-17
0.0
7.06789929214e-17
-0.00461495417072
0.0
0.0
0.0
-7.06789929214e-17
0.0
7.06789929214e-17
-7.06789929214e-17
0.0
7.06789929214e-17
-1.41357985843e-16
-2.82715971686e-16
-1.7167307332e-05
-7.54751222291e-05
0.0
7.06789929214e-17
-7.06789929214e-17
0.0
7.06789929214e-17
-7.06789929214e-17
9.26424295611e-05
-1.41357985843e-16
0.0138963644341
7.06789929214e-17
1.71673073321e-05
-1.7167307332e-05
-0.00463212147805
-7.06789929214e-17
7.06789929214e-17
-7.06789929214e-17
0.0
7.06789929214e-17
0.0
-7.06789929214e-17
1.41357985843e-16
-9.26424295611e-05
-1.7167307332e-05
1.7167307332e-05
-1.41357985843e-16
-2.12036978764e-16
1.41357985843e-16
-7.06789929214e-17
-2.12036978764e-16
0.0
9.26424295609e-05
7.06789929214e-17
-7.06789929214e-17
0.0092642429561
1.71673073319e-05
-1.7167307332e-05
1.41357985843e-16
-0.0092642429561
0.0
0.0
0.0
7.06789929214e-17
-9.2642429561e-05
0.0
-7.06789929214e-17
0.0
-1.7167307332e-05
0.000185284859122
0.000185284859122
0.00157492130254
0.00196265832811
0.000109809736893
9.2642429561e-05
-8.24128101056e-17
8.24128101056e-17
0.0
-9.26424295611e-05
0.0
0.0
0.0
4.10856157583e-17
-4.27594102684e-17
-1.29417101297e-18
8.23437876516e-17
-8.09115717306e-17
1.3804490805e-18
-2.58834202593e-19
-1.55300521556e-19
1.3804490805e-18
1.3804490805e-18
-1.6565388966e-18
9.26424295611e-05
1.64687575303e-16
-8.24128101056e-17
0.0
0.0
8.24128101056e-17
-8.24128101056e-17
8.24128101056e-17
0.0
8.24128101056e-17
-1.64825620211e-16
0.0
1.64825620211e-16
0.0426326849054
0.0115803036951
-1.7167307332e-05
-9.26424295608e-05
-8.83487411518e-17
-8.83487411518e-17
1.59027734073e-16
-8.83487411518e-17
9.26424295608e-05
-0.0092642429561
0.0
0.0092642429561
0.050212196822
0.007596679224
0.0148399560371
-8.83487411518e-17
7.06789929214e-17
7.06789929214e-17
0.0619949526836
0.00750403679444
7.5475122229e-05
7.06789929214e-17
-7.06789929214e-17
7.06789929214e-17
0.0
-0.00928141026343
1.7167307332e-05
0.0
0.0
-1.7167307332e-05
-7.5475122229e-05
0.0335193921937
0.0120435158429
0.0048345736445
-1.71673073319e-05
1.71673073319e-05
-0.000109809736893
0.0
1.41357985843e-16
-1.76697482304e-16
-3.53394964607e-17
1.7167307332e-05
-1.7167307332e-05
-3.53394964607e-17
9.2642429561e-05
-1.06018489382e-16
0.0802111766925
0.012877297709
-0.00092642429561
1.71673073318e-05
0.0797479645446
0.0119680407207
0.0897705142446
0.00750403679444
-0.000185284859122
-7.06789929214e-17
7.06789929214e-17
-7.06789929214e-17
-9.26424295608e-05
-7.06789929214e-17
-7.06789929214e-17
1.41357985843e-16
-0.0146375038706
-0.00815253380136
-0.00111170915473
7.06789929214e-17
0.0
0.0
0.0
0.0
0.0
0.0
0.0
0.0092642429561
7.06789929214e-17
1.71673073321e-05
-1.7167307332e-05
-0.0092642429561
7.06789929214e-17
0.0
0.0
0.0
0.0
0.0
0.0
-9.26424295609e-05
9.26424295608e-05
-1.41357985843e-16
-1.7167307332e-05
1.71673073318e-05
-7.06789929214e-17
1.41357985843e-16
-7.06789929214e-17
-7.06789929214e-17
7.06789929214e-17
0.0
0.0
-1.41357985843e-16
1.41357985843e-16
0.00463212147805
-1.71673073321e-05
0.0
-0.0092642429561
0.0
-9.2642429561e-05
0.0
0.0
-7.06789929214e-17
7.06789929214e-17
7.06789929214e-17
-1.41357985843e-16
7.5475122229e-05
1.7167307332e-05
0.0
-1.7167307332e-05
1.7167307332e-05
0.0
-7.06789929214e-17
7.06789929214e-17
0.0
0.0
-9.26424295609e-05
0.0
-7.06789929214e-17
0.0092642429561
0.0
1.7167307332e-05
-1.7167307332e-05
-0.0092642429561
7.06789929214e-17
-7.06789929214e-17
9.2642429561e-05
0.0
-7.06789929214e-17
7.06789929214e-17
0.0
-1.41357985843e-16
-7.06789929214e-17
-1.71673073318e-05
1.7167307332e-05
-1.71673073322e-05
-7.54751222289e-05
-7.06789929214e-17
-1.41357985843e-16
0.0
0.0
-7.06789929214e-17
-7.06789929214e-17
1.41357985843e-16
0.0
0.00928141026343
-1.71673073319e-05
9.2642429561e-05
1.7167307332e-05
-0.00463212147805
0.0
0.0
0.0
0.0
7.06789929214e-17
-9.2642429561e-05
0.0
0.0
-7.06789929214e-17
-1.7167307332e-05
1.71673073318e-05
-7.06789929214e-17
2.12036978764e-16
-7.06789929214e-17
7.06789929214e-17
1.41357985843e-16
-7.06789929214e-17
9.26424295611e-05
0.0
-7.06789929214e-17
-7.06789929214e-17
0.00928141026343
-1.71673073319e-05
-9.26424295611e-05
1.71673073321e-05
0.00565118820322
0.00741139436488
0.000370569718244
-7.06789929214e-17
1.41357985843e-16
-1.41357985843e-16
-0.0241041989932
-0.0234385346789
-0.012877297709
-0.00100189941784
0.0
1.41357985843e-16
-7.06789929214e-17
-9.26424295609e-05
0.0
0.00463212147805
7.06789929214e-17
1.71673073319e-05
-1.71673073318e-05
7.06789929214e-17
1.71673073318e-05
-0.00463212147805
-7.06789929214e-17
0.0
7.06789929214e-17
0.0
-7.06789929214e-17
7.06789929214e-17
9.26424295608e-05
-1.7167307332e-05
1.7167307332e-05
-2.12036978764e-16
-7.06789929214e-17
0.0
0.0
-9.2642429561e-05
2.12036978764e-16
-7.06789929214e-17
-7.06789929214e-17
-7.06789929214e-17
1.41357985843e-16
0.00464928878538
-1.71673073319e-05
0.000202452166454
9.2642429561e-05
0.0
0.0
-8.24128101056e-17
0.0
1.64825620211e-16
-1.64825620211e-16
-9.26424295609e-05
9.26424295611e-05
-8.26026218542e-17
8.38622816402e-17
1.72556135062e-18
-1.62910247112e-16
1.63445171131e-16
-1.89811748568e-18
-1.64549530395e-16
1.62927502726e-16
-1.89811748568e-18
-8.21367202895e-17
-8.23955544921e-17
8.0652737528e-17
-8.23955544921e-17
1.64566786009e-16
0.0
0.0
-9.2642429561e-05
0.0
0.0
9.2642429561e-05
8.24128101056e-17
0.0
-1.64825620211e-16
1.64825620211e-16
0.0416136181802
0.00704082464663
-0.000295094596015
0.0
7.95138670366e-17
-7.06789929214e-17
0.0
7.95138670366e-17
-7.06789929214e-17
0.033889961912
0.00778196408312
0.00472476390761
0.0
7.06789929214e-17
-8.83487411518e-17
0.0
8.83487411518e-17
-1.59027734073e-16
0.038278490716
0.00750403679444
-0.000295094596015
3.53394964607e-17
0.0
9.26424295609e-05
-1.76697482304e-17
0.0348163862076
0.0114876612656
-0.000370569718244
1.71673073319e-05
0.0092642429561
9.2642429561e-05
0.0
-7.06789929214e-17
1.06018489382e-16
0.0
1.71673073319e-05
0.030386716896
0.0130625825681
9.26424295611e-05
-1.71673073321e-05
7.06789929214e-17
-7.06789929214e-17
-0.0092642429561
-1.71673073319e-05
1.71673073318e-05
0.0
0.0853991527479
0.012228800702
0.0836732812009
0.00704082464663
0.0648497006927
0.0121361582725
9.26424295609e-05
0.0
0.0
-7.06789929214e-17
0.0
0.0
0.0
0.0
0.0
0.0
0.0
-1.7167307332e-05
1.71673073318e-05
-9.26424295608e-05
7.06789929214e-17
7.06789929214e-17
9.2642429561e-05
-1.41357985843e-16
1.41357985843e-16
0.0
-1.41357985843e-16
0.0
0.0092642429561
1.71673073319e-05
-1.71673073318e-05
-0.0092642429561
7.06789929214e-17
0.0
0.0
-7.06789929214e-17
7.06789929214e-17
-9.2642429561e-05
0.0
1.41357985843e-16
-1.41357985843e-16
-1.7167307332e-05
1.71673073321e-05
-1.71673073322e-05
0.000109809736893
2.12036978764e-16
-7.06789929214e-17
0.0
1.41357985843e-16
-1.41357985843e-16
0.0
0.0
0.0
0.0
0.0092642429561
-9.26424295608e-05
1.7167307332e-05
-0.00928141026343
0.0
0.0
7.06789929214e-17
0.0
-7.06789929214e-17
0.0
7.06789929214e-17
0.0
9.26424295608e-05
-1.71673073319e-05
1.71673073319e-05
-7.06789929214e-17
7.06789929214e-17
-1.41357985843e-16
7.06789929214e-17
-9.26424295609e-05
-1.41357985843e-16
1.41357985843e-16
0.0
0.0
0.0
0.00463212147805
-7.06789929214e-17
1.7167307332e-05
-1.71673073319e-05
-0.0092642429561
0.0
0.0
0.0
0.0
0.0
0.0
9.26424295609e-05
0.0
0.0
-1.71673073319e-05
1.7167307332e-05
-9.2642429561e-05
0.0
7.06789929214e-17
-1.41357985843e-16
0.0
1.41357985843e-16
-1.41357985843e-16
0.0
1.41357985843e-16
-1.41357985843e-16
0.00461495417072
7.06789929214e-17
1.7167307332e-05
-1.71673073319e-05
-0.00463212147805
7.06789929214e-17
9.26424295609e-05
-9.2642429561e-05
1.41357985843e-16
-7.06789929214e-17
0.0
2.12036978764e-16
-1.71673073321e-05
1.7167307332e-05
1.41357985843e-16
-3.53394964607e-16
1.41357985843e-16
0.0
0.0
2.12036978764e-16
-7.06789929214e-17
-7.06789929214e-17
0.0
1.41357985843e-16
-9.26424295611e-05
0.0
0.00463212147805
9.2642429561e-05
1.71673073318e-05
-1.71673073318e-05
-0.0092642429561
0.0
-7.06789929214e-17
7.06789929214e-17
-7.06789929214e-17
7.06789929214e-17
0.0
0.0
-1.7167307332e-05
1.7167307332e-05
0.0
-1.71673073321e-05
1.71673073318e-05
-9.2642429561e-05
0.0
2.12036978764e-16
-1.41357985843e-16
0.0
9.26424295611e-05
0.0
-1.41357985843e-16
0.0
0.00464928878538
-1.71673073318e-05
7.06789929214e-17
-0.00463212147805
0.0
0.0
0.0
-7.06789929214e-17
7.06789929214e-17
0.0
2.12036978764e-16
-1.41357985843e-16
-1.7167307332e-05
-7.5475122229e-05
0.0
9.26424295607e-05
-7.06789929214e-17
1.41357985843e-16
-2.12036978764e-16
-7.06789929214e-17
1.41357985843e-16
-1.41357985843e-16
0.0
7.06789929214e-17
7.06789929214e-17
0.00463212147805
1.71673073321e-05
-1.7167307332e-05
7.06789929214e-17
-0.0092642429561
-7.06789929214e-17
-9.26424295609e-05
7.06789929214e-17
0.0
-7.06789929214e-17
-0.000185284859122
