1.16848421097, 1.50032663345, 3.35854101181, 2.99063158035, 2.99182915688, 1.1727335453, 0.744522869587, 0.57532954216, -1.15749086552, 0.0
1.1685256958, 1.50104367733, 3.33048439026, 2.96604371071, 2.96742534637, 1.17208242416, 0.744335770607, 0.575433492661, -1.16114496384, 0.0
1.16841709614, 1.50167131424, 3.30750489235, 2.94106030464, 2.94793820381, 1.17070829868, 0.743891835213, 0.575403511524, -1.16481069473, 0.0
1.16845393181, 1.50257158279, 3.27879714966, 2.9162170887, 2.92352199554, 1.16963219643, 0.743533074856, 0.575313389301, -1.16848801483, -2.5890747879e-16
1.16856968403, 1.50307750702, 3.25102353096, 2.89157390594, 2.89416217804, 1.16889953613, 0.743138551712, 0.575086951256, -1.17217687926, 0.0
1.16878783703, 1.50343477726, 3.22347044945, 2.86705780029, 2.87448167801, 1.16836941242, 0.742834985256, 0.574876189232, -1.17587724161, 0.0
1.16900324821, 1.50376784801, 3.19604635239, 2.84256505966, 2.84996247292, 1.16790127754, 0.74260276556, 0.574653029442, -1.17958905391, 0.0
1.16922271252, 1.50404715538, 3.16868877411, 2.82294225693, 2.82537722588, 1.16747689247, 0.742321431637, 0.574429094791, -1.18331226663, 0.0
1.16944801807, 1.50437927246, 3.14126348495, 2.79840612411, 2.80082964897, 1.16706478596, 0.742005050182, 0.574205160141, -1.18704682867, 0.0
1.16962945461, 1.50471115112, 3.11936306953, 2.77389383316, 2.77625274658, 1.16665256023, 0.741738200188, 0.573975145817, -1.19004261448, 5.17814957579e-16
1.1698590517, 1.50500035286, 3.08650350571, 2.74934983253, 2.75168681145, 1.16618955135, 0.741431057453, 0.573757171631, -1.19379747151, 0.0
1.17007696629, 1.50533485413, 3.06461906433, 2.72484326363, 2.72713017464, 1.16571450233, 0.741123199463, 0.573571205139, -1.19726493835, 0.000291044776119
1.17030584812, 1.50564706326, 3.0372402668, 2.70033550262, 2.70748519897, 1.16525220871, 0.740828752518, 0.573343515396, -1.20104168519, -5.42101086243e-18
1.17052817345, 1.50595867634, 3.0098965168, 2.67581319809, 2.68291664124, 1.16480505466, 0.74052375555, 0.573118031025, -1.20511297897, -0.00029104477612
1.17076432705, 1.50628745556, 2.9825091362, 2.6512966156, 2.65837335587, 1.16428565979, 0.740213274956, 0.5728957057, -1.20891224127, 4.33680868994e-19
1.17098844051, 1.50659072399, 2.9550652504, 2.62675619125, 2.63381075859, 1.16377997398, 0.739967167377, 0.572655320168, -1.21272246348, 4.33680868994e-19
1.17122626305, 1.50693583488, 2.92768144608, 2.60223817825, 2.60924601555, 1.16332471371, 0.73967051506, 0.572436451912, -1.21654358198, 4.33680868994e-19
1.17143440247, 1.50722420216, 2.90032243729, 2.58263158798, 2.58469700813, 1.16282451153, 0.739359557629, 0.572208046913, -1.22037553152, 4.33680868994e-19
1.17162203789, 1.50755858421, 2.87293982506, 2.55809950829, 2.56012773514, 1.1623814106, 0.73907327652, 0.571987748146, -1.2234488446, 4.33680868994e-19
1.17184233665, 1.50792312622, 2.84553313255, 2.53358149529, 2.53558373451, 1.16193974018, 0.738729000092, 0.571743249893, -1.22730012033, 4.33680868994e-19
1.17208600044, 1.50827646255, 2.82360744476, 2.50906062126, 2.51104855537, 1.16138362885, 0.738404631615, 0.571516096592, -1.23116203563, 4.33680868994e-19
1.17231237888, 1.50856494904, 2.79628658295, 2.48455524445, 2.48647522926, 1.16095209122, 0.738111972809, 0.571328639984, -1.23503451899, 4.33680868994e-19
1.17254590988, 1.50893378258, 2.76887965202, 2.46002936363, 2.46191954613, 1.16043317318, 0.737798273563, 0.571097373962, -1.23891749722, 4.33680868994e-19
1.17278397083, 1.509288311, 2.74149227142, 2.43552041054, 2.44229364395, 1.15990865231, 0.737460076809, 0.57084941864, -1.24281089549, 4.33680868994e-19
1.17302465439, 1.50955808163, 2.71412301064, 2.41099405289, 2.41771101952, 1.15944337845, 0.737223982811, 0.570622384548, -1.24671463727, 4.33680868994e-19
1.17324960232, 1.50985133648, 2.68680286407, 2.39139342308, 2.39315533638, 1.15904736519, 0.736947894096, 0.570394814014, -1.24671463727, 0.0
1.17348492146, 1.51015806198, 2.65947604179, 2.36688899994, 2.36859250069, 1.15855133533, 0.736629426479, 0.570161402225, -1.2506286444, 0.0
1.17366564274, 1.51051819324, 2.63208603859, 2.34237933159, 2.34404540062, 1.15810966492, 0.736287534237, 0.569904744625, -1.25346828832, 0.000291044776119
1.17392170429, 1.51092731953, 2.60468459129, 2.31785821915, 2.31951332092, 1.15751945972, 0.73593634367, 0.569662928581, -1.2574001794, 0.0
1.1741631031, 1.51127636433, 2.57731986046, 2.29334998131, 2.29495477676, 1.15706324577, 0.735644817352, 0.569422602654, -1.26134211631, 0.0
1.17440342903, 1.51154351234, 2.55548286438, 2.2688331604, 2.27529978752, 1.15654563904, 0.735324919224, 0.569242358208, -1.26529401464, 0.0
1.17463028431, 1.51194489002, 2.5280418396, 2.24431347847, 2.25073671341, 1.15608811378, 0.735012590885, 0.568996667862, -1.26925578828, 0.0
1.1748765707, 1.51217925549, 2.50073385239, 2.21980166435, 2.2261736393, 1.1556122303, 0.734695732594, 0.568744778633, -1.27351044142, -0.00029104477612
1.17513728142, 3.29383015633, 2.47341012955, 2.19530487061, 2.20160341263, 1.15518987179, 0.734462797642, 0.568555057049, -1.27749203199, 0.0
1.17532646656, 3.25816011429, 2.45155978203, 2.17569756508, 2.17703294754, 1.1548293829, 0.734156727791, 0.568255364895, -1.28068421999, 0.0
1.17557036877, 3.22236728668, 2.41873288155, 2.14627718925, 2.15247488022, 1.15419137478, 0.733815848827, 0.568013250828, -1.28468302154, 0.0
1.17586255074, 3.18657135963, 2.39141559601, 2.12668132782, 2.12789821625, 1.15386879444, 0.73355704546, 0.567770540714, -1.28949402315, 0.0
1.17605483532, 3.15093183517, 2.364133358, 2.10217785835, 2.10330462456, 1.15351188183, 0.733264744282, 0.56753963232, -1.29270882005, 0.0
1.17628622055, 3.11514949799, 2.34224581718, 2.07766437531, 2.07873868942, 1.15298962593, 0.732900679111, 0.567287504673, -1.29673562365, 4.33680868994e-19
1.17653691769, 3.07918286324, 2.31484603882, 2.05313110352, 2.05420017242, 1.15243256092, 0.73257124424, 0.567088484764, -1.30077156518, 4.33680868994e-19
1.17678260803, 3.04326558113, 2.28746843338, 2.02862381935, 2.03456091881, 1.15187084675, 0.732239246368, 0.566851377487, -1.30481654385, 4.33680868994e-19
1.17703545094, 3.01456475258, 2.26009392738, 2.00411367416, 2.01000666618, 1.15132701397, 0.731955826283, 0.566590964794, -1.30887045723, 4.33680868994e-19
1.17728531361, 2.97868585587, 2.23272037506, 1.97959280014, 1.98544788361, 1.15077745914, 0.731608808041, 0.566334068775, -1.31293320129, 4.33680868994e-19
1.17753398418, 2.94288277626, 2.20538473129, 1.95999014378, 1.96087026596, 1.15028333664, 0.731289088726, 0.566089510918, -1.31700467035, 4.33680868994e-19
1.17773258686, 2.90700626373, 2.17801737785, 1.93547141552, 1.93632268906, 1.14991760254, 0.730994403362, 0.565845549107, -1.31996884572, 0.00029104477612
1.17797601223, 2.87144255638, 2.15076255798, 1.91099095345, 1.91173887253, 1.14954531193, 0.730693876743, 0.565604567528, -1.32405543169, 0.0
1.17821741104, 2.83574461937, 2.12344241142, 1.88647973537, 1.88717269897, 1.14908659458, 0.730403840542, 0.56541377306, -1.32815044763, 0.0
1.17845916748, 2.79994392395, 2.10157418251, 1.86197543144, 1.86753904819, 1.14849531651, 0.73002409935, 0.565160930157, -1.33253661156, -0.000291044776119
1.17871236801, 2.76371693611, 2.07408452034, 1.83745706081, 1.83810317516, 1.14781820774, 0.72964823246, 0.564905047417, -1.33664842051, -4.33680868994e-19
1.17896783352, 2.73498296738, 2.0467247963, 1.81294846535, 1.81846690178, 1.14733946323, 0.729339420795, 0.564661204815, -1.34076831068, -4.33680868994e-19
1.17920970917, 2.69934844971, 2.01943469048, 1.78843128681, 1.79387640953, 1.14691519737, 0.729111373425, 0.564417719841, -1.34076831068, 0.0
1.17944037914, 2.66361808777, 1.99211192131, 1.76883494854, 1.76931679249, 1.1463496685, 0.728759288788, 0.564167618752, -1.34489616563, 0.0
1.17970073223, 2.62774634361, 1.96474957466, 1.74432218075, 1.7447617054, 1.14583003521, 0.728425264359, 0.563909053802, -1.34903186742, 0.0
1.1799467802, 2.59188604355, 1.93737995625, 1.7198112011, 1.72020661831, 1.14536094666, 0.728075802326, 0.563663184643, -1.35317529656, 0.0
1.180154562, 2.55605554581, 1.91550445557, 1.69531750679, 1.6956769228, 1.14480352402, 0.727721691132, 0.563405156136, -1.35649552232, 0.0
1.18041098118, 2.52022075653, 1.88814425468, 1.67080116272, 1.67111027241, 1.14429175854, 0.727372288704, 0.563143730164, -1.36065255481, 0.0
1.18067061901, 2.48432946205, 1.86076653004, 1.64628875256, 1.64656770229, 1.14365696907, 0.727004349232, 0.562878668308, -1.36481697215, 0.0
1.18093633652, 2.44849061966, 1.83342087269, 1.62177729607, 1.62199723721, 1.14310562611, 0.726679980755, 0.562687397003, -1.3689886492, -2.5890747879e-16
1.18117654324, 2.41268110275, 1.80606293678, 1.5972648859, 1.6023453474, 1.14262247086, 0.726320803165, 0.562411606312, -1.3731674594, 0.0
1.18144524097, 2.38407230377, 1.7787270546, 1.57274889946, 1.57777869701, 1.14203131199, 0.726039528847, 0.562147736549, -1.37735327473, 0.0
1.1817111969, 2.34829211235, 1.75138962269, 1.55314683914, 1.55321145058, 1.14137256145, 0.725651443005, 0.561887383461, -1.38154596579, 0.0
1.18195855618, 2.31222677231, 1.72395145893, 1.52863252163, 1.52872276306, 1.14073503017, 0.725273311138, 0.561628162861, -1.38574540177, 0.0
1.18223023415, 2.27644371986, 1.69661808014, 1.50412106514, 1.50412857533, 1.14028072357, 0.724963545799, 0.561369895935, -1.38995145048, 0.0
1.18244147301, 2.24069213867, 1.66929960251, 1.47961771488, 1.47956478596, 1.13980638981, 0.724622786045, 0.561124801636, -1.39302148743, 0.00029104477612
1.18268609047, 2.20493197441, 1.64744508266, 1.45511436462, 1.45498633385, 1.13937234879, 0.72431319952, 0.560917556286, -1.39752147745, -0.00029104477612
1.18294632435, 2.16933822632, 1.61475193501, 1.4306435585, 1.43042469025, 1.13900053501, 0.723998963833, 0.560639441013, -1.40174530756, 4.33680868994e-19
1.18321764469, 2.13371801376, 1.59291374683, 1.40613996983, 1.40585017204, 1.13848292828, 0.723657667637, 0.560376226902, -1.40597523654, 4.33680868994e-19
1.18348932266, 2.09793806076, 1.56557142735, 1.38162648678, 1.38619196415, 1.13793313503, 0.723322868347, 0.560116827488, -1.41021112592, 5.17814957579e-16
1.18375360966, 2.06218242645, 1.53824007511, 1.3571138382, 1.36161255836, 1.13741075993, 0.722956597805, 0.559829592705, -1.41445283599, -4.33680868994e-19
1.18403315544, 2.03364491463, 1.51094198227, 1.33260726929, 1.33702969551, 1.13692784309, 0.722691476345, 0.559570431709, -1.41870022581, -4.33680868994e-19
1.18429613113, 1.99787914753, 1.48359942436, 1.30809414387, 1.31245803833, 1.13642823696, 0.722358822823, 0.559302330017, -1.42295315324, -4.33680868994e-19
1.18456327915, 1.96218514442, 1.45629012585, 1.28849244118, 1.2878729105, 1.13602685928, 0.722051501274, 0.559038281441, -1.42721147498, -4.33680868994e-19
1.18477332592, 1.92655181885, 1.42901718616, 1.26399481297, 1.26328885555, 1.13559043407, 0.721735537052, 0.558771908283, -1.43062191924, -5.17814957579e-16
1.18503975868, 1.89087545872, 1.40717208385, 1.23949050903, 1.2387149334, 1.13514459133, 0.721448004246, 0.558557391167, -1.43488958595, 0.0
1.18520617485, 1.85509085655, 1.37983250618, 1.21498858929, 1.21413958073, 1.13462805748, 0.721037209034, 0.558282077312, -1.43916223969, 0.0
1.18521332741, 1.81946444511, 1.35255026817, 1.19047605991, 1.19446694851, 1.13420629501, 0.720728635788, 0.558024525642, -1.44343973295, 0.0
1.96537184715, 1.7837369442, 1.32522380352, 1.16596722603, 1.1698833704, 1.13375532627, 0.720391511917, 0.557753741741, -1.44343973295, 0.0
2.78274869919, 1.75514566898, 1.29791474342, 1.14145708084, 1.14530956745, 1.13324892521, 0.72013437748, 0.557486534119, -1.44772191714, 0.0
3.59878134727, 1.71946489811, 1.27059185505, 1.12184929848, 1.12072563171, 1.13273477554, 0.719790697098, 0.557219982147, -1.45200864271, 0.0
5.0, 1.68372321129, 1.24326848984, 1.09733760357, 1.0961534977, 1.13224351406, 0.719459831715, 0.556957066059, -1.4588764735, 2.5890747879e-16
5.0, 1.65194857121, 1.22570860386, 1.07893776894, 1.07822930813, 1.19615983963, 0.740997970104, 0.559949874878, -1.45845350034, 0.00174626865672
2.03201770782, 1.77283549309, 1.2785872221, 1.09159195423, 1.06817090511, 1.17643773556, 0.801815748215, 0.56644743681, -1.41097993703, 0.0477313432836
1.18822455406, 1.96756100655, 1.33435082436, 1.11291110516, 1.06510639191, 1.13708984852, 0.877388656139, 0.574567019939, -1.28000978778, 0.130970149254
1.18749046326, 2.21790790558, 1.41668987274, 1.13664460182, 1.05967605114, 1.10238361359, 0.943317890167, 0.58574795723, -1.26545754897, 0.014552238806
1.1898663044, 2.26282548904, 1.41734755039, 1.11688578129, 1.03703284264, 1.07747995853, 0.951005339622, 0.591177582741, -1.24032435799, 0.0323059701493
1.18416464329, 2.22169733047, 1.38500630856, 1.09287619591, 1.01488518715, 1.05697715282, 0.971335411072, 0.596561551094, -1.24032435799, 0.0
1.18675041199, 2.30464625359, 1.43019831181, 1.11659455299, 1.01396465302, 1.03648877144, 1.05834877491, 0.613675653934, -1.20847025712, 0.0334701492537
1.20588243008, 2.69470739365, 1.54840576649, 1.16087579727, 1.0212161541, 1.02063047886, 1.15892469883, 0.636007845402, -1.1359919984, 0.0724701492537
1.23322582245, 3.25454068184, 1.69584059715, 1.20390975475, 1.03509676456, 1.01140499115, 1.1127603054, 0.664426445961, -1.03412632675, 0.101865671642
1.26089298725, 5.0, 1.83934140205, 1.24960553646, 1.03682398796, 0.993849039078, 1.07795345783, 0.682756364346, -1.00532003479, 0.0291044776119
1.26210665703, 5.0, 1.80640721321, 1.22491908073, 1.01427781582, 0.976509571075, 1.05493497849, 0.69241464138, -0.992876811383, 0.0157164179104
1.24970197678, 5.0, 1.77629780769, 1.19860136509, 0.991911351681, 0.9549087286, 1.03189527988, 0.706902801991, -0.99652569266, 0.0
1.23746097088, 3.93813323975, 1.73868572712, 1.17215943336, 0.973925232887, 0.934748232365, 1.01150465012, 0.71580862999, -1.00092717708, 2.22044604925e-16
1.23837387562, 5.0, 1.79869925976, 1.2066437006, 0.982256233692, 0.932633161545, 0.983307719231, 0.750184834003, -0.984041977849, 0.0183358208955
1.28571236134, 5.0, 2.0435385704, 1.28980338573, 1.01096200943, 0.931962549686, 0.959880292416, 0.795598387718, -0.911280852672, 0.0727611940299
1.34650361538, 5.0, 2.37510919571, 1.39277291298, 1.04797196388, 0.93722730875, 0.946110367775, 0.850711941719, -0.809415288766, 0.101865671642
1.42094945908, 5.0, 2.80999946594, 1.49012482166, 1.07938396931, 0.934111952782, 0.927692592144, 0.894399344921, -0.767460801364, 0.0422014925373
1.42790710926, 3.98829960823, 2.82542395592, 1.47098815441, 1.05959105492, 0.915503144264, 0.909241199493, 0.915024220943, -0.753866511527, 0.0162985074627
1.41127812862, 3.98790645599, 2.77674889565, 1.44376575947, 1.03906047344, 0.897134482861, 0.89088767767, 0.93604016304, -0.758694493629, 3.33066907388e-16
1.39081501961, 5.0, 2.78016519547, 1.43216586113, 1.03618359566, 0.891789734364, 0.87939453125, 0.985834002495, -0.75930147383, 0.0
1.44074571133, 2.31686043739, 3.26634597778, 1.57163131237, 1.09169495106, 0.90797919035, 0.87493211031, 1.07436144352, -0.716301221999, 0.0436567164179
1.55085921288, 1.38310563564, 5.0, 1.76636576653, 1.16095483303, 0.931050777435, 0.874823570251, 1.10577213764, -0.643540120588, 0.0727611940299
1.68833518028, 1.08825540543, 5.0, 2.02256584167, 1.22756457329, 0.961286902428, 0.876226246357, 1.04793047905, -0.512273808931, 0.13126119403
1.86307811737, 1.09117114544, 5.0, 2.28903722763, 1.31955015659, 0.988027095795, 0.876004457474, 1.00881159306, -0.497721591038, 0.014552238806
1.93250179291, 1.0870141983, 5.0, 2.36688327789, 1.31378889084, 0.974563002586, 0.86342895031, 0.994520843029, -0.469388643527, 0.0299776119403
1.89315569401, 1.06519675255, 5.0, 2.33014082909, 1.29414308071, 0.959954619408, 0.850507795811, 0.980272710323, -0.471399424998, -2.22044604925e-16
1.85433471203, 1.04347419739, 5.0, 2.29540848732, 1.27488350868, 0.945445656776, 0.837655842304, 0.966039597988, -0.473426196929, 0.0
1.81583058834, 1.02484309673, 5.0, 2.26180696487, 1.25604784489, 0.933965742588, 0.824790477753, 0.951963484287, -0.47629087462, -6.66133814775e-16
1.79159283638, 1.01218044758, 5.0, 2.32993841171, 1.29348766804, 0.944698631763, 0.827980935574, 0.92800039053, -0.476064647327, 0.000873134328359
1.96697223186, 1.03128683567, 3.48320508003, 2.84903216362, 1.42608845234, 0.992519795895, 0.841981947422, 0.889660596848, -0.416290796212, 0.0599552238806
2.2671558857, 1.06699037552, 2.11636948586, 3.68627977371, 1.58953130245, 1.04844856262, 0.856667935848, 0.869503378868, -0.379456245604, 0.0363805970149
2.53245639801, 1.07243108749, 1.6965534687, 5.0, 1.60768270493, 1.0484007597, 0.84872853756, 0.859766364098, -0.329687953003, 0.0506417910448
2.47401714325, 1.05191838741, 1.74217522144, 5.0, 1.59191799164, 1.03777348995, 0.8416441679, 0.850754320621, -0.331151145164, -2.22044604925e-16
2.41748714447, 1.02658784389, 1.78494608402, 3.97143602371, 1.5764734745, 1.02703332901, 0.832627594471, 0.841605484486, -0.332626898327, 0.0
2.35980248451, 1.0010792017, 1.82976067066, 3.94080305099, 1.56054615974, 1.01615417004, 0.823532223701, 0.832416713238, -0.33411536834, -2.22044604925e-16
2.30251550674, 0.975707888603, 1.87469911575, 3.90267729759, 1.54464817047, 1.00525319576, 0.814406037331, 0.823185443878, -0.335322653737, 0.000291044776119
2.2566781044, 0.950304508209, 1.91951775551, 3.86479735374, 1.5287425518, 0.996547579765, 0.80528742075, 0.813962578773, -0.336532077742, 2.22044604925e-16
2.19937753677, 0.92490708828, 1.95542490482, 3.82698297501, 1.51285386086, 0.983477294445, 0.796170592308, 0.806577682495, -0.3380557088, 2.22044604925e-16
2.14223003387, 0.899520576, 2.00004243851, 3.7892677784, 1.49696695805, 0.974766254425, 0.787052929401, 0.795496821404, -0.339592662248, -2.22044604925e-16
2.08508753777, 0.874139428139, 2.04464197159, 3.75176143646, 1.48430943489, 0.963898003101, 0.777935624123, 0.788109779358, -0.341143106229, -2.22044604925e-16
2.02789521217, 0.848747611046, 2.08931207657, 3.7142291069, 1.46845674515, 0.953020274639, 0.768822848797, 0.778876364231, -0.34270721159, -2.22044604925e-16
1.97079157829, 0.828449308872, 2.13375997543, 3.67684388161, 1.45263540745, 0.942160665989, 0.761535227299, 0.769646406174, -0.344285151938, -2.22044604925e-16
1.91361606121, 0.808777749538, 2.17835831642, 3.65831708908, 1.44064772129, 0.939259827137, 0.756561517715, 0.763078212738, -0.345877103686, -2.22044604925e-16
1.9697920084, 0.807548761368, 1.75842261314, 5.0, 1.59891176224, 1.00136828423, 0.778507292271, 0.745848059654, -0.266144831369, 0.080328358209
2.41628360748, 0.849150598049, 1.31893789768, 5.0, 1.85257577896, 1.07189881802, 0.803332805634, 0.735685765743, -0.251592641824, 0.014552238806
2.87456583977, 0.856608510017, 1.22361516953, 5.0, 1.8927154541, 1.07072234154, 0.799314498901, 0.730489015579, -0.202747145508, 0.0494776119403
2.77713727951, 0.826713681221, 1.24371540546, 5.0, 1.87596225739, 1.06212103367, 0.793146014214, 0.726244926453, -0.20341226032, 0.000291044776119
2.68011593819, 0.797499716282, 1.26506102085, 5.0, 1.86234307289, 1.05422508717, 0.787101686001, 0.720732271671, -0.204377934131, 0.0
2.58906626701, 0.768594622612, 1.28151476383, 5.0, 1.84958219528, 1.04657888412, 0.781124591827, 0.715216517448, -0.205352690663, 0.0
2.49876236916, 0.739731550217, 1.29470586777, 5.0, 1.8392676115, 1.03889000416, 0.775120973587, 0.709679663181, -0.206625723332, -0.00029104477612
2.40858340263, 0.710874021053, 1.31117069721, 5.0, 1.82650125027, 1.03120958805, 0.769114971161, 0.704130351543, -0.134360814313, 0.0727611940299
2.31837296486, 0.687783777714, 1.32763838768, 5.0, 1.81374084949, 1.02354228497, 0.764316856861, 0.698578476906, -0.13501185887, 4.4408920985e-16
2.22841668129, 0.671229958534, 1.34403550625, 5.0, 1.80094945431, 1.01585316658, 0.757101595402, 0.693026423454, -0.135669204469, 2.22044604925e-16
2.13821291924, 0.655584454536, 1.36051166058, 5.0, 1.78815722466, 1.00818216801, 0.752303719521, 0.68747907877, -0.136332942453, 2.22044604925e-16
2.04814720154, 0.641431212425, 1.37694907188, 5.0, 1.77534508705, 1.00202012062, 0.746290743351, 0.681924462318, -0.13700316593, 2.22044604925e-16
1.97606873512, 0.650033473969, 1.39341115952, 5.0, 1.76747012138, 0.996089696884, 0.74481010437, 0.677424192429, -0.137679916863, 2.22044604925e-16
2.0602221489, 0.622183322906, 1.26599657536, 5.0, 2.05647230148, 1.07301044464, 0.778583228588, 0.673514723778, -0.0581870490442, 0.0797462686567
2.94747662544, 0.617645144463, 1.03967010975, 5.0, 2.43336296082, 1.17498600483, 0.809969067574, 0.672174334526, -0.0436348370779, 0.014552238806
3.78291678429, 0.608892560005, 0.978559374809, 3.9262611866, 2.54274368286, 1.18035817146, 0.807618677616, 0.670086801052, -0.078029289025, -0.0343432835821
3.57967329025, 0.588287293911, 0.984825074673, 3.96434020996, 2.53052663803, 1.17590510845, 0.805319011211, 0.667863488197, -0.0784186641898, -2.22044604925e-16
3.39032268524, 0.572593808174, 0.990313529968, 3.98839259148, 2.52175879478, 1.1720083952, 0.802028238773, 0.665594398975, -0.0788119368086, 2.22044604925e-16
3.20744562149, 0.556913912296, 0.995390176773, 5.0, 2.51405453682, 1.16825783253, 0.799870550632, 0.663316369057, -0.0792091655694, 0.0
3.02669358253, 0.558017611504, 1.00044178963, 5.0, 2.50644469261, 1.16451048851, 0.797163426876, 0.661029219627, -0.0796104103422, 0.0
2.88146877289, 0.561163783073, 1.00555109978, 5.0, 2.49872040749, 1.16147375107, 0.794440448284, 0.658731997013, -0.0799343386945, -2.22044604925e-16
2.70014119148, 0.564315021038, 1.01065099239, 5.0, 2.49103617668, 1.15769779682, 0.791717171669, 0.656435668468, -0.0803429670482, 0.0
2.51901531219, 0.567456305027, 1.0157045126, 5.0, 2.48358178139, 1.15396618843, 0.789009392262, 0.654140472412, -0.0807557855941, 2.22044604925e-16
2.33831787109, 0.570593416691, 1.01976180077, 5.0, 2.47600293159, 1.15021049976, 0.786296606064, 0.652302622795, -0.0811728588695, 0.0
2.15747237206, 0.573732674122, 1.02482199669, 5.0, 2.46997690201, 1.14646446705, 0.78358143568, 0.650004327297, -0.0815942529502, 0.0
1.97676157951, 0.576870262623, 1.02987754345, 5.0, 2.46249842644, 1.14274084568, 0.780876815319, 0.647705614567, -0.0820200351781, 0.0
1.79632985592, 0.579367041588, 1.03489339352, 5.0, 2.45511126518, 1.13902282715, 0.778720796108, 0.645411431789, -0.0824502742983, -2.22044604925e-16
1.6158850193, 0.58248257637, 1.03986871243, 5.0, 2.44788455963, 1.13532781601, 0.776028513908, 0.643116354942, -0.0831752101446, -0.00029104477612
1.43518996239, 0.585609257221, 1.04489529133, 5.0, 2.44040465355, 1.13158345222, 0.773317813873, 0.640824615955, -0.0836161050862, 0.0
1.29037725925, 0.588740825653, 1.04994595051, 5.0, 2.43291568756, 1.12860178947, 0.770615398884, 0.638533532619, -0.0839721928409, 0.0
1.07324790955, 0.591868042946, 1.05498504639, 5.0, 2.42537498474, 1.12485766411, 0.767909646034, 0.63624304533, -0.0845120340363, 0.0
0.928424715996, 0.595005452633, 1.05904304981, 5.0, 2.4177672863, 1.12109863758, 0.76519536972, 0.633951067924, -0.0848757916119, 0.0
0.747409045696, 0.598147988319, 1.06514585018, 5.0, 2.41012811661, 1.11733388901, 0.762478530407, 0.632116496563, -0.0853349051507, 0.0
0.566302239895, 0.601287424564, 1.06920468807, 5.0, 2.40257906914, 1.11358499527, 0.759765565395, 0.629823327065, -0.0855070235322, 0.00029104477612
0.426728725433, 0.603794336319, 1.07426452637, 5.0, 2.39649176598, 1.10983037949, 0.757058262825, 0.627534627914, -0.0858806643096, 0.0
0.426734477282, 0.607559800148, 1.0793350935, 5.0, 2.38889622688, 1.10608565807, 0.75434422493, 0.625241518021, 0.00115021585812, 0.0873134328358
0.428604424, 0.610074877739, 1.08440577984, 5.0, 2.38136935234, 1.10308241844, 0.752176940441, 0.622951567173, 0.00115656149257, -2.22044604925e-16
0.430895417929, 0.613212585449, 1.08950161934, 5.0, 2.37361478806, 1.09854507446, 0.749456524849, 0.620660483837, 0.0011629775332, 0.0
0.432728648186, 0.61634683609, 1.0945661068, 5.0, 2.36612939835, 1.09480440617, 0.746750175953, 0.618366122246, 0.0011681618268, 2.22044604925e-16
0.435022950172, 0.619492888451, 1.09863293171, 5.0, 2.35847306252, 1.09178876877, 0.74402743578, 0.616071462631, 0.00117470758546, 2.22044604925e-16
0.437319666147, 0.62263071537, 1.10369718075, 5.0, 2.35091710091, 1.08804059029, 0.741329610348, 0.613782525063, -0.0715831859219, -0.0727611940299
0.439607262611, 0.62576264143, 1.10875499249, 5.0, 2.34475851059, 1.0842487812, 0.738595128059, 0.611949384212, -0.0719873559319, 0.0
0.441903293133, 0.628925204277, 1.11391246319, 5.0, 2.33702492714, 1.0804797411, 0.735887050629, 0.609660744667, -0.0723961078517, 0.0
0.444194406271, 0.632064402103, 1.11898422241, 5.0, 2.3294107914, 1.07671809196, 0.733708500862, 0.607362866402, -0.0728095199014, 0.0
0.446494162083, 0.634587228298, 1.12408721447, 5.0, 2.32176113129, 1.0729496479, 0.730987846851, 0.605065107346, -0.0732276720884, 0.0
0.448790937662, 0.637735843658, 1.12919461727, 5.0, 2.31411910057, 1.06918072701, 0.728268325329, 0.602767169476, -0.0736506462588, 0.0
0.450630366802, 0.640872061253, 1.13422822952, 5.0, 2.30663514137, 1.06543731689, 0.725558400154, 0.60047185421, -0.0739925536302, -4.4408920985e-16
0.452925682068, 0.644019961357, 1.13933563232, 5.0, 2.29898571968, 1.06241869926, 0.722834289074, 0.598170936108, -0.0744244196964, 0.0
0.455227285624, 0.647170722485, 1.14441657066, 5.0, 2.2913775444, 1.05790162086, 0.72011578083, 0.5958725214, -0.0748613470383, 0.0
0.45752620697, 0.650318682194, 1.14849174023, 5.0, 2.28378462791, 1.05488967896, 0.717395842075, 0.593574821949, -0.0753034251042, 0.0
0.459824889898, 0.653468906879, 1.15359127522, 5.0, 2.27613306046, 1.05111646652, 0.714676678181, 0.591737270355, -0.0760408895397, -0.000291044776119
0.462123334408, 0.656613945961, 1.15867590904, 5.0, 2.2700574398, 1.04735207558, 0.711960494518, 0.589442610741, -0.0764952705255, 0.0
0.464418292046, 0.659131109715, 1.16376388073, 5.0, 2.26244473457, 1.04359149933, 0.709239542484, 0.587145328522, -0.0769551036594, 0.0
0.466716647148, 0.662280440331, 1.16884934902, 5.0, 2.25482320786, 1.03983068466, 0.707196474075, 0.585065245628, -0.0776082178697, 6.66133814775e-16
0.467780828476, 0.659792363644, 1.12956809998, 3.7087624073, 2.50681638718, 1.11562180519, 0.733830451965, 0.587581276894, -0.0271394047614, 0.0506417910448
0.4629137218, 0.61181730032, 0.979428946972, 2.5591635704, 3.2936770916, 1.22291362286, 0.769895911217, 0.589445233345, 0.00166101956114, 0.0288134328358
0.4620411098, 0.59733492136, 0.958293795586, 2.50834178925, 3.35942673683, 1.22357797623, 0.770190954208, 0.589632153511, 0.0226248449075, 0.0209552238806
0.461872667074, 0.597373247147, 0.958664238453, 2.51261305809, 3.3550632, 1.22339582443, 0.770247578621, 0.589789271355, 0.0227360852888, 0.0
0.461716473103, 0.597325980663, 0.958831429482, 2.5153093338, 3.35078334808, 1.22299301624, 0.770206570625, 0.589878976345, 0.0228766832755, 0.0
0.461602121592, 0.597246468067, 0.95881485939, 2.51547884941, 3.35101890564, 1.22315788269, 0.770316898823, 0.589992582798, 0.0230190306648, 0.0
0.461514741182, 0.597135305405, 0.958665847778, 2.51524376869, 3.35102844238, 1.22327530384, 0.77042812109, 0.59007358551, 0.0231631603058, 0.0
0.461410582066, 0.597024679184, 0.958515226841, 2.51498293877, 3.35142016411, 1.22346639633, 0.770557284355, 0.590179681778, 0.0230177687319, -0.00029104477612
0.4613083601, 0.596919178963, 0.958335220814, 2.51468014717, 3.35167455673, 1.22361755371, 0.77065718174, 0.590280950069, 0.0231637159629, 0.0
0.461204886436, 0.596798419952, 0.958180308342, 2.51453018188, 3.3517677784, 1.22376680374, 0.770762145519, 0.590370416641, 0.0959984084122, 0.0727611940299
0.461136817932, 0.59668815136, 0.958015859127, 2.51412177086, 3.35230207443, 1.22394251823, 0.770878016949, 0.590464890003, 0.0964886859188, 4.4408920985e-16
0.461042553186, 0.596580922604, 0.957859218121, 2.5137834549, 3.35262131691, 1.22406554222, 0.770984888077, 0.590557038784, 0.0971085980567, 0.0
0.460950434208, 0.596466898918, 0.957739949226, 2.5134999752, 3.35277438164, 1.22420549393, 0.771103799343, 0.590659797192, 0.0977365016764, 0.0
0.460847645998, 0.596340656281, 0.957507371902, 2.51301980019, 3.35337543488, 1.22443056107, 0.771243691444, 0.590761721134, 0.0252923046176, -0.0727611940299
0.46074539423, 0.596207857132, 0.95736092329, 2.51257991791, 3.353703022, 1.224599123, 0.771356940269, 0.590865492821, 0.0254576880532, 0.0
0.460642367601, 0.596097230911, 0.957226395607, 2.51257157326, 3.35355734825, 1.22470188141, 0.771475613117, 0.590949416161, 0.0259159555492, 0.00029104477612
0.460538059473, 0.595975577831, 0.957056641579, 2.51218795776, 3.35392808914, 1.22487664223, 0.771573722363, 0.5910384655, 0.0260876588075, -2.22044604925e-16
0.460454493761, 0.595905184746, 0.956928193569, 2.5121486187, 3.35384368896, 1.22496259212, 0.771648287773, 0.591136336327, 0.0262616519152, 2.22044604925e-16
0.46035528183, 0.595787525177, 0.956780314445, 2.51190590858, 3.35402846336, 1.22510313988, 0.771755874157, 0.591222822666, 0.0264379809756, 0.0
0.46026301384, 0.595686256886, 0.956664383411, 2.51189994812, 3.35392403603, 1.22522509098, 0.771859705448, 0.591317713261, 0.0266166933375, 0.0
0.46019077301, 0.59557646513, 0.956523418427, 2.51159334183, 3.35448169708, 1.22538256645, 0.771975755692, 0.591400742531, 0.0267614118438, 0.0
0.460080474615, 0.595464289188, 0.956378221512, 2.51114034653, 3.35514378548, 1.22561705112, 0.772104263306, 0.591493666172, 0.0269814638459, 0.0
0.460014522076, 0.595341205597, 0.956139862537, 2.51048159599, 3.35547852516, 1.22574448586, 0.772221386433, 0.591588318348, 0.0271301863811, 0.0
0.459920167923, 0.595239400864, 0.956043541431, 2.51039505005, 3.35546708107, 1.22585654259, 0.772312164307, 0.591665506363, 0.0273184105136, 0.0
0.459821999073, 0.595125794411, 0.955899178982, 2.51003193855, 3.35578227043, 1.22602534294, 0.772426903248, 0.591756880283, 0.0275092639543, 0.0
0.459734410048, 0.595032513142, 0.95567715168, 2.50927305222, 3.35666942596, 1.22623503208, 0.772566556931, 0.591848611832, 0.0274113689771, -0.000291044776119
0.459642380476, 0.594897270203, 0.955475151539, 2.50868701935, 3.3573539257, 1.2264560461, 0.772664964199, 0.591937661171, 0.0276055817804, 0.0
0.459571123123, 0.594777703285, 0.955295979977, 2.50823092461, 3.35788106918, 1.22662937641, 0.772781550884, 0.592029154301, 0.0277629442761, 0.0
0.4594797194, 0.594682097435, 0.955162405968, 2.50805783272, 3.35788035393, 1.22671735287, 0.772860527039, 0.592115879059, 0.027962187728, 0.0
0.459392756224, 0.594577729702, 0.955035865307, 2.50796103477, 3.35795307159, 1.22685086727, 0.772979259491, 0.592212498188, 0.0281643108698, 0.0
0.459296435118, 0.594451546669, 0.954848051071, 2.50746154785, 3.3585460186, 1.22704052925, 0.773109614849, 0.592308938503, 0.0283693765699, 0.0
0.459199726582, 0.594332814217, 0.954685509205, 2.50716781616, 3.35886859894, 1.2272156477, 0.773228168488, 0.592408418655, 0.0285774495396, 0.0
0.459100335836, 0.594216823578, 0.954551815987, 2.50676846504, 3.35924959183, 1.22737693787, 0.77333676815, 0.592484474182, 0.028788596401, 0.0
0.459009706974, 0.594096958637, 0.954381942749, 2.50649333, 3.3593814373, 1.22751200199, 0.773448944092, 0.592570126057, 0.0292934971677, 0.000291044776119
0.458912849426, 0.594012081623, 0.954248070717, 2.50617480278, 3.35968232155, 1.22767102718, 0.773535847664, 0.592664957047, 0.029513175147, 0.0
0.458827495575, 0.59390860796, 0.954103410244, 2.50586819649, 3.35996866226, 1.22778749466, 0.773625314236, 0.592743873596, 0.102385245333, 0.0727611940299
0.458747237921, 0.593817174435, 0.953967571259, 2.5056579113, 3.36012077332, 1.22792971134, 0.77372944355, 0.59283220768, 0.103160512349, 2.22044604925e-16
0.458677589893, 0.593712508678, 0.953834116459, 2.50553870201, 3.3600590229, 1.22805082798, 0.773828625679, 0.592921078205, 0.103789200221, 6.66133814775e-16
0.458588391542, 0.593608617783, 0.953689455986, 2.50524711609, 3.36042237282, 1.22818493843, 0.773922681808, 0.593003690243, 0.0314248282012, -0.0727611940299
0.458505839109, 0.593520224094, 0.953598082066, 2.50501608849, 3.36046695709, 1.22827494144, 0.774018764496, 0.593079686165, 0.0316673735942, 0.0
0.458429932594, 0.593424260616, 0.953471302986, 2.50486850739, 3.36070728302, 1.22842955589, 0.774122595787, 0.593149602413, 0.0319136908917, 0.0
0.458341002464, 0.5933355093, 0.953298687935, 2.50448203087, 3.36109757423, 1.2285977602, 0.774239063263, 0.593248784542, 0.0321638687397, 0.0
0.458240896463, 0.593185722828, 0.953122377396, 2.50413513184, 3.3614256382, 1.22876214981, 0.774336993694, 0.593349397182, 0.032417998583, -2.22044604925e-16
0.458142220974, 0.593060314655, 0.952944159508, 2.50362849236, 3.36196756363, 1.228941679, 0.774476528168, 0.593440234661, 0.0326761747766, 0.0
0.458053648472, 0.59298813343, 0.952803850174, 2.50350856781, 3.36186289787, 1.22904455662, 0.774553596973, 0.593526363373, 0.0329384947021, 0.0
0.457960873842, 0.592878997326, 0.952635765076, 2.50301647186, 3.36260199547, 1.22926473618, 0.774686813354, 0.593624889851, 0.0329134766812, -0.000291044776119
0.457885056734, 0.592754483223, 0.952488064766, 2.50260639191, 3.36294484138, 1.22938811779, 0.774801969528, 0.593714892864, 0.0331279506944, -4.4408920985e-16
0.457776069641, 0.592649817467, 0.952359378338, 2.50265073776, 3.36280965805, 1.22950911522, 0.774885416031, 0.593798398972, 0.0334549523841, 4.4408920985e-16
0.457711875439, 0.592547237873, 0.952189028263, 2.50224494934, 3.36308979988, 1.22963166237, 0.774986088276, 0.593884468079, 0.0336765625029, 0.0
0.45762604475, 0.592469394207, 0.952152788639, 2.50243210793, 3.36278986931, 1.22969150543, 0.775071144104, 0.593960940838, 0.0339577366585, 0.0
0.457534343004, 0.592380344868, 0.952003240585, 2.50225543976, 3.36289978027, 1.22981917858, 0.775168716908, 0.594048082829, 0.0342436436803, 0.0
0.457444310188, 0.59227591753, 0.951880335808, 2.50177502632, 3.3634018898, 1.22999846935, 0.775274157524, 0.594126284122, 0.0345344038642, 4.4408920985e-16
0.457368016243, 0.592158973217, 0.951717555523, 2.50141048431, 3.36381173134, 1.23019933701, 0.775404989719, 0.594219863415, 0.0348301419636, 0.0
0.457276850939, 0.592048108578, 0.95147138834, 2.50067472458, 3.36465716362, 1.23038995266, 0.775502026081, 0.594308257103, 0.0354214229042, 0.000291044776119
0.457185447216, 0.591927707195, 0.951305449009, 2.50027632713, 3.36519360542, 1.23057675362, 0.775624215603, 0.594403445721, 0.035730031999, 0.0
0.457088023424, 0.591802716255, 0.951128602028, 2.49982857704, 3.36563181877, 1.23074364662, 0.77573800087, 0.59449583292, 0.0360440635204, 0.0
0.457015305758, 0.591699898243, 0.950973808765, 2.4994893074, 3.36586141586, 1.23085093498, 0.775842130184, 0.594575762749, 0.0362992895588, 0.0
0.456935346127, 0.591594934464, 0.950861215591, 2.49919557571, 3.36633419991, 1.23102331161, 0.775960862637, 0.59466534853, 0.0366234480721, 0.0
0.456846088171, 0.59146887064, 0.950655162334, 2.49843049049, 3.36709260941, 1.23122918606, 0.77607011795, 0.594728946686, 0.0369534456694, 0.0
0.456764400005, 0.591374278069, 0.950514316559, 2.49805188179, 3.36749243736, 1.23141598701, 0.77619343996, 0.59482139349, 0.0372894414804, 0.0
0.456672102213, 0.591240644455, 0.950312137604, 2.49755167961, 3.3680100441, 1.23161101341, 0.776311337948, 0.594913959503, 0.0376316004672, 0.0
0.45657941699, 0.591149270535, 0.950146436691, 2.49698448181, 3.36866021156, 1.23177921772, 0.776405215263, 0.594995558262, 0.110274249572, 0.0724701492537
0.456486850977, 0.591027498245, 0.94995868206, 2.49666380882, 3.36896800995, 1.23192834854, 0.776510775089, 0.595087110996, 0.111298302449, 2.22044604925e-16
0.456406831741, 0.590935230255, 0.949806332588, 2.49637556076, 3.36916255951, 1.23207950592, 0.776623129845, 0.595188438892, 0.112341472354, 2.22044604925e-16
0.456322818995, 0.590822815895, 0.949678957462, 2.49616622925, 3.36949753761, 1.23220431805, 0.776721298695, 0.595271527767, 0.0545552577805, -0.0582089552239
0.456239998341, 0.590732038021, 0.949594676495, 2.4960501194, 3.36954450607, 1.23231160641, 0.776799142361, 0.595350384712, 0.0550741969018, 0.0
0.456161171198, 0.590626180172, 0.949464857578, 2.49599075317, 3.3692984581, 1.23238193989, 0.77688986063, 0.595413327217, 0.0556030930385, 0.0
0.456073611975, 0.590540826321, 0.949353992939, 2.49577236176, 3.36949539185, 1.23251390457, 0.776995837688, 0.595500707626, 0.0561422352337, 0.0
0.455989658833, 0.590464532375, 0.942605495453, 2.49568915367, 3.36951708794, 1.23262000084, 0.777064085007, 0.59559315443, 0.0566919238149, 0.0
0.455899953842, 0.590343475342, 0.92151927948, 2.49460053444, 3.37088704109, 1.23290324211, 0.777235686779, 0.595673143864, 0.0572524709499, 0.0
0.455825150013, 0.59022963047, 0.902378618717, 2.49444460869, 3.37117385864, 1.23304963112, 0.777310669422, 0.595753788948, 0.0578242012354, 0.0
0.455737739801, 0.59011888504, 0.902214646339, 2.49399781227, 3.37164378166, 1.23325312138, 0.777448952198, 0.59584903717, 0.058407452321, 2.22044604925e-16
0.455662995577, 0.590027272701, 0.902071535587, 2.49362874031, 3.37182545662, 1.23332488537, 0.777511179447, 0.595925331116, 0.0588825838039, 0.0
0.455559790134, 0.589891672134, 0.901865363121, 2.49303770065, 3.37255620956, 1.23355364799, 0.777675271034, 0.596037268639, 0.059899753454, 0.000291044776119
0.455474615097, 0.589765846729, 0.901710569859, 2.49281907082, 3.37268328667, 1.23368442059, 0.777756690979, 0.596113562584, 0.0603971025689, 0.0
0.455398380756, 0.589692890644, 0.901638329029, 2.49287104607, 3.37248373032, 1.23376488686, 0.77785629034, 0.596207797527, 0.0610305103605, 0.0
0.455304354429, 0.589598119259, 0.901543915272, 2.49290895462, 3.37224388123, 1.23385167122, 0.77795958519, 0.596280395985, 0.0616773275118, 0.0
0.455202013254, 0.589461505413, 0.901332974434, 2.49232816696, 3.37288856506, 1.23406684399, 0.778074681759, 0.596376955509, 0.0623379836238, 0.0
0.455121815205, 0.589364290237, 0.901198089123, 2.49211335182, 3.37306761742, 1.23417437077, 0.778170406818, 0.596458613873, 0.0630129272631, 0.0
0.455041766167, 0.589291572571, 0.901082098484, 2.49189043045, 3.37327718735, 1.23428463936, 0.778217434883, 0.596514940262, 0.0634101894764, -0.000291044776119
0.454968541861, 0.589197397232, 0.900959789753, 2.49160671234, 3.37391662598, 1.23454558849, 0.778367578983, 0.596607744694, 0.0641118853623, -4.4408920985e-16
0.454904794693, 0.589086294174, 0.900715887547, 2.49081778526, 3.37449717522, 1.2346675396, 0.778470575809, 0.596710920334, 0.0646845077365, 4.4408920985e-16
0.454785615206, 0.588971972466, 0.900598108768, 2.49075603485, 3.37445306778, 1.23481476307, 0.77857530117, 0.596800208092, 0.0655628530273, -4.4408920985e-16
0.454712182283, 0.588852584362, 0.900417506695, 2.49016475677, 3.37528848648, 1.23497796059, 0.778698384762, 0.596873104572, 0.0661617702925, 4.4408920985e-16
0.454639405012, 0.588754296303, 0.900297284126, 2.48990178108, 3.37539386749, 1.23509001732, 0.778788506985, 0.596970379353, 0.0669259588746, 0.0
0.454542636871, 0.58866661787, 0.900184929371, 2.48982191086, 3.37530899048, 1.23515951633, 0.778835535049, 0.597002983093, 0.0677079796621, 0.0
0.454497367144, 0.588629543781, 0.90015488863, 2.49005150795, 3.37489199638, 1.23520278931, 0.778898179531, 0.597082912922, 0.140866751438, 0.0727611940299
0.454423427582, 0.588564574718, 0.900068342686, 2.49007606506, 3.37474036217, 1.23526990414, 0.778963923454, 0.597163021564, 0.14253763746, 2.22044604925e-16
0.454324573278, 0.577289044857, 0.899964749813, 2.49025321007, 3.37441849709, 1.23536098003, 0.779049813747, 0.597244560719, 0.144248359053, 2.22044604925e-16
0.454269111156, 0.561638116837, 0.899795114994, 2.48984289169, 3.37475061417, 1.23555207253, 0.779177486897, 0.597351253033, 0.145646577499, 2.22044604925e-16
0.454162120819, 0.556745052338, 0.899655044079, 2.48957657814, 3.37511563301, 1.23564732075, 0.779274821281, 0.597427666187, 0.073773019682, -0.0727611940299
0.454085677862, 0.55667245388, 0.899490237236, 2.48910880089, 3.375685215, 1.23583674431, 0.779372096062, 0.597505390644, 0.0746857344807, 0.0
0.454008281231, 0.556578338146, 0.899414002895, 2.48919868469, 3.37528061867, 1.23586785793, 0.779449999332, 0.597574710846, 0.0756212726764, 0.0
0.453938603401, 0.556477367878, 0.899292767048, 2.48906254768, 3.37535643578, 1.23598861694, 0.779513120651, 0.597649812698, 0.0765804994923, -2.22044604925e-16
0.453864008188, 0.556414306164, 0.899206340313, 2.48871040344, 3.37618017197, 1.23617875576, 0.779640614986, 0.597718596458, 0.0775643243549, 0.0
0.453774660826, 0.556295633316, 0.899011492729, 2.48811984062, 3.3764090538, 1.23632907867, 0.779750287533, 0.597809135914, 0.0785737037478, 0.0
0.453695178032, 0.556207001209, 0.898864328861, 2.48795819283, 3.37650585175, 1.23637294769, 0.779799640179, 0.597868204117, 0.0796096442885, 0.0
0.453626841307, 0.556139588356, 0.89877384901, 2.48783969879, 3.37655210495, 1.23649525642, 0.779870986938, 0.597963631153, 0.0806732060496, 0.0
0.453539013863, 0.556033313274, 0.89865398407, 2.48764538765, 3.37673735619, 1.23661410809, 0.779959261417, 0.598038733006, 0.0817655061462, 0.0
0.453475356102, 0.555946469307, 0.89855915308, 2.48757481575, 3.37680029869, 1.23667168617, 0.780016064644, 0.598083674908, 0.0829496081958, 0.00029104477612
0.453430354595, 0.555905103683, 0.898460447788, 2.48746967316, 3.37690544128, 1.23680651188, 0.78013920784, 0.598177731037, 0.0841006156686, 0.0
0.453336268663, 0.555767357349, 0.898278534412, 2.48673677444, 3.37763142586, 1.2370262146, 0.780264854431, 0.598248422146, 0.0849904937104, -0.000291044776119
0.453261852264, 0.555693209171, 0.898158848286, 2.48668003082, 3.37749290466, 1.23707211018, 0.780323386192, 0.59830224514, 0.0862032936626, 0.0
0.453209191561, 0.555635094643, 0.898069918156, 2.48650956154, 3.37746095657, 1.23713302612, 0.78038328886, 0.598358690739, 0.0871986785384, 0.0
0.453137934208, 0.555551469326, 0.898004829884, 2.48645591736, 3.37773251534, 1.23724734783, 0.780419409275, 0.598403036594, 0.0882172589063, -6.66133814775e-16
0.453092336655, 0.555492222309, 0.897903800011, 2.48609757423, 3.37812161446, 1.23736047745, 0.780532598495, 0.598471999168, 0.0892598529234, 0.0
0.427987426519, 0.555379807949, 0.897687375546, 2.48550891876, 3.37877869606, 1.23755276203, 0.780623912811, 0.598565459251, 0.0903273175748, 4.4408920985e-16
0.427930176258, 0.555284917355, 0.897571623325, 2.48531460762, 3.37881016731, 1.23768723011, 0.780721008778, 0.598635733128, 0.0919771235299, -4.4408920985e-16
0.427877247334, 0.555202841759, 0.897448599339, 2.48501896858, 3.3793361187, 1.23781645298, 0.780819475651, 0.598704755306, 0.0931107903203, 4.4408920985e-16
0.427807599306, 0.555116713047, 0.897349238396, 2.48477196693, 3.37949132919, 1.23792624474, 0.780901253223, 0.598767459393, 0.0945676689045, 0.0
0.427750885487, 0.555049300194, 0.89727294445, 2.48504328728, 3.37879323959, 1.23791873455, 0.7809445858, 0.598841905594, 0.0960707203571, 0.0
0.427657335997, 0.554981946945, 0.897236585617, 2.48539662361, 3.37819457054, 1.23792231083, 0.781010687351, 0.598912894726, 0.0976221679314, 0.0
0.427593767643, 0.554909110069, 0.897143363953, 2.48519778252, 3.37852191925, 1.23808252811, 0.78109318018, 0.598981201649, 0.0992243794602, 0.0
0.427509456873, 0.554821610451, 0.897027611732, 2.48510479927, 3.37854003906, 1.23811233044, 0.781147003174, 0.599045097828, 0.172806055108, 0.0727611940299
0.427452594042, 0.554767310619, 0.896949887276, 2.48509645462, 3.37843394279, 1.23823595047, 0.781217157841, 0.599118173122, 0.175703206048, 0.0
0.427378237247, 0.554678320885, 0.896842479706, 2.48500299454, 3.37846827507, 1.23833370209, 0.781300842762, 0.599200248718, 0.17869810334, 0.0
0.427312970161, 0.554589748383, 0.896726548672, 2.48486423492, 3.37867832184, 1.23843443394, 0.781387269497, 0.599269330502, 0.121715579466, -0.0582089552239
0.427243977785, 0.554514050484, 0.896627128124, 2.48447346687, 3.37907600403, 1.23857140541, 0.781479299068, 0.599341511726, 0.123846415632, 0.0
0.427171826363, 0.554412066936, 0.896468698978, 2.48403429985, 3.37981534004, 1.23875308037, 0.781584978104, 0.599416553974, 0.125757250863, -0.00029104477612
0.427096575499, 0.554325580597, 0.896335661411, 2.48383378983, 3.37966990471, 1.23882162571, 0.781639277935, 0.599474310875, 0.12832421205, 0.000291044776119
0.427039325237, 0.55424040556, 0.896227777004, 2.48354291916, 3.37991166115, 1.23896300793, 0.781742036343, 0.599535048008, 0.130693706544, 0.0
0.426965653896, 0.554171741009, 0.896095216274, 2.4831943512, 3.38027453423, 1.23907613754, 0.781819164753, 0.599600434303, 0.133151824835, 0.0
0.426896095276, 0.554068088531, 0.895974040031, 2.48275375366, 3.38076901436, 1.23925077915, 0.781909406185, 0.599676072598, 0.135703602289, 0.0
0.426826059818, 0.553970098495, 0.895761191845, 2.48199462891, 3.38169121742, 1.23945629597, 0.782037615776, 0.599746465683, 0.138354460546, 2.22044604925e-16
0.426749676466, 0.55387878418, 0.895639777184, 2.48177146912, 3.38188314438, 1.23954033852, 0.782105267048, 0.599832594395, 0.141110245016, 0.0
0.426675140858, 0.553797662258, 0.89551782608, 2.48169445992, 3.38200211525, 1.23966705799, 0.782195210457, 0.599895238876, 0.143977267207, 0.0
0.426618456841, 0.553706765175, 0.895402789116, 2.48148798943, 3.38193225861, 1.2397403717, 0.782266676426, 0.599974095821, 0.146355542946, -2.22044604925e-16
0.4265396595, 0.55363792181, 0.895318388939, 2.48146224022, 3.38199782372, 1.23983621597, 0.782331228256, 0.600040495396, 0.149440366186, -2.22044604925e-16
0.426473528147, 0.553537964821, 0.895203649998, 2.48119020462, 3.3823466301, 1.23997533321, 0.782451033592, 0.600114524364, 0.152656997574, -2.22044604925e-16
0.426398932934, 0.553443670273, 0.895060837269, 2.48084521294, 3.38267183304, 1.2401008606, 0.782528281212, 0.60016721487, 0.156013997879, 0.0
0.426338613033, 0.553367435932, 0.894954025745, 2.48042225838, 3.38306212425, 1.24029135704, 0.782647967339, 0.600252449512, 0.159520679887, 0.0
0.426253974438, 0.553258061409, 0.894779980183, 2.48009347916, 3.38340449333, 1.24038052559, 0.782699525356, 0.600310564041, 0.163187190548, 0.0
0.426183879375, 0.553196012974, 0.894682347775, 2.4798874855, 3.3836042881, 1.24049937725, 0.782779455185, 0.600381851196, 0.16702460608, 0.0
0.426108419895, 0.553104281425, 0.894545793533, 2.47962141037, 3.38392567635, 1.24062526226, 0.782874405384, 0.600466191769, 0.171045039695, 0.0
0.426030784845, 0.553012311459, 0.894411683083, 2.47936964035, 3.38390469551, 1.24073433876, 0.782962143421, 0.600535750389, 0.175261764477, 0.0
0.425978511572, 0.552942574024, 0.894348561764, 2.47949576378, 3.38369894028, 1.24076831341, 0.783019602299, 0.600596487522, 0.178786219658, 4.4408920985e-16
0.425917774439, 0.552879691124, 0.894285917282, 2.47931146622, 3.3839533329, 1.24087357521, 0.783102095127, 0.600656449795, 0.183093480927, -0.00029104477612
0.425847947598, 0.552804112434, 0.894178688526, 2.47938776016, 3.38371253014, 1.24091649055, 0.783138275146, 0.600708186626, 0.187934034217, 0.0
0.425789505243, 0.552746117115, 0.894159853458, 2.4796359539, 3.38326072693, 1.2410005331, 0.783249914646, 0.6007848382, 0.263210883685, 0.0727611940299
0.425721228123, 0.552665770054, 0.893980383873, 2.47886896133, 3.38419961929, 1.24117612839, 0.78331631422, 0.600861847401, 0.27068284199, 0.00029104477612
0.425638884306, 0.552556812763, 0.89382314682, 2.47845077515, 3.38467073441, 1.2413161993, 0.783416211605, 0.600920677185, 0.278279698719, 2.22044604925e-16
0.425584256649, 0.552487492561, 0.893709719181, 2.47819161415, 3.38492250443, 1.24141037464, 0.783475756645, 0.600991129875, 0.286303255748, 2.22044604925e-16
0.425520241261, 0.552420318127, 0.893637835979, 2.47836136818, 3.3848464489, 1.24148869514, 0.783551990986, 0.601060926914, 0.217724910559, -0.0727611940299
0.425439953804, 0.552339851856, 0.893549144268, 2.47839808464, 3.3843870163, 1.24151563644, 0.783619225025, 0.601125180721, 0.224314156323, 0.0
0.425389796495, 0.55226624012, 0.893420517445, 2.47808670998, 3.38475346565, 1.24164748192, 0.783681154251, 0.601187288761, 0.229874642712, -2.22044604925e-16
0.425328016281, 0.552175879478, 0.893306851387, 2.47781705856, 3.38513970375, 1.24179089069, 0.783805251122, 0.601271927357, 0.237217793231, 2.22044604925e-16
0.425243079662, 0.552094936371, 0.89323925972, 2.47783255577, 3.38495373726, 1.24184238911, 0.783856391907, 0.601323068142, 0.245035841683, 0.0
0.425184607506, 0.552025198936, 0.893146455288, 2.47761845589, 3.38506007195, 1.24194324017, 0.783925652504, 0.601379692554, 0.253375340957, 0.0
0.425122708082, 0.551941692829, 0.89302033186, 2.47724890709, 3.38545584679, 1.24207234383, 0.784007489681, 0.601452946663, 0.262288975376, 0.0
0.425045639277, 0.551877140999, 0.89295309782, 2.47735929489, 3.38519692421, 1.2421438694, 0.784066557884, 0.601519405842, 0.271836573494, 0.0
0.424982875586, 0.55179810524, 0.892822802067, 2.47713112831, 3.38550329208, 1.24223911762, 0.784135401249, 0.601584911346, 0.282086320886, 0.0
0.424924880266, 0.55173510313, 0.892699956894, 2.47685074806, 3.38606095314, 1.24241495132, 0.784241199493, 0.601657748222, 0.293116219062, 0.0
0.424857854843, 0.551626980305, 0.892547786236, 2.47628569603, 3.3864030838, 1.24250483513, 0.784310400486, 0.60171687603, 0.30256159977, 0.0
0.424798667431, 0.551539421082, 0.892444252968, 2.4760415554, 3.38663578033, 1.24263250828, 0.784406661987, 0.601782739162, 0.31523062919, 0.0
0.424733102322, 0.551463663578, 0.892322957516, 2.47589159012, 3.38695836067, 1.24275290966, 0.784493088722, 0.601838767529, 0.328966893084, 0.0
0.424662411213, 0.551369667053, 0.892193377018, 2.47528219223, 3.38762545586, 1.24293601513, 0.784583389759, 0.601901769638, 0, -0.00029104477612
0.424593031406, 0.551288187504, 0.892061710358, 2.47496986389, 3.38777112961, 1.24305546284, 0.784674525261, 0.601971268654, 0, 0.0
0.424535632133, 0.551222145557, 0.891919195652, 2.4747068882, 3.38801860809, 1.24315536022, 0.784753382206, 0.602037370205, 0, 0.0
0.424455612898, 0.551117479801, 0.891788840294, 2.47430896759, 3.38845276833, 1.24333822727, 0.784849584103, 0.602118492126, 0, 0.0
0.424382030964, 0.55102622509, 0.891669869423, 2.47410535812, 3.38864064217, 1.24341595173, 0.784918427467, 0.602184057236, 0, 0.000291044776119
0.424331784248, 0.550948739052, 0.891545057297, 2.47385311127, 3.38851857185, 1.24348652363, 0.784987509251, 0.6022554636, 0, 0.0
0.424260854721, 0.550895690918, 0.89149916172, 2.47408342361, 3.3883035183, 1.24351084232, 0.785026431084, 0.602302849293, 0, 0.0
0.424213469028, 0.550827205181, 0.89142626524, 2.47387170792, 3.38874769211, 1.24364101887, 0.785118162632, 0.602352559566, 0, 0.0
0.424153596163, 0.550745546818, 0.891302525997, 2.47371792793, 3.38873910904, 1.24371063709, 0.785179853439, 0.602423667908, 0, 0.0
0.42409285903, 0.550674259663, 0.891212880611, 2.47341036797, 3.38906812668, 1.24383807182, 0.785277187824, 0.602488577366, 0, 0.0727611940299
0.424012988806, 0.550586879253, 0.891085207462, 2.4732131958, 3.38921976089, 1.24398589134, 0.785356581211, 0.602552175522, 0, 0.0
0.42395067215, 0.550521433353, 0.890950322151, 2.47272968292, 3.38978433609, 1.24414217472, 0.78543817997, 0.602618575096, 0, 0.0
0.423897892237, 0.550426244736, 0.890806853771, 2.47228145599, 3.39039349556, 1.2442895174, 0.785528659821, 0.602684915066, 0, 4.4408920985e-16
0.423815339804, 0.550335347652, 0.890641868114, 2.47179746628, 3.3910176754, 1.24443161488, 0.785614848137, 0.602749347687, 0, -0.0873134328358
0.423752486706, 0.550253689289, 0.890529930592, 2.47150564194, 3.38985109329, 1.24453270435, 0.785704910755, 0.602808117867, 0, 2.22044604925e-16
0.423694849014, 0.55018222332, 0.890430748463, 2.47118234634, 3.36533069611, 1.24468123913, 0.785788178444, 0.602864205837, 0, -2.22044604925e-16
0.423635870218, 0.550059616566, 0.890248119831, 2.47040748596, 3.3408062458, 1.24473249912, 0.785998404026, 0.603194534779, 0, -2.22044604925e-16
0.423322051764, 0.549747884274, 0.889877855778, 2.46961331367, 3.32263827324, 1.24533307552, 0.786196887493, 0.603160381317, 0, 4.4408920985e-16
0.423356086016, 0.549744367599, 0.88973236084, 2.46886134148, 3.30149245262, 1.24533188343, 0.786172926426, 0.603134930134, 0, 0.0
0.423368901014, 0.549735963345, 0.889728546143, 2.46895694733, 3.27688837051, 1.24540400505, 0.786224782467, 0.60319852829, 0, -2.22044604925e-16
0.423306167126, 0.549664020538, 0.889625430107, 2.468791008, 3.252358675, 1.24548745155, 0.786293923855, 0.603248119354, 0, -2.22044604925e-16
0.423268467188, 0.549605965614, 0.889553308487, 2.46875023842, 3.23273611069, 1.24555957317, 0.786348581314, 0.603308796883, 0, 4.4408920985e-16
0.423196732998, 0.549541413784, 0.889463603497, 2.46858763695, 3.20819377899, 1.24564623833, 0.786423146725, 0.603381097317, 0, 0.0
