1.16829955578, 1.4978209734, 3.38478517532, 3.01180458069, 3.0112862587, 1.1769272089, 0.745829761028, 0.575381696224, -1.15628110178, -0.000819201641763
1.16849017143, 1.49898540974, 3.36175179482, 2.98694348335, 2.98715186119, 1.17461180687, 0.744718015194, 0.575138151646, -1.15701040133, 0.0
1.16875469685, 1.50057840347, 3.33253097534, 2.96206331253, 2.96301245689, 1.17255914211, 0.744128584862, 0.575030326843, -1.16066390402, 0.0
1.1688233614, 1.50168180466, 3.30344128609, 2.93700456619, 2.93848991394, 1.1712474823, 0.743653893471, 0.575028777122, -1.16432905084, 0.0
1.16886985302, 1.50276935101, 3.27455353737, 2.91211676598, 2.91422605515, 1.16929662228, 0.74308514595, 0.574834525585, -1.16800579861, 0.0
1.16905450821, 1.50345027447, 3.24658298492, 2.88743448257, 2.89470911026, 1.16822016239, 0.742593944073, 0.574618220329, -1.17169410262, 0.0
1.16926443577, 1.50398564339, 3.21874761581, 2.86282062531, 2.87021303177, 1.16754674911, 0.742319047451, 0.574385046959, -1.1753939166, 0.0
1.16948843002, 1.50432670116, 3.19141340256, 2.83834600449, 2.84570240974, 1.16709947586, 0.742022156715, 0.5741533041, -1.17910519277, 0.0
1.16972482204, 1.50467061996, 3.16401791573, 2.81874489784, 2.82115030289, 1.16661190987, 0.741718053818, 0.573936998844, -1.18282788176, 0.0
1.16995060444, 1.50500035286, 3.13663816452, 2.79422545433, 2.7966094017, 1.16609680653, 0.741404473782, 0.573712468147, -1.18656193263, 0.0
1.17012155056, 1.50530302525, 3.1092581749, 2.769708395, 2.77205133438, 1.16578006744, 0.741144418716, 0.573498249054, -1.18984086597, -0.000291044776119
1.17033588886, 1.50556123257, 3.08740663528, 2.74520039558, 2.74746656418, 1.16541314125, 0.740881085396, 0.573323130608, -1.19359564612, 0.0
1.17055439949, 1.50577580929, 3.06016921997, 2.72070336342, 2.722874403, 1.16509521008, 0.740631818771, 0.573109209538, -1.19706304239, 0.000291044776119
1.17077493668, 1.50607979298, 3.0327911377, 2.69618749619, 2.70320916176, 1.16467559338, 0.740335404873, 0.572877287865, -1.20083972448, 5.42101086243e-18
1.17100572586, 1.50640201569, 3.00542187691, 2.67166137695, 2.67866921425, 1.16412496567, 0.740004658699, 0.572645127773, -1.20462750204, 5.42101086243e-18
1.17123246193, 1.50668346882, 2.97800660133, 2.64714002609, 2.65412545204, 1.16360473633, 0.739685475826, 0.572421252728, -1.20842631486, 5.42101086243e-18
1.17145693302, 1.50706529617, 2.95057463646, 2.62261176109, 2.62957906723, 1.16308760643, 0.739432215691, 0.572203278542, -1.21223610113, 4.33680868994e-19
1.17168092728, 1.50736808777, 2.92320489883, 2.60300183296, 2.605022192, 1.16269385815, 0.73916888237, 0.571986913681, -1.21605679738, 0.0
1.17184591293, 1.50764989853, 2.895870924, 2.57848381996, 2.58044266701, 1.16236877441, 0.738875150681, 0.57174539566, -1.21912116588, 0.0
1.172088027, 1.50791978836, 2.86855340004, 2.5539829731, 2.55587887764, 1.16196036339, 0.738602042198, 0.571516931057, -1.22296133497, 0.0
1.17231607437, 1.50826048851, 2.84665799141, 2.52946925163, 2.53129839897, 1.16150569916, 0.738302707672, 0.571290194988, -1.22681222764, 0.0
1.17254221439, 1.5085452795, 2.81930804253, 2.50496768951, 2.50673794746, 1.16109478474, 0.738014876842, 0.57110863924, -1.23067377418, 0.0
1.17276823521, 1.50880646706, 2.79201316833, 2.48045539856, 2.48707413673, 1.16070234776, 0.737743139267, 0.570889055729, -1.23454590322, 0.0
1.17299187183, 1.50905692577, 2.76471924782, 2.45594406128, 2.46248006821, 1.16036689281, 0.73749935627, 0.57068002224, -1.23842854175, 0.0
1.17320406437, 1.50928068161, 2.73735237122, 2.43143343925, 2.43793106079, 1.1598931551, 0.737203776836, 0.570457816124, -1.24232161506, 0.0
1.17342483997, 1.509583354, 2.71003651619, 2.4069340229, 2.4133617878, 1.15953660011, 0.736991345882, 0.570225715637, -1.24650827415, -0.000291044776119
1.17364633083, 1.50983965397, 2.68274331093, 2.38242459297, 2.38876628876, 1.15920186043, 0.736746072769, 0.570021808147, -1.24650827415, 0.0
1.17386114597, 1.51008319855, 2.65537309647, 2.36280727386, 2.3642141819, 1.15874326229, 0.73645067215, 0.569790124893, -1.25042234446, 0.0
1.17404258251, 1.51039636135, 2.62801766396, 2.33829069138, 2.33964347839, 1.15823543072, 0.736138761044, 0.56956756115, -1.25326204409, 0.000291044776119
1.17426514626, 1.51075303555, 2.60060024261, 2.31375861168, 2.31509327888, 1.15786206722, 0.735836625099, 0.569354474545, -1.2571940114, 0.0
1.17447865009, 1.51105701923, 2.57870173454, 2.28922653198, 2.29049921036, 1.15737581253, 0.73553186655, 0.569165527821, -1.26113603201, 0.0
1.17471194267, 1.51140904427, 2.55131840706, 2.26470780373, 2.26595377922, 1.15694701672, 0.735273182392, 0.568946838379, -1.26508802155, 0.0
1.17492425442, 1.51162159443, 2.52404499054, 2.24022173882, 2.24629259109, 1.15657937527, 0.734995484352, 0.568716883659, -1.26904989398, 0.0
1.17515790462, 3.32546019554, 2.4966905117, 2.21569943428, 2.2217206955, 1.15612506866, 0.734746992588, 0.56848436594, -1.27302156156, 0.0
1.17538428307, 3.28950643539, 2.4693365097, 2.1961016655, 2.19717144966, 1.15570008755, 0.734465718269, 0.568262279034, -1.27700293492, 0.0
1.17561650276, 3.25376963615, 2.44201660156, 2.17159819603, 2.17261075974, 1.15523827076, 0.734157085419, 0.568035006523, -1.28099392299, 0.0
1.17579686642, 3.21791768074, 2.41467094421, 2.14708852768, 2.14803218842, 1.15487349033, 0.733893990517, 0.567823410034, -1.28419357378, 0.0
1.17600893974, 3.18236303329, 2.38740777969, 2.12259268761, 2.12345862389, 1.15462100506, 0.733623862267, 0.567633330822, -1.28820163355, 0.0
1.17625272274, 3.14663171768, 2.360049963, 2.09808397293, 2.09890198708, 1.15413713455, 0.733320653439, 0.567358016968, -1.29221904422, 0.0
1.17647469044, 3.11062526703, 2.33812904358, 2.07358384132, 2.07434797287, 1.15364742279, 0.733012259007, 0.56717312336, -1.29624570842, 0.0
1.17670834064, 3.07481765747, 2.31078886986, 2.0490591526, 2.04979634285, 1.15313506126, 0.732694387436, 0.566936850548, -1.30056449097, -0.000291044776119
1.17693507671, 3.03904032707, 2.28344631195, 2.02453279495, 2.03010892868, 1.15277183056, 0.732426524162, 0.566709756851, -1.30460966707, -5.42101086243e-18
1.17716014385, 3.01043176651, 2.2561211586, 2.00003170967, 2.00554943085, 1.15233623981, 0.732200443745, 0.566493868828, -1.30866378606, 0.0
1.17739081383, 2.9746837616, 2.22878479958, 1.98042368889, 1.98097062111, 1.15194475651, 0.731850743294, 0.566252529621, -1.31272674394, 0.0
1.17762410641, 2.93888688087, 2.20145106316, 1.95102095604, 1.956417799, 1.15148794651, 0.73163408041, 0.566019058228, -1.31679843506, 0.0
1.1778626442, 2.90310072899, 2.17411136627, 1.9314109087, 1.9318434, 1.15095221996, 0.731294631958, 0.565786540508, -1.32087875218, 0.0
1.17804384232, 2.86715173721, 2.14671015739, 1.90688228607, 1.90729308128, 1.15057969093, 0.731016755104, 0.565570116043, -1.32384991621, 0.000291044776119
1.17826008797, 2.83149170876, 2.119399786, 1.88236820698, 1.88271319866, 1.15022015572, 0.730714857578, 0.565324008465, -1.32794517257, 0.0
1.17850601673, 2.79575276375, 2.09755849838, 1.85787606239, 1.85813426971, 1.14979612827, 0.730452477932, 0.565157413483, -1.33204875556, 0.0
1.17871952057, 2.75998950005, 2.07022356987, 1.83335840702, 1.8384745121, 1.14940869808, 0.730194270611, 0.564943790436, -1.33616055198, 0.0
1.17893815041, 2.72422504425, 2.04289245605, 1.80884885788, 1.80897772312, 1.14902102947, 0.729896426201, 0.564706504345, -1.34028044706, 0.0
1.17916786671, 2.69570183754, 2.01560592651, 1.78433990479, 1.78930974007, 1.14864003658, 0.729686021805, 0.564475178719, -1.34028044706, 0.0
1.17939424515, 2.65999865532, 1.98826849461, 1.75984287262, 1.76473653316, 1.14829349518, 0.729363322258, 0.564250826836, -1.34440832449, 0.0
1.17962408066, 2.62427282333, 1.96094632149, 1.7353104353, 1.7401432991, 1.14782810211, 0.729043185711, 0.564007878304, -1.34854406641, 0.0
1.17987120152, 2.58842563629, 1.93359673023, 1.71571326256, 1.71558380127, 1.14739489555, 0.728830516338, 0.563774228096, -1.35268755345, 0.0
1.18009400368, 2.55268073082, 1.90626204014, 1.6912021637, 1.69100999832, 1.14704680443, 0.728577017784, 0.563565909863, -1.35683866469, 0.0
1.18026566505, 2.5169942379, 1.87895357609, 1.66669034958, 1.66642892361, 1.146682024, 0.728256702423, 0.563335835934, -1.36016496093, 0.0
1.18049573898, 2.48116850853, 1.85706961155, 1.64217531681, 1.64184844494, 1.14626383781, 0.727995991707, 0.563160419464, -1.36432948634, 0.0
1.18072152138, 2.44534063339, 1.8297137022, 1.61765897274, 1.61730420589, 1.14575970173, 0.727679252625, 0.56292527914, -1.36850128956, 0.0
1.18093430996, 2.40957260132, 1.80238127708, 1.59315776825, 1.59764873981, 1.14536857605, 0.72739225626, 0.562695503235, -1.37268024409, 0.0
1.18117284775, 2.37380123138, 1.77504432201, 1.56862831116, 1.56815624237, 1.14491224289, 0.727082431316, 0.562466919422, -1.3771488879, -0.00029104477612
1.1814198494, 2.34498620033, 1.74762392044, 1.54412555695, 1.54855597019, 1.14423239231, 0.72678643465, 0.562231242657, -1.38134198058, 0.0
1.18164241314, 2.30909919739, 1.72026669979, 1.51961183548, 1.52399361134, 1.143846035, 0.726521730423, 0.56200414896, -1.38554182693, 0.0
1.18187189102, 2.27325201035, 1.69291388988, 1.50000619888, 1.49944376945, 1.14332377911, 0.726197957993, 0.561770498753, -1.38974829477, 0.0
1.18205821514, 2.23748683929, 1.66557061672, 1.47549164295, 1.474868536, 1.14290618896, 0.725909948349, 0.561569809914, -1.39311814682, -4.55364912444e-18
1.18225955963, 2.20167899132, 1.63822770119, 1.45097362995, 1.45029187202, 1.14253211021, 0.725621461868, 0.561333298683, -1.39703670893, 0.00029104477612
1.18249511719, 2.16593408585, 1.61637306213, 1.42646491528, 1.4257133007, 1.14207863808, 0.725299835205, 0.56112831831, -1.40126077949, 0.0
1.18274509907, 2.13011145592, 1.58902311325, 1.40195584297, 1.40606594086, 1.14161372185, 0.724996745586, 0.560890674591, -1.40549096747, 0.0
1.18299496174, 2.10145711899, 1.56167650223, 1.37743103504, 1.38148534298, 1.14114451408, 0.724683821201, 0.560642838478, -1.40972713445, 0.0
1.18322849274, 2.05859541893, 1.53436028957, 1.35292613506, 1.35690677166, 1.14073693752, 0.724388360977, 0.560393512249, -1.41396914075, 0.0
1.18348526955, 2.02284955978, 1.50703120232, 1.32841527462, 1.33233308792, 1.1402810812, 0.724138796329, 0.56014841795, -1.41821684549, 0.0
1.18372881413, 1.9942176342, 1.4796860218, 1.30390357971, 1.30776631832, 1.13979256153, 0.72382235527, 0.559912860394, -1.42247010656, 0.0
1.18396353722, 1.95844388008, 1.45234167576, 1.28428673744, 1.28318655491, 1.13936197758, 0.723528385162, 0.559672474861, -1.4267287807, 0.0
1.18415629864, 1.92269682884, 1.42503142357, 1.25978183746, 1.25860071182, 1.13907456398, 0.723252356052, 0.559434592724, -1.4301395204, 0.0
1.18439424038, 1.88696122169, 1.40316605568, 1.23527467251, 1.23402905464, 1.13855874538, 0.722955286503, 0.559192240238, -1.43440757335, 0.0
1.18450391293, 1.85123562813, 1.3703789711, 1.21076285839, 1.20946025848, 1.13821601868, 0.722653269768, 0.559005796909, -1.43868063217, 0.0
1.24178183079, 1.81546354294, 1.34851193428, 1.18625581264, 1.1897995472, 1.13778972626, 0.72236841917, 0.558770060539, -1.44295854935, 0.0
2.0270793438, 1.77974629402, 1.32119619846, 1.16173326969, 1.16521000862, 1.13735866547, 0.722062766552, 0.558525443077, -1.44295854935, 0.0
2.81319665909, 1.75113964081, 1.29386270046, 1.13721597195, 1.14063239098, 1.1369022131, 0.721819043159, 0.558283507824, -1.44752365127, -0.000291044776119
3.60239124298, 1.70812141895, 1.26648247242, 1.11270070076, 1.11607313156, 1.13634765148, 0.721420288086, 0.558038830757, -1.45181097898, 0.0
5.0, 1.67948842049, 1.23913812637, 1.08818566799, 1.09149825573, 1.13589978218, 0.721177875996, 0.557803153992, -1.45610270612, 0.0
5.0, 1.6437009573, 1.21180307865, 1.06857872009, 1.06693017483, 1.13539958, 0.720855474472, 0.55755841732, -1.46039868112, 0.0
5.0, 1.60785579681, 1.18444430828, 1.04406189919, 1.04236769676, 1.13494062424, 0.72052282095, 0.557316303253, -1.46383841715, 0.0
5.0, 1.57203662395, 1.15709376335, 1.01954698563, 1.01779949665, 1.13449311256, 0.720221996307, 0.557078003883, -1.46814165343, 0.0
5.0, 1.53626275063, 1.13521790504, 0.99502658844, 0.99321526289, 1.13401305676, 0.719904303551, 0.556879103184, -1.47244870838, 0.0
5.0, 1.50050747395, 1.10789108276, 0.970524013042, 0.973573148251, 1.10986161232, 0.719573318958, 0.556630015373, -1.47675942706, 0.0
5.0, 1.46464383602, 1.08051943779, 0.946005582809, 0.949003338814, 1.08227038383, 0.719237446785, 0.556381165981, -1.48107365376, 0.0
5.0, 1.42887759209, 1.05318975449, 0.921502590179, 0.924440801144, 1.05467736721, 0.718939125538, 0.556145429611, -1.48539123196, 0.0
5.0, 1.40027213097, 1.02584505081, 0.896984696388, 0.899861574173, 1.02868044376, 0.722592532635, 0.556404650211, -1.48941231502, 0.000291044776119
5.0, 1.40490472317, 1.03304076195, 0.898355960846, 0.888060212135, 0.990996301174, 0.763005435467, 0.560863912106, -1.47212865862, 0.0197910447761
2.76614141464, 1.54680025578, 1.08651947975, 0.910456240177, 0.881712853909, 0.954457461834, 0.829203784466, 0.569119572639, -1.39994955414, 0.0721791044776
1.81205415726, 1.73075640202, 1.15231966972, 0.931227147579, 0.88052624464, 0.925568759441, 0.912119090557, 0.581380844116, -1.34174061752, 0.0582089552239
1.2511742115, 1.97150027752, 1.23336267471, 0.959085047245, 0.880002677441, 0.907700479031, 1.01590108871, 0.597821593285, -1.2107705294, 0.130970149254
1.21223306656, 2.29042220116, 1.32258987427, 0.988368630409, 0.876162230968, 0.885374367237, 1.02032148838, 0.612741351128, -1.19621829902, 0.014552238806
1.21417224407, 2.34807515144, 1.30204427242, 0.967829763889, 0.853180527687, 0.862011671066, 0.994739234447, 0.620485126972, -1.16990246306, 0.0293955223881
1.20805716515, 2.28143405914, 1.27325487137, 0.941288471222, 0.829881966114, 0.83892762661, 0.969000756741, 0.626673460007, -1.17390757478, 0.0
1.20802903175, 2.22224879265, 1.23938643932, 0.915367245674, 0.811201155186, 0.815546214581, 0.942605674267, 0.634476602077, -1.17792617821, 0.0
1.20803391933, 2.17642664909, 1.20602476597, 0.889720916748, 0.788030266762, 0.79212808609, 0.916059553623, 0.642317533493, -1.18195821115, 0.0
1.20804738998, 2.11972975731, 1.17277753353, 0.869153380394, 0.764793038368, 0.770224750042, 0.896283566952, 0.650338470936, -1.18681428696, 0.0
1.20745372772, 2.16741609573, 1.20064687729, 0.873494803905, 0.764604508877, 0.759815573692, 0.861087441444, 0.673476576805, -1.17095833097, 0.0174626865672
1.20327818394, 2.64589333534, 1.32329177856, 0.916992843151, 0.776784598827, 0.75435590744, 0.826313972473, 0.703931033611, -1.11304856033, 0.0579179104478
1.24816548824, 3.41799354553, 1.48074698448, 0.970993578434, 0.794539391994, 0.752315223217, 0.799116909504, 0.740968286991, -1.02573526358, 0.0873134328358
1.28613865376, 5.0, 1.68550729752, 1.03726267815, 0.818379402161, 0.751466155052, 0.778439939022, 0.785692691803, -0.909317567247, 0.116417910448
1.34414112568, 5.0, 1.89439105988, 1.11037564278, 0.836883127689, 0.747441887856, 0.757240355015, 0.823238670826, -0.894765357706, 0.014552238806
1.36414694786, 5.0, 1.94259047508, 1.09405457973, 0.815671563148, 0.727977275848, 0.737706720829, 0.836129009724, -0.867990175916, 0.0293955223881
1.34407019615, 5.0, 1.8874553442, 1.06428909302, 0.793616354465, 0.708458900452, 0.71829366684, 0.852780461311, -0.871345717412, 0.0
1.32478284836, 5.0, 1.83715164661, 1.03584325314, 0.776200294495, 0.690340697765, 0.70195376873, 0.870686352253, -0.87539752618, 0.0
1.32760810852, 5.0, 1.94380664825, 1.08312058449, 0.791074156761, 0.694017767906, 0.693748235703, 0.928518295288, -0.854526244879, 0.0221194029851
1.40462350845, 5.0, 2.3659529686, 1.19244551659, 0.830364227295, 0.704847574234, 0.68663829565, 0.959823727608, -0.817313365102, 0.0363805970149
1.48219037056, 3.22551012039, 3.03188943863, 1.3018540144, 0.879381418228, 0.71741181612, 0.684626758099, 0.895581662655, -0.759104476949, 0.0582089552239
1.60044205189, 2.09582853317, 5.0, 1.47427558899, 0.939503669739, 0.742776215076, 0.684076666832, 0.843241870403, -0.657238931686, 0.101865671642
1.74721550941, 1.56471729279, 5.0, 1.65545463562, 0.977643549442, 0.744126617908, 0.674702823162, 0.816584646702, -0.613787272381, 0.0436567164179
1.7664886713, 1.56536710262, 5.0, 1.62899923325, 0.957892537117, 0.731745481491, 0.660625994205, 0.803710401058, -0.599161888691, 0.0168805970149
1.73107159138, 1.62002456188, 5.0, 1.59510397911, 0.938078403473, 0.716271936893, 0.646564364433, 0.783952832222, -0.603687861631, 3.33066907388e-16
1.69770729542, 1.66022527218, 5.0, 1.59230983257, 0.933435738087, 0.713525414467, 0.642775058746, 0.764619886875, -0.604194445288, -3.33066907388e-16
1.80249381065, 1.36830699444, 5.0, 1.866735816, 1.01044774055, 0.744801640511, 0.649624466896, 0.731390893459, -0.559309005402, 0.0454029850746
2.03030467033, 1.16109919548, 5.0, 2.29129743576, 1.11340510845, 0.783841192722, 0.661114990711, 0.705296874046, -0.486547915589, 0.0727611940299
2.33654761314, 1.10713136196, 3.30127501488, 2.95998001099, 1.24412810802, 0.831823050976, 0.673789322376, 0.685470104218, -0.384682396548, 0.101865671642
2.75856852531, 1.13998186588, 2.23539233208, 3.78224754333, 1.38003265858, 0.864859342575, 0.68269020319, 0.672061681747, -0.342618417773, 0.0422014925373
2.85347986221, 1.13169050217, 2.18268656731, 3.91002225876, 1.36856532097, 0.85427492857, 0.674197137356, 0.664019882679, -0.327363409025, 0.0165895522388
2.79543638229, 1.10463511944, 2.22876930237, 3.84589719772, 1.3508259058, 0.845522284508, 0.66558599472, 0.655882120132, -0.32852064653, 4.4408920985e-16
2.72712016106, 1.07812035084, 2.25930666924, 3.81888222694, 1.35470163822, 0.842957496643, 0.666067898273, 0.647927284241, -0.329978327674, 0.0
2.94154429436, 1.10409045219, 1.87122249603, 5.0, 1.50854694843, 0.905838310719, 0.691383838654, 0.639983415604, -0.29825016345, 0.0323059701493
3.75036048889, 1.16598796844, 1.45627582073, 5.0, 1.85383176804, 0.98847591877, 0.723183631897, 0.633504927158, -0.225489087183, 0.0727611940299
5.0, 1.2423312664, 1.18746232986, 5.0, 2.18769669533, 1.09224915504, 0.762715697289, 0.63276976347, -0.0800210067229, 0.145468455373
5.0, 1.33677220345, 1.04665100574, 3.26337337494, 2.81632208824, 1.2172921896, 0.802822053432, 0.634823977947, -0.0799669399655, 5.3932686596e-05
5.0, 1.37167418003, 1.03107714653, 2.8969271183, 3.05172514915, 1.23329734802, 0.803354859352, 0.634372353554, -0.0333096661878, 0.0468582089552
5.0, 1.33481287956, 1.00989127159, 2.91723060608, 3.03613471985, 1.23059988022, 0.802019059658, 0.633693397045, -0.0334614488784, 0.0
5.0, 1.29921615124, 0.988681018353, 2.92397212982, 3.0288310051, 1.22860193253, 0.800939083099, 0.63299536705, -0.0336146206388, 0.0
5.0, 1.26361763477, 0.967522919178, 2.93385314941, 3.02283930779, 1.22693645954, 0.799888372421, 0.632209897041, -0.0338626326484, 0.0
5.0, 1.23221421242, 0.951065599918, 2.84813284874, 3.2233607769, 1.25842964649, 0.820856928825, 0.635192811489, -0.0338938916122, 4.4408920985e-16
5.0, 1.3190549612, 0.949660658836, 2.06774377823, 5.0, 1.43665468693, 0.882153511047, 0.640220046043, 0.0461182535901, 0.0800373134328
5.0, 1.42424380779, 0.979157209396, 1.69527757168, 5.0, 1.55949664116, 0.908113539219, 0.643139839172, 0.0863232248707, 0.0401641791045
5.0, 1.39198589325, 0.953386068344, 1.68859672546, 5.0, 1.56253767014, 0.910847902298, 0.645621299744, 0.0974625871221, 0.0107686567164
5.0, 1.35088586807, 0.924181461334, 1.68236029148, 5.0, 1.56683969498, 0.913765966892, 0.647862792015, 0.0979165654817, 0.0
5.0, 1.31862330437, 0.89528208971, 1.67685770988, 5.0, 1.57148218155, 0.916165530682, 0.650090277195, 0.0983747791583, 0.0
5.0, 1.27836871147, 0.866407513618, 1.66963350773, 5.0, 1.57637465, 0.919199049473, 0.652309894562, 0.0988372875036, 0.0
5.0, 1.23819303513, 0.837517142296, 1.66224575043, 5.0, 1.58022761345, 0.922199010849, 0.654529750347, 0.0992104269338, 0.0
5.0, 1.19799184799, 0.811611831188, 1.65491235256, 5.0, 1.58509671688, 0.925226509571, 0.656741142273, 0.172206135828, 0.0727611940299
3.99962544441, 1.15782988071, 0.790529429913, 1.64751088619, 5.0, 1.59093940258, 0.928244292736, 0.658500909805, 0.173021820012, 0.0
3.99742460251, 1.11764514446, 0.76942461729, 1.64021027088, 5.0, 1.59476709366, 0.931240677834, 0.661149144173, 0.100671343544, -0.0727611940299
3.99521803856, 1.07742726803, 0.752548158169, 1.63304066658, 5.0, 1.59958732128, 0.934227108955, 0.662909209728, 0.101153158219, 0.0
3.99300789833, 1.03726780415, 0.731467068195, 1.62569606304, 5.0, 1.60444033146, 0.937281370163, 0.665134370327, 0.101639591051, 0.0
3.99079394341, 1.00518405437, 0.712169706821, 1.61822807789, 5.0, 1.60930895805, 0.939690351486, 0.66736125946, 0.102130708522, 0.0
3.98857069016, 0.95697170496, 0.708549976349, 1.61235189438, 5.0, 1.6142411232, 0.94273930788, 0.669578552246, 0.102626578394, 0.0
3.98634505272, 0.924791753292, 0.704930245876, 1.60507822037, 5.0, 1.6189917326, 0.945725798607, 0.671782851219, 0.103127269736, 2.22044604925e-16
3.98413515091, 0.884664535522, 0.701286792755, 1.59768462181, 5.0, 1.62389779091, 0.948761343956, 0.674000620842, 0.103632852957, 0.0
3.98192834854, 0.844516456127, 0.697680771351, 1.59039521217, 5.0, 1.62880587578, 0.951787650585, 0.67620909214, 0.104143399839, 2.22044604925e-16
3.98016405106, 0.804324686527, 0.69401961565, 1.58294188976, 5.0, 1.6326649189, 0.954810380936, 0.678427875042, 0.104555460315, -4.4408920985e-16
3.97794032097, 0.764085173607, 0.691143095493, 1.57574641705, 5.0, 1.63742792606, 0.95778465271, 0.680633723736, 0.105075127189, 0.0
3.97572922707, 0.724005758762, 0.687530875206, 1.56831347942, 5.0, 1.64236390591, 0.960845053196, 0.682856202126, 0.105599966304, 0.0
3.97351360321, 0.683791995049, 0.68384039402, 1.56081831455, 5.0, 1.64730370045, 0.963876724243, 0.684626698494, 0.106130055072, 0.0
3.97130203247, 0.651678144932, 0.68018424511, 1.55331850052, 5.0, 1.65216672421, 0.966904699802, 0.68684399128, 0.106665472249, 0.0
3.96908187866, 0.60349971056, 0.676580011845, 1.54628169537, 5.0, 1.65684604645, 0.969270706177, 0.689051985741, 0.106914167378, -0.00029104477612
3.96686124802, 0.571290493011, 0.672998785973, 1.54051935673, 5.0, 1.66169393063, 0.972280621529, 0.691267371178, 0.107748944259, 0.000291044776119
3.96465158463, 0.531094908714, 0.66938149929, 1.53166234493, 5.0, 1.66657364368, 0.975303649902, 0.693477928638, 0.108300805793, 0.0
3.96288847923, 0.491007089615, 0.665754914284, 1.52583444118, 5.0, 1.67040479183, 0.978298544884, 0.695685267448, 0.108746365787, 4.4408920985e-16
3.96023178101, 0.455441236496, 0.662169337273, 1.51872074604, 5.0, 1.67606878281, 0.981273472309, 0.697890758514, 0.109421594875, -4.4408920985e-16
3.95845675468, 0.439762383699, 0.658539056778, 1.51138591766, 5.0, 1.67996966839, 0.984311461449, 0.700102031231, 0.109876406613, 4.4408920985e-16
3.95624947548, 0.427690178156, 0.655650854111, 1.50419771671, 5.0, 1.68468225002, 0.98727107048, 0.701870679855, 0.110450244135, 0.0
3.95402526855, 0.425084799528, 0.652059912682, 1.49696707726, 5.0, 1.68948614597, 0.990277349949, 0.704086184502, 0.111030082162, 0.0
3.95181202888, 0.422465741634, 0.648430764675, 1.48972797394, 5.0, 1.69424128532, 0.99328482151, 0.706293940544, 0.111616014912, 0.0
3.94960284233, 0.419850498438, 0.644813418388, 1.48233819008, 5.0, 1.69915342331, 0.99630343914, 0.708506882191, 0.112208138578, 0.0
3.94738841057, 0.417753189802, 0.641168653965, 1.47497427464, 5.0, 1.70393872261, 0.999295115471, 0.71071267128, 0.18526760443, 0.0727611940299
3.94517540932, 0.415138572454, 0.637574851513, 1.46916556358, 5.0, 1.70876383781, 1.00169563293, 0.712927997112, 0.186254633203, 0.0
3.942964077, 0.412520945072, 0.633954763412, 1.46183955669, 5.0, 1.7137118578, 1.00473630428, 0.715128183365, 0.187252111415, 0.0
3.9407646656, 0.409898072481, 0.630295157433, 1.45433497429, 5.0, 1.71859574318, 1.00776100159, 0.717347800732, 0.114993626453, -0.0727611940299
3.9389898777, 0.407289206982, 0.6266887784, 1.44712543488, 5.0, 1.7210457325, 1.00992751122, 0.718282878399, 0.11561666281, 0.0
3.93679523468, 0.411530733109, 0.655839502811, 1.59992754459, 5.0, 1.57816720009, 0.951113283634, 0.713278412819, 0.109280780282, -0.00669402985075
2.65285301208, 0.443316340446, 0.732340216637, 2.23176169395, 3.43612146378, 1.38079929352, 0.890819966793, 0.708881318569, 0.0414851714489, -0.0678134328358
0.496103942394, 0.473019123077, 0.822512149811, 2.86356377602, 3.05424928665, 1.31548416615, 0.877827942371, 0.707538068295, -0.023052531386, -0.0646119402985
0.344669699669, 0.475217521191, 0.826597094536, 2.8396589756, 3.05923962593, 1.31489419937, 0.876554489136, 0.706161916256, -0.0275408727384, -0.00436567164179
0.345253050327, 0.476518005133, 0.828801512718, 2.81571578979, 3.0573425293, 1.31303548813, 0.875085532665, 0.70483481884, -0.0276927863172, 4.4408920985e-16
0.346568584442, 0.478159487247, 0.831211924553, 2.79176330566, 3.05410051346, 1.311003685, 0.873837709427, 0.703514754772, -0.0278463846456, 0.0
0.347623616457, 0.479891508818, 0.833887159824, 2.77258825302, 3.04923963547, 1.31078505516, 0.87306946516, 0.70300835371, -0.0280329662243, -2.22044604925e-16
0.347430616617, 0.471697300673, 0.784128606319, 2.41595005989, 3.67381262779, 1.4464662075, 0.919228732586, 0.707369804382, 0.0376863124083, 0.065776119403
0.343976706266, 0.436135470867, 0.684964418411, 1.72714471817, 5.0, 1.59012758732, 0.969250738621, 0.710071802139, 0.0522385512143, 0.014552238806
0.341290742159, 0.424748301506, 0.668872594833, 1.64083087444, 5.0, 1.60508310795, 0.971478581429, 0.711619853973, 0.088541679974, 0.0360895522388
0.339724481106, 0.423030227423, 0.666726410389, 1.63754141331, 5.0, 1.60717761517, 0.973172485828, 0.713071465492, 0.0890413071598, 0.0
0.338263988495, 0.421339392662, 0.664447665215, 1.63293945789, 5.0, 1.60996246338, 0.975061535835, 0.714246213436, 0.0895465898196, 0.0
0.336798399687, 0.419599205256, 0.662016987801, 1.62786579132, 5.0, 1.61281263828, 0.976956665516, 0.715687572956, 0.0900576243761, 0.0
0.335360378027, 0.418200314045, 0.659530520439, 1.62241566181, 5.0, 1.61585748196, 0.978495836258, 0.717125356197, 0.0905745092188, 0.0
0.33392137289, 0.416115522385, 0.657092213631, 1.61721980572, 5.0, 1.61877930164, 0.980391085148, 0.718567550182, 0.0908052497774, -0.000291044776119
0.33247178793, 0.414718925953, 0.654624998569, 1.61308765411, 5.0, 1.62167441845, 0.982275366783, 0.720010340214, 0.0913324424818, 0.0
0.331030637026, 0.412974834442, 0.652150452137, 1.60773813725, 5.0, 1.62473595142, 0.984221041203, 0.721462309361, 0.0918657751031, 0.0
0.329870939255, 0.411216646433, 0.649648189545, 1.60219705105, 5.0, 1.62722635269, 0.986151993275, 0.722899496555, 0.0922969341512, 0.0
0.328434973955, 0.409464389086, 0.647654056549, 1.59675896168, 5.0, 1.63020420074, 0.988050282001, 0.724335372448, 0.0928415914203, 0.0
0.326998502016, 0.407722979784, 0.645197808743, 1.59151470661, 5.0, 1.6331859827, 0.98998683691, 0.725496709347, 0.0933926962372, 0.0
0.32555308938, 0.405980348587, 0.642726778984, 1.58605849743, 5.0, 1.63620316982, 0.991895735264, 0.726935625076, 0.0939503634299, 0.0
0.324109315872, 0.404583871365, 0.640255212784, 1.58085298538, 5.0, 1.63916194439, 0.993806838989, 0.728380143642, 0.0945147105612, 0.0
0.322663784027, 0.402833342552, 0.637777864933, 1.57551443577, 5.0, 1.64211940765, 0.995717465878, 0.729826569557, 0.0953757523237, 0.000291044776119
0.321207135916, 0.401075720787, 0.635305345058, 1.57021772861, 5.0, 1.64509046078, 0.997262001038, 0.731289029121, 0.0959555733076, 0.0
0.319758862257, 0.39931833744, 0.63279569149, 1.56582331657, 5.0, 1.64817416668, 0.999201118946, 0.732727885246, 0.169009158067, 0.0727611940299
0.318607449532, 0.397571623325, 0.630342125893, 1.56057453156, 5.0, 1.65052437782, 1.00110650063, 0.734168946743, 0.169834929325, 2.22044604925e-16
0.316875219345, 0.395826071501, 0.62785410881, 1.55517864227, 5.0, 1.65411973, 1.00302803516, 0.735615611076, 0.171088679054, 0.0
0.315719902515, 0.394069433212, 0.625360786915, 1.54976022243, 5.0, 1.65648472309, 1.00493860245, 0.737057805061, 0.113301723592, -0.0582089552239
0.31427744031, 0.392332196236, 0.623407423496, 1.54451823235, 5.0, 1.65950882435, 1.00685119629, 0.738502085209, 0.11400664505, 0.0
0.312833756208, 0.390582233667, 0.620925366879, 1.53923153877, 5.0, 1.66247534752, 1.00877547264, 0.739949285984, 0.114720354193, 0.0
0.311386227608, 0.38883587718, 0.618448793888, 1.5337895155, 5.0, 1.66547608376, 1.01070725918, 0.741107225418, 0.115443015634, 0.0
0.30993938446, 0.387433886528, 0.615951776505, 1.52847874165, 5.0, 1.66847479343, 1.01261258125, 0.742555320263, 0.116174798103, 0.0
0.308486193419, 0.385673105717, 0.61349260807, 1.52317535877, 5.0, 1.67144572735, 1.01414847374, 0.743997335434, 0.116915874579, 0.0
0.307042747736, 0.383927643299, 0.611019670963, 1.51889061928, 5.0, 1.67451620102, 1.01609015465, 0.745450794697, 0.117666422422, 0.0
0.305599331856, 0.382170408964, 0.608512639999, 1.51337575912, 5.0, 1.67756104469, 1.01802444458, 0.746899664402, 0.118426623513, 0.0
0.304154098034, 0.380426943302, 0.606056630611, 1.5081526041, 5.0, 1.67986869812, 1.01990187168, 0.748346149921, 0.119196664393, 0.0
0.302989333868, 0.37867680192, 0.603596389294, 1.50289320946, 5.0, 1.6828391552, 1.02182817459, 0.749790847301, 0.119819910174, 4.4408920985e-16
0.30154517293, 0.376922249794, 0.601589381695, 1.49747538567, 5.0, 1.68584430218, 1.02374267578, 0.751232087612, 0.120608148364, 0.0
0.300104111433, 0.375194817781, 0.599153637886, 1.49230146408, 5.0, 1.68871772289, 1.02562153339, 0.752656757832, 0.12140677478, 0.0
0.298678010702, 0.373459398746, 0.596702694893, 1.48703050613, 5.0, 1.69163441658, 1.02752315998, 0.753819525242, 0.122215995103, 0.0
0.297226011753, 0.37171959877, 0.594251811504, 1.48183703423, 5.0, 1.69457161427, 1.02941560745, 0.755250990391, 0.12274332601, -0.00029104477612
0.295794844627, 0.370332896709, 0.591802835464, 1.47662878036, 5.0, 1.69746935368, 1.03128159046, 0.75668245554, 0.123572395002, 0.0
0.294365525246, 0.36860921979, 0.589360654354, 1.47140276432, 5.0, 1.70042097569, 1.03281605244, 0.758130252361, 0.124412681805, 0.0
0.292915225029, 0.366865187883, 0.586923658848, 1.46733856201, 5.0, 1.70329785347, 1.03469467163, 0.75955837965, 0.125264414436, 0.0
0.291773617268, 0.365136653185, 0.584468185902, 1.46204912663, 5.0, 1.70571815968, 1.03660809994, 0.761006653309, 0.125954198708, -4.4408920985e-16
0.29032549262, 0.36338531971, 0.581999123096, 1.45670771599, 5.0, 1.70865821838, 1.03851807117, 0.762448310852, 0.126827128313, 0.0
0.288884043694, 0.361642181873, 0.579521119595, 1.4513335228, 5.0, 1.71227109432, 1.04044020176, 0.76359975338, 0.127712175785, 0.0
0.287441313267, 0.359901815653, 0.577554285526, 1.44606280327, 5.0, 1.71460855007, 1.04233384132, 0.765034079552, 0.128609593799, 0.0
0.286007672548, 0.358167678118, 0.575104236603, 1.44074499607, 5.0, 1.71756291389, 1.04423379898, 0.766473472118, 0.129519642064, 0.0
0.284573286772, 0.356424689293, 0.572636067867, 1.43547773361, 5.0, 1.72056245804, 1.04615592957, 0.767919242382, 0.130442587565, 0.0
0.283128380775, 0.354684233665, 0.570183217525, 1.43027842045, 5.0, 1.72350013256, 1.0480492115, 0.769355416298, 0.203669985515, 0.0727611940299
0.281688690186, 0.353278458118, 0.567694842815, 1.42484891415, 5.0, 1.72650325298, 1.04959022999, 0.770788431168, 0.205130740329, 0.0
0.280248761177, 0.351544111967, 0.565258443356, 1.42070746422, 5.0, 1.72944045067, 1.05148112774, 0.772230446339, 0.206612298964, 0.0
0.278814464808, 0.349811792374, 0.562797904015, 1.41545641422, 5.0, 1.73238158226, 1.05339074135, 0.77368324995, 0.134599823082, -0.0727611940299
0.277648001909, 0.348046213388, 0.560290455818, 1.41001355648, 5.0, 1.73536300659, 1.05530548096, 0.775128126144, 0.135388009817, -2.22044604925e-16
0.276202648878, 0.346308618784, 0.557844817638, 1.40478205681, 5.0, 1.73767030239, 1.05717909336, 0.776561439037, 0.136386238725, 2.22044604925e-16
0.274767488241, 0.344584524632, 0.555922031403, 1.3997784853, 5.0, 1.74048864841, 1.05903506279, 0.777702093124, 0.137399203621, 0.0
0.273333460093, 0.342862606049, 0.553493916988, 1.394551754, 5.0, 1.74339807034, 1.06092727184, 0.779137015343, 0.138427231109, 0.0
0.271898329258, 0.341125190258, 0.551045358181, 1.38930130005, 5.0, 1.74634861946, 1.06283724308, 0.780579030514, 0.13947065745, 0.0
0.270461261272, 0.339725732803, 0.548560082912, 1.3838891983, 5.0, 1.7494250536, 1.06439232826, 0.782013952732, 0.14052982892, 0.0
0.269027888775, 0.33763512969, 0.546085357666, 1.37851703167, 5.0, 1.75237095356, 1.06666207314, 0.78344398737, 0.141605102184, 0.0
0.267591178417, 0.336243718863, 0.543630719185, 1.37320458889, 5.0, 1.75533664227, 1.06818211079, 0.784880816936, 0.142696844687, 0.0
0.26616999507, 0.334523975849, 0.541180193424, 1.36899733543, 5.0, 1.75837504864, 1.07010602951, 0.786309361458, 0.143805435057, 0.0
0.265020638704, 0.332777947187, 0.53872013092, 1.36368846893, 5.0, 1.76063132286, 1.07196187973, 0.787744045258, 0.144704699812, -2.22044604925e-16
0.263296455145, 0.331047743559, 0.536257743835, 1.35838425159, 5.0, 1.7636204958, 1.07389080524, 0.789185941219, 0.146074732727, 0.0
0.262143701315, 0.329302430153, 0.534286797047, 1.35307431221, 5.0, 1.76658987999, 1.07579123974, 0.790620446205, 0.147002487407, -2.22044604925e-16
0.260708957911, 0.327564239502, 0.531834185123, 1.3479667902, 5.0, 1.76942050457, 1.07764518261, 0.791754961014, 0.147885348823, -0.000291044776119
0.259284287691, 0.325854480267, 0.529422461987, 1.3426618576, 5.0, 1.77240824699, 1.07956552505, 0.79319447279, 0.149078091655, 0.0
0.257850646973, 0.324465632439, 0.52695953846, 1.33736824989, 5.0, 1.77541184425, 1.08149409294, 0.794642090797, 0.150290084397, 0.0
0.25641310215, 0.322367727757, 0.5244820714, 1.31731343269, 5.0, 1.77835988998, 1.08337569237, 0.796070337296, 0.15152179321, 0.0
0.254969030619, 0.320977598429, 0.522007763386, 1.2981107235, 5.0, 1.78137540817, 1.08492267132, 0.797521710396, 0.152773699304, 0.0
0.253519237041, 0.319220721722, 0.519532561302, 1.27408993244, 5.0, 1.7843439579, 1.08683478832, 0.798964321613, 0.15404629955, 0.0
0.252364516258, 0.31747046113, 0.517059087753, 1.25013387203, 5.0, 1.78731632233, 1.08874368668, 0.800412476063, 0.155079623818, -4.4408920985e-16
0.250917434692, 0.315728187561, 0.514591932297, 1.22611296177, 5.0, 1.79027760029, 1.09064602852, 0.801830947399, 0.156390778087, 0.0
0.249498471618, 0.314006149769, 0.512158453465, 1.21417486668, 5.0, 1.79264783859, 1.09254097939, 0.802978873253, 0.157724106587, 0.0
0.24805945158, 0.312263399363, 0.510177850723, 1.20881557465, 5.0, 1.79567801952, 1.09448099136, 0.80471354723, 0.159080171766, 0.0
0.246616959572, 0.310498803854, 0.507659077644, 1.20332014561, 5.0, 1.7987755537, 1.09641957283, 0.805857777596, 0.233329778832, 0.0727611940299
0.245412796736, 0.310966074467, 0.510454535484, 1.26996695995, 5.0, 1.71010303497, 1.05325460434, 0.803327858448, 0.232904894498, -0.0014552238806
0.248939052224, 0.329782605171, 0.582013368607, 1.80528986454, 3.80911016464, 1.50266325474, 0.998900949955, 0.798580050468, 0.159747521074, -0.0733432835821
0.253651410341, 0.360397160053, 0.668734192848, 2.45515584946, 3.1457760334, 1.42369675636, 0.970055639744, 0.796305418015, 0.109563419654, -0.0506417910448
0.256210535765, 0.367003649473, 0.675817906857, 2.50108170509, 3.14595389366, 1.42227840424, 0.968586146832, 0.794133782387, 0.104377818386, -0.00611194029851
0.258272618055, 0.369447499514, 0.679144978523, 2.50408577919, 3.14464902878, 1.41980755329, 0.96653085947, 0.79222214222, 0.0320793271271, -0.0727611940299
0.260164678097, 0.371922522783, 0.682955503464, 2.51537060738, 3.13901519775, 1.41745662689, 0.964383423328, 0.79040312767, 0.032366759803, 0.0
0.261599928141, 0.374320209026, 0.68593531847, 2.52732086182, 3.13288831711, 1.41445338726, 0.962218880653, 0.788607597351, 0.0326004399917, -2.22044604925e-16
0.26339545846, 0.376720309258, 0.689737260342, 2.54031944275, 3.12641763687, 1.41141450405, 0.96007245779, 0.78716981411, 0.0328973267218, 2.22044604925e-16
0.265189737082, 0.379131168127, 0.693551421165, 2.55311489105, 3.12010884285, 1.40839672089, 0.957923054695, 0.785375058651, 0.0331996685389, 0.0
0.267002791166, 0.381578505039, 0.697420358658, 2.56580018997, 3.11397767067, 1.40540719032, 0.955761253834, 0.783559441566, 0.0335076171302, 0.0
0.268795758486, 0.383491128683, 0.701188325882, 2.57847833633, 3.10888528824, 1.40237224102, 0.953615307808, 0.781776964664, 0.0338213298576, 0.0
0.270591169596, 0.385909050703, 0.705021560192, 2.59117364883, 3.10260772705, 1.39941334724, 0.951915204525, 0.779974281788, 0.0341409700247, 0.0
0.272386610508, 0.388312518597, 0.708792984486, 2.60107493401, 3.09634137154, 1.39634621143, 0.949737906456, 0.778188467026, 0.0344667073511, -2.22044604925e-16
0.274196535349, 0.390756189823, 0.71268850565, 2.61462569237, 3.08970212936, 1.39325082302, 0.947546422482, 0.776368379593, 0.0347987177031, -2.22044604925e-16
0.275636762381, 0.393176108599, 0.716539740562, 2.62798118591, 3.08302974701, 1.39079928398, 0.945382595062, 0.774580657482, 0.0350689652688, 0.0
0.277426540852, 0.395615577698, 0.720439493656, 2.64157342911, 3.07618165016, 1.38768684864, 0.94318562746, 0.772779941559, 0.0354127327729, 0.0
0.279231458902, 0.398042947054, 0.723549962044, 2.65524411201, 3.06955623627, 1.38460278511, 0.941010117531, 0.771334409714, 0.0357633037308, 0.0
0.281036019325, 0.400467246771, 0.727394580841, 2.66829895973, 3.06302857399, 1.38153421879, 0.938847005367, 0.769533514977, 0.0358291169328, -0.00029104477612
0.282832711935, 0.402901291847, 0.731245338917, 2.68114304543, 3.05803203583, 1.37851154804, 0.936698198318, 0.767747461796, 0.0361909618803, 0.0
0.284645408392, 0.405324965715, 0.735095918179, 2.69459319115, 3.05136990547, 1.37538790703, 0.934499979019, 0.765940904617, 0.0365601867822, 0.0
0.286429911852, 0.407272845507, 0.739061892033, 2.70925569534, 3.04406714439, 1.37219834328, 0.932715833187, 0.764147043228, 0.0372273007748, 0.00029104477612
0.28823274374, 0.409740000963, 0.721000492573, 2.72067046165, 3.03708744049, 1.36909687519, 0.930544674397, 0.762355864048, 0.037614992671, 0.0
0.290018111467, 0.412148624659, 0.699911832809, 2.73652434349, 3.03058052063, 1.36601352692, 0.928356230259, 0.760540187359, 0.0380108406046, 0.0
0.291840970516, 0.414603948593, 0.697624802589, 2.7471075058, 3.0241792202, 1.36299979687, 0.926203608513, 0.758728384972, 0.0384151045564, 0.0
0.293295681477, 0.417047262192, 0.701502382755, 2.76012277603, 3.01782131195, 1.36053776741, 0.923982739449, 0.756899833679, 0.0387447570691, 0.0
0.295123815536, 0.419491291046, 0.705317437649, 2.77257943153, 3.01150679588, 1.35751545429, 0.921840250492, 0.755096435547, 0.111714580792, 0.0727611940299
0.296927243471, 0.421917945147, 0.708394885063, 2.78553056717, 3.00512576103, 1.3544741869, 0.919681251049, 0.753296613693, 0.112930184778, 0.0
0.29872739315, 0.424320369959, 0.71220356226, 2.79908204079, 2.99979138374, 1.35134530067, 0.917499184608, 0.751860678196, 0.114172418289, 0.0
0.300520628691, 0.426773160696, 0.716101765633, 2.81220364571, 2.99333286285, 1.34833431244, 0.915341079235, 0.750058352947, 0.115442162091, 0.0
0.302333235741, 0.428718537092, 0.720005452633, 2.82545661926, 2.98681521416, 1.34524559975, 0.913147926331, 0.748251259327, 0.116740336038, 0.0
0.30413082242, 0.431149274111, 0.723809957504, 2.83831834793, 2.98048305511, 1.34230315685, 0.911463499069, 0.746464729309, 0.0446391890767, -0.0727611940299
0.305928617716, 0.433555305004, 0.727584123611, 2.85076403618, 2.97436666489, 1.33929252625, 0.90930891037, 0.744663119316, 0.045150739143, 0.0
0.307726860046, 0.435958683491, 0.731386482716, 2.86064887047, 2.96820616722, 1.33629631996, 0.907152295113, 0.742847561836, 0.0456741412588, 2.22044604925e-16
0.309178382158, 0.438383847475, 0.735234558582, 2.87366199493, 2.96194386482, 1.33327078819, 0.904991269112, 0.741039633751, 0.0461016756137, -2.22044604925e-16
0.310985743999, 0.440809577703, 0.739075183868, 2.8861746788, 2.95574760437, 1.33085727692, 0.902794718742, 0.739222586155, 0.0463553247748, -0.00029104477612
0.312802821398, 0.443258672953, 0.742151200771, 2.89947748184, 2.94915175438, 1.32776176929, 0.900627613068, 0.737404286861, 0.0469106809174, 0.0
0.314623296261, 0.443991839886, 0.746042966843, 2.91241240501, 2.94279956818, 1.3247282505, 0.898451209068, 0.735951900482, 0.0474794950891, 0.0
0.316436856985, 0.428353518248, 0.749897241592, 2.92557573318, 2.93626022339, 1.32165062428, 0.89628046751, 0.73414683342, 0.048062262104, 2.22044604925e-16
0.318236589432, 0.416984796524, 0.753748357296, 2.93884420395, 2.93105602264, 1.31860542297, 0.894119143486, 0.732361793518, 0.0486595015629, 0.0
0.320037007332, 0.418945103884, 0.757668554783, 2.9525411129, 2.92433857918, 1.31550598145, 0.892369747162, 0.730541586876, 0.0492717586541, 0.0
0.321844995022, 0.421378165483, 0.761511802673, 2.9630253315, 2.91792201996, 1.31244719028, 0.890201926231, 0.728727936745, 0.0501893782947, 0.000291044776119
0.323651045561, 0.42381426692, 0.76539170742, 2.97643756866, 2.91148257256, 1.30940246582, 0.888026297092, 0.726930737495, 0.0508371397091, 0.0
0.325101017952, 0.426250427961, 0.769261717796, 2.98934459686, 2.90502333641, 1.30633282661, 0.885841488838, 0.725124835968, 0.0513675025189, -2.22044604925e-16
0.326907634735, 0.42868873477, 0.773100614548, 3.00239849091, 2.89859580994, 1.30327355862, 0.88366407156, 0.723662376404, 0.0520462087903, 0.0
0.328743457794, 0.43116530776, 0.777051150799, 3.01600313187, 2.89197826385, 1.30078053474, 0.881475567818, 0.721483826637, 0.052743073512, 0.0
0.330550253391, 0.433580607176, 0.780081987381, 3.02879309654, 2.88565325737, 1.2977604866, 0.879321277142, 0.720049440861, 0.0534588345902, 0.0
0.332343369722, 0.4359985888, 0.783918023109, 3.04175710678, 2.88054513931, 1.29470038414, 0.877583265305, 0.718242108822, 0.0541942704221, 0.0
0.334158837795, 0.437968701124, 0.787823140621, 3.05297255516, 2.87390089035, 1.29168069363, 0.875402152538, 0.716423630714, 0.054950202709, 0.0
0.335975766182, 0.440395265818, 0.791643798351, 3.06527996063, 2.86775302887, 1.28863966465, 0.873245060444, 0.714621722698, 0.0557274995069, 0.0
0.337413758039, 0.44283619523, 0.795507729053, 3.08120417595, 2.86120295525, 1.28556680679, 0.87106347084, 0.71279501915, 0.0563653343436, 0.0
0.339241653681, 0.445281475782, 0.799374461174, 3.0915813446, 2.85478758812, 1.28310549259, 0.868880212307, 0.710980474949, 0.0571834355884, 0.0
0.316720873117, 0.447708487511, 0.803269147873, 3.10482621193, 2.84822583199, 1.28002369404, 0.866682946682, 0.709170818329, 0.130362248095, 0.0727611940299
0.317870557308, 0.450156629086, 0.806349217892, 3.11780834198, 2.84199142456, 1.27701926231, 0.864541947842, 0.707367837429, 0.131996812903, -0.000291044776119
0.319673091173, 0.452586829662, 0.810207426548, 3.13107204437, 2.83544325829, 1.2739366293, 0.862353861332, 0.705919265747, 0.133979501838, 2.22044604925e-16
0.321488171816, 0.455026209354, 0.814078986645, 3.14429426193, 2.82906460762, 1.27090001106, 0.860180974007, 0.704103171825, 0.13602228866, 2.22044604925e-16
0.323295861483, 0.457454204559, 0.817920386791, 3.15764212608, 2.82375216484, 1.26778888702, 0.857975304127, 0.702275454998, 0.0643058798656, -0.0727611940299
0.325133830309, 0.459969162941, 0.821919381618, 3.17086434364, 2.81727600098, 1.26472985744, 0.85579419136, 0.700448513031, 0.0653115797018, 2.22044604925e-16
0.326957255602, 0.461898893118, 0.825707018375, 3.1826467514, 2.81140756607, 1.26177561283, 0.8540776968, 0.698621690273, 0.0663491893248, 0.0
0.32878485322, 0.464325845242, 0.829498291016, 3.19500565529, 2.80529308319, 1.25875484943, 0.851909220219, 0.696799039841, 0.067420249567, 0.0
0.330603182316, 0.466753810644, 0.83332490921, 3.20492696762, 2.79916024208, 1.25575637817, 0.849747419357, 0.694983243942, 0.0685264019281, 0.0
0.332054138184, 0.469190955162, 0.83716070652, 3.21760439873, 2.79283380508, 1.25331020355, 0.847568392754, 0.693161666393, 0.0694377625931, -4.4408920985e-16
0.333876162767, 0.471643477678, 0.841046690941, 3.23082685471, 2.78638124466, 1.25024843216, 0.845389902592, 0.691348314285, 0.0706115711514, 0.0
0.335689485073, 0.474067687988, 0.8448548913, 3.24315214157, 2.78034257889, 1.24726366997, 0.843220293522, 0.68953025341, 0.0718256778884, 0.0
0.337508499622, 0.476531326771, 0.848025918007, 3.25721049309, 2.77339911461, 1.24409997463, 0.841009557247, 0.687709152699, 0.0730821905006, 0.0
0.339331448078, 0.478991597891, 0.85193926096, 3.27085351944, 2.76809453964, 1.24099612236, 0.838807880878, 0.686257183552, 0.0746717607083, 0.00029104477612
0.341161340475, 0.48100143671, 0.85592353344, 3.28484892845, 2.76130771637, 1.23791515827, 0.837066352367, 0.684433877468, 0.076025187389, -2.22044604925e-16
0.342972546816, 0.483411937952, 0.859735548496, 3.2973947525, 2.7551138401, 1.23486590385, 0.834889829159, 0.682616710663, 0.0774284815843, -2.22044604925e-16
0.344787329435, 0.485848546028, 0.863577604294, 3.30768179893, 2.74870371819, 1.23179423809, 0.832704782486, 0.680798590183, 0.0788844452567, -2.22044604925e-16
0.346606999636, 0.488293409348, 0.867415904999, 3.32021188736, 2.74263739586, 1.22879624367, 0.830543637276, 0.678980529308, 0.0803960934439, 0.0
0.348060786724, 0.490726351738, 0.871275126934, 3.33319759369, 2.73621225357, 1.2263674736, 0.828378796577, 0.677166879177, 0.0816476803639, 0.0
0.349873691797, 0.493149220943, 0.875066936016, 3.34535336494, 2.73016309738, 1.2233877182, 0.826221168041, 0.675354778767, 0.0832679222344, 0.0
0.351685643196, 0.495582461357, 0.878926992416, 3.35830163956, 2.72377920151, 1.22033643723, 0.824046492577, 0.673536837101, 0.0846591335564, -0.000291044776119
0.353503584862, 0.498031020164, 0.88281750679, 3.3716673851, 2.71855998039, 1.21727466583, 0.821868181229, 0.671721637249, 0.0864081703985, 0.0
0.355318903923, 0.500480413437, 0.885925650597, 3.38475775719, 2.71087288857, 1.21421146393, 0.819683790207, 0.670265257359, 0.0882308095818, 0.0
0.357138067484, 0.50243127346, 0.889806091785, 3.39797663689, 2.70452594757, 1.21116280556, 0.817515194416, 0.668446481228, 0.0901317840107, 0.0
0.35895845294, 0.504869699478, 0.893650770187, 3.40813112259, 2.69933843613, 1.20806598663, 0.815747618675, 0.666625738144, 0.0921162400811, 0.0
0.360780149698, 0.507336497307, 0.897565484047, 3.4217543602, 2.69268727303, 1.20498931408, 0.813559293747, 0.664803564548, 0.0941897837061, 0.0
0.362603992224, 0.509790956974, 0.901454508305, 3.43498706818, 2.68618869781, 1.2018930912, 0.81136494875, 0.662986636162, 0.153253965448, 0.0582089552239
0.364057451487, 0.512245118618, 0.905379891396, 3.44866394997, 2.67970848083, 1.19944620132, 0.809185087681, 0.661161959171, 0.170995671484, 0.014552238806
0.366246372461, 0.514691889286, 0.909210503101, 3.46113848686, 2.6735162735, 1.1958142519, 0.807015419006, 0.659345507622, 0.160901216015, -0.014552238806
0.367698609829, 0.517131686211, 0.913072228432, 3.47406840324, 2.66717815399, 1.19339501858, 0.804838657379, 0.657526671886, 0.178961305194, 0.014552238806
0.369516998529, 0.519560217857, 0.916127979755, 3.48676156998, 2.66086816788, 1.19035029411, 0.8026714921, 0.656074762344, 0.108391743764, -0.0727611940299
0.371332108974, 0.522007703781, 0.920004367828, 3.49986481667, 2.65573120117, 1.18730008602, 0.800498187542, 0.654263556004, 0.111122399395, 0.0
0.373141586781, 0.523956358433, 0.923871159554, 3.51307368279, 2.64799070358, 1.18423056602, 0.798308134079, 0.652440726757, 0.113993582869, 0.0
0.374965906143, 0.526413619518, 0.92777043581, 3.5269112587, 2.64260053635, 1.18112003803, 0.796122193336, 0.65062969923, 0.117016377457, 0.0
0.376778662205, 0.528866171837, 0.931691527367, 3.54027533531, 2.63609862328, 1.17806017399, 0.794373452663, 0.648813426495, 0.120203057515, 0.0
0.378599882126, 0.531319916248, 0.935579895973, 3.55080461502, 2.62964558601, 1.17497718334, 0.792178869247, 0.64698600769, 0.123851381454, 0.00029104477612
0.380061268806, 0.533782601357, 0.939491808414, 3.56427145004, 2.62309479713, 1.17189705372, 0.789988219738, 0.645159482956, 0.126686996038, -2.22044604925e-16
0.381888121367, 0.536236703396, 0.943387031555, 3.57753539085, 2.61658978462, 1.16880583763, 0.787797510624, 0.643345832825, 0.13041842114, 0.0
0.38370424509, 0.538698852062, 0.947318315506, 3.59132218361, 2.60998415947, 1.16632807255, 0.785599589348, 0.64151763916, 0.134374962707, 0.0
0.385533213615, 0.54116410017, 0.950443089008, 3.60471129417, 2.61361718178, 1.16547811031, 0.788400828838, 0.641511201859, 0.13944919569, 0.0
0.384795725346, 0.523056685925, 0.892144739628, 2.71181702614, 3.0886054039, 1.28148436546, 0.836523413658, 0.64515298605, 0.193135558447, 0.0520970149254
0.380468189716, 0.484956800938, 0.777198135853, 1.97358202934, 3.950776577, 1.41314172745, 0.869284629822, 0.647474706173, 0.237815997387, 0.0442388059701
0.378317505121, 0.478566139936, 0.759479880333, 1.94184267521, 3.93125510216, 1.41433250904, 0.869863986969, 0.64844429493, 0.267050009532, 0.0227014925373
0.377354562283, 0.477702796459, 0.758551299572, 1.94094204903, 3.90694832802, 1.41568517685, 0.870974898338, 0.649426758289, 0.276003784458, 0.0
0.376390278339, 0.476579964161, 0.757017612457, 1.9385778904, 3.88257217407, 1.41735947132, 0.872155606747, 0.650352418423, 0.285561856215, 0.0
0.375476002693, 0.475469827652, 0.75546091795, 1.93453931808, 3.85817193985, 1.41911315918, 0.873077213764, 0.651244223118, 0.295785601245, 0.0
0.374761730433, 0.474368005991, 0.753864347935, 1.93162727356, 3.83376383781, 1.42088806629, 0.874242603779, 0.652149200439, 0.304490388189, 4.4408920985e-16
0.373857468367, 0.473266661167, 0.752270340919, 1.92805874348, 3.80936288834, 1.42233479023, 0.875423789024, 0.653062522411, 0.316094369487, 0.0
0.372943758965, 0.472141444683, 0.750995874405, 1.92449045181, 3.78491687775, 1.42412531376, 0.876627027988, 0.653797507286, 0.328584605719, 0.0
0.372033834457, 0.471022635698, 0.749374985695, 1.92067694664, 3.76043868065, 1.42597687244, 0.877806305885, 0.654705405235, 0.342062275327, 0.0
0.371125161648, 0.469894737005, 0.747750639915, 1.91701197624, 3.73600935936, 1.427780509, 0.878961622715, 0.655600368977, 0.356322373249, -0.000291044776119
0.3702224195, 0.468793600798, 0.746173262596, 1.91346406937, 3.71649575233, 1.42958390713, 0.880142211914, 0.656502246857, 0.372127122109, 0.0
0.369316995144, 0.467903077602, 0.744544148445, 1.90973711014, 3.69203686714, 1.43138027191, 0.881101131439, 0.657419860363, 0, 0.0
0.368410199881, 0.466783046722, 0.742950081825, 1.90590453148, 3.66761493683, 1.43323588371, 0.88229316473, 0.658318996429, 0, 0.0
0.367505311966, 0.465660244226, 0.741326510906, 1.90298378468, 3.6431427002, 1.43504559994, 0.88347697258, 0.659224748611, 0, 0.0727611940299
0.366598069668, 0.464542299509, 0.739702343941, 1.89926052094, 3.61869931221, 1.43688619137, 0.884667396545, 0.660133361816, 0, 0.0
0.365871340036, 0.463429659605, 0.7381067276, 1.89569044113, 3.59428191185, 1.4386395216, 0.885829508305, 0.66104477644, 0, -2.22044604925e-16
0.364960283041, 0.462314933538, 0.736497759819, 1.89193785191, 3.56983041763, 1.44051539898, 0.887035191059, 0.661947846413, 0, -0.0727611940299
0.364057064056, 0.461198151112, 0.73488754034, 1.88824176788, 3.54537773132, 1.44200968742, 0.888222455978, 0.662660121918, 0, 0.0
0.363171309233, 0.460094988346, 0.733605861664, 1.88474106789, 3.52098464966, 1.44368159771, 0.889367461205, 0.663557946682, 0, 0.0
0.362270057201, 0.458996683359, 0.732042431831, 1.88115048409, 3.49653077126, 1.44550037384, 0.890538573265, 0.664460778236, 0, 0.0
0.361365556717, 0.457893997431, 0.730459749699, 1.87750732899, 3.47700071335, 1.4473335743, 0.891732633114, 0.665371179581, 0, 0.0
0.36045217514, 0.4569850564, 0.728846490383, 1.87384021282, 3.45255851746, 1.44912838936, 0.892676472664, 0.666271150112, 0, 0.0
0.359547704458, 0.45587477088, 0.727222144604, 1.87029409409, 3.4281578064, 1.45088279247, 0.893837809563, 0.66699886322, 0, 0.0
0.358827084303, 0.454769521952, 0.72596269846, 1.86739110947, 3.40372109413, 1.45227372646, 0.894971013069, 0.667895138264, 0, 0.0
0.357929944992, 0.453908264637, 0.724436581135, 1.8649187088, 3.38421082497, 1.4539757967, 0.895909667015, 0.668799698353, 0, 0.0
0.357023358345, 0.452787816525, 0.722822964191, 1.8604092598, 3.35486555099, 1.45582723618, 0.897101044655, 0.669524371624, 0, 0.00029104477612
0.356482595205, 0.451911866665, 0.721557617188, 1.85760581493, 3.34020709991, 1.45720398426, 0.898028194904, 0.6704236269, 0, -4.4408920985e-16
0.355584293604, 0.45019364357, 0.71887999773, 1.85858047009, 3.31901216507, 1.45889830589, 0.900903522968, 0.673164725304, 0, 0.0
0.352995634079, 0.448075562716, 0.716739177704, 1.84837627411, 3.29999279976, 1.46141648293, 0.9006690979, 0.672304809093, 0, -0.000291044776119
0.353733509779, 0.448771685362, 0.717211306095, 1.84807109833, 3.2765314579, 1.46189880371, 0.901409745216, 0.672924399376, 0, 0.000291044776119
0.352919995785, 0.447792440653, 0.715707302094, 1.84489667416, 3.25215220451, 1.46360886097, 0.902561962605, 0.673811793327, 0, 0.0
0.352018505335, 0.446684092283, 0.714139640331, 1.84122645855, 3.22766041756, 1.46547114849, 0.90352076292, 0.674707233906, 0, 0.0
0.351123422384, 0.445578604937, 0.712524235249, 1.83764398098, 3.20322442055, 1.46715784073, 0.904654979706, 0.67560005188, 0, 0.0
0.350230932236, 0.444487959146, 0.710970759392, 1.83491694927, 3.17878174782, 1.4688822031, 0.905801951885, 0.676493227482, 0, 0.0
0.349517196417, 0.443411976099, 0.709481716156, 1.83185517788, 3.15432262421, 1.4701513052, 0.906918823719, 0.677384197712, 0, 0.0
0.348627448082, 0.442325174809, 0.708213865757, 1.82825446129, 3.1298584938, 1.47192656994, 0.908075749874, 0.678101301193, 0, 0.0
0.34773504734, 0.441233128309, 0.706655144691, 1.82483029366, 3.11038470268, 1.47360098362, 0.90919983387, 0.678987026215, 0, 0.0
0.346846461296, 0.440373212099, 0.705940544605, 1.83946287632, 3.08502101898, 1.46686768532, 0.907727718353, 0.680031597614, 0, 0.0
0.345871210098, 0.440400421619, 0.707385361195, 1.84337604046, 3.05807805061, 1.46813189983, 0.908793389797, 0.680881857872, 0, -0.00291044776119
