1.16773438454, 1.49312365055, 3.38213586807, 3.00535440445, 3.001963377, 1.18470513821, 0.748872339725, 0.576112568378, -1.15442772729, -0.000291044776119
1.16777873039, 1.49381732941, 3.35342144966, 2.9805316925, 2.97779154778, 1.18299937248, 0.748210430145, 0.576120853424, -1.15661397156, 2.5890747879e-16
1.16776776314, 1.49505281448, 3.32994818687, 2.95549702644, 2.95386695862, 1.1805062294, 0.747393369675, 0.576302826405, -1.16026706427, 0.0
1.16757440567, 1.49731683731, 3.29887056351, 2.93026947975, 2.93015980721, 1.17721986771, 0.74651157856, 0.576309859753, -1.16363342529, 0.000291044776119
1.16759991646, 1.49857723713, 3.26981163025, 2.91030359268, 2.9106631279, 1.17519259453, 0.745690762997, 0.57616007328, -1.16730930286, 0.0
1.16772091389, 1.50018787384, 3.24018931389, 2.88018965721, 2.88664102554, 1.17281937599, 0.745081663132, 0.576175093651, -1.17099675357, 0.0
1.16770493984, 1.50095653534, 3.21156716347, 2.8603489399, 2.86219596863, 1.17191457748, 0.744773685932, 0.575994968414, -1.17469573141, 0.0
1.1678879261, 1.50148785114, 3.18390107155, 2.83089137077, 2.83772563934, 1.17122113705, 0.744413614273, 0.575786590576, -1.17840618882, 0.0
1.16805648804, 1.50188314915, 3.15635752678, 2.81122231483, 2.81317448616, 1.17082250118, 0.744130373001, 0.575588464737, -1.18138278709, 0.0
1.16825318336, 1.50216913223, 3.12900304794, 2.78673386574, 2.78863024712, 1.17035877705, 0.743866682053, 0.575372040272, -1.18511378289, 0.0
1.16847002506, 1.50241017342, 3.10168004036, 2.7622256279, 2.7689769268, 1.17004919052, 0.743587553501, 0.575166285038, -1.18885611678, 0.0
1.16867554188, 1.50274074078, 3.07977080345, 2.73770928383, 2.73951601982, 1.1695548296, 0.743281722069, 0.574983716011, -1.1926097352, 0.0
1.16889476776, 1.50308692455, 3.05236291885, 2.71319031715, 2.71988606453, 1.16914761066, 0.743025362492, 0.574780762196, -1.19637458302, 0.0
1.16909325123, 1.50331282616, 3.02502965927, 2.68869066238, 2.69532060623, 1.16874098778, 0.742755413055, 0.574576854706, -1.20043408481, -0.000291044776119
1.16930377483, 1.50355446339, 2.99766373634, 2.66906619072, 2.67075014114, 1.16833806038, 0.742490231991, 0.574359476566, -1.20422162145, 4.93311988481e-18
1.16951477528, 1.50382220745, 2.97030949593, 2.6396522522, 2.64618349075, 1.16794526577, 0.742244362831, 0.574156701565, -1.20802020539, 4.93311988481e-18
1.16972386837, 1.50402748585, 2.94309449196, 2.62009191513, 2.62160968781, 1.16766786575, 0.742058038712, 0.573952257633, -1.21182977492, -4.33680868994e-19
1.16993427277, 1.50429141521, 2.91572833061, 2.59066748619, 2.59705257416, 1.16728031635, 0.741752326488, 0.5737439394, -1.21565026673, -4.33680868994e-19
1.17013514042, 1.50449943542, 2.88846302032, 2.57108044624, 2.57248878479, 1.16695618629, 0.741553544998, 0.573537707329, -1.21948161585, -4.33680868994e-19
1.17035484314, 1.50479674339, 2.86110520363, 2.54166316986, 2.54791903496, 1.16654205322, 0.741286873817, 0.573334693909, -1.22332375566, -4.33680868994e-19
1.17055392265, 1.5050829649, 2.83372473717, 2.52205705643, 2.52337121964, 1.16610956192, 0.740999937057, 0.573107302189, -1.2271766179, -4.33680868994e-19
1.17073357105, 1.50537014008, 2.80633831024, 2.49753284454, 2.49882411957, 1.16556513309, 0.740677952766, 0.572899639606, -1.23026658091, -5.1700180595e-16
1.17094135284, 1.5057169199, 2.77893185616, 2.47301197052, 2.47918319702, 1.16525876522, 0.740410983562, 0.572733223438, -1.23413856623, 8.13151629364e-19
1.17114460468, 1.50602626801, 2.75702381134, 2.4484910965, 2.44974446297, 1.16474735737, 0.74012285471, 0.572479069233, -1.23772225406, 0.00029104477612
1.17136073112, 1.50631248951, 2.72966909409, 2.42399859428, 2.4300839901, 1.16439926624, 0.73985606432, 0.572303593159, -1.24161480158, 0.0
1.17157816887, 1.50660324097, 2.70231342316, 2.39947128296, 2.40552377701, 1.16388118267, 0.739551603794, 0.572090625763, -1.24551772876, 0.0
1.1717941761, 1.50689661503, 2.67488741875, 2.37985181808, 2.38098359108, 1.16335678101, 0.739290177822, 0.571863770485, -1.24551772876, 0.0
1.17201006413, 1.50723934174, 2.64748048782, 2.3553352356, 2.35642766953, 1.1629383564, 0.739018201828, 0.571656525135, -1.24943095781, 0.0
1.17223227024, 1.50749087334, 2.62017393112, 2.33082437515, 2.33676290512, 1.16270434856, 0.738776504993, 0.571440935135, -1.25363759697, -0.000291044776119
1.17239904404, 1.50775551796, 2.59281587601, 2.30631971359, 2.30730605125, 1.16212689877, 0.738475978374, 0.571214497089, -1.2567839454, 0.0
1.1726244688, 1.50811874866, 2.56542539597, 2.2817928791, 2.28275060654, 1.16178274155, 0.738172709942, 0.571003317833, -1.26072593642, 0.0
1.17283380032, 1.50839793682, 2.53805327415, 2.25727558136, 2.25820183754, 1.16130256653, 0.737892866135, 0.570785999298, -1.26467791033, 0.0
1.17305064201, 1.50877094269, 2.51610064507, 2.23274540901, 2.23365163803, 1.16073834896, 0.737570047379, 0.570599973202, -1.26863978121, 0.0
1.17328119278, 3.30845355988, 2.48871827126, 2.2082362175, 2.2090909481, 1.16031694412, 0.737290203571, 0.570341587067, -1.27261146144, 2.5890747879e-16
1.17349493504, 3.27259778976, 2.46135640144, 2.18862247467, 2.18944501877, 1.15986585617, 0.73705124855, 0.570170581341, -1.27659286173, 0.0
1.17371892929, 3.24392843246, 2.43400502205, 2.15920686722, 2.16487145424, 1.15948808193, 0.736795246601, 0.569948554039, -1.28298309226, 0.0
1.17389178276, 3.21298313141, 2.41960453987, 2.14637088776, 2.14474368095, 1.22213876247, 0.757685661316, 0.572544574738, -1.23859926137, 0.0459850746269
1.16942691803, 1.43845534325, 2.51804900169, 2.17642378807, 2.12599420547, 1.41689658165, 0.818764328957, 0.578745961189, -1.22404702256, 0.014552238806
1.16823256016, 1.37910950184, 2.56934714317, 2.17452287674, 2.10745310783, 1.46311688423, 0.834295392036, 0.581604003906, -1.17697460585, 0.0491865671642
1.16611480713, 1.37564063072, 2.5398683548, 2.14946341515, 2.07836103439, 1.46790266037, 0.837478458881, 0.584136605263, -1.18006534036, -5.13478148889e-16
1.16300952435, 1.37306511402, 2.50995826721, 2.12431049347, 2.0541768074, 1.47349834442, 0.840703308582, 0.586641013622, -1.18471622615, 5.13478148889e-16
1.16097426414, 1.37033188343, 2.48056364059, 2.09932422638, 2.03004670143, 1.47876739502, 0.844081878662, 0.589189946651, -1.1878266294, -5.27355936697e-16
1.15841019154, 1.36740684509, 2.45138096809, 2.07439780235, 2.00586128235, 1.48318099976, 0.847533106804, 0.591715872288, -1.19172561907, 0.0
1.15588104725, 1.36447036266, 2.42808413506, 2.04948616028, 1.98166131973, 1.48878240585, 0.850992798805, 0.593737304211, -1.19562108884, 0.0
1.15334498882, 3.43686819077, 2.39895796776, 2.02955245972, 1.96230471134, 1.49443399906, 0.854481339455, 0.596272349358, -1.19954426448, 0.0
1.15081846714, 3.40416908264, 2.36987996101, 1.9996753931, 1.93810522556, 1.50010180473, 0.857272565365, 0.598800420761, -1.20347946058, 0.0
1.14828813076, 3.36331963539, 2.34082245827, 1.97976434231, 1.91390502453, 1.50583195686, 0.860769212246, 0.601329982281, -1.20742661004, 0.0
1.14575278759, 3.32247304916, 2.31172847748, 1.95485317707, 1.88969039917, 1.51146793365, 0.864249944687, 0.603855609894, -1.21138564384, 0.0
1.14373242855, 3.28158354759, 2.28265380859, 1.92994976044, 1.86548936367, 1.51605558395, 0.867745816708, 0.606387138367, -1.21774463966, 5.13478148889e-16
1.14120495319, 3.24081373215, 2.25940918922, 1.90713226795, 1.84592521191, 1.54051184654, 0.885875582695, 0.611301362514, -1.21854162567, 0.0
1.14124953747, 3.44462442398, 2.32594680786, 1.9369020462, 1.84499168396, 1.81724083424, 0.970278561115, 0.621014297009, -1.15690852472, 0.0631567164179
1.14810693264, 1.25736403465, 2.44413137436, 1.96184015274, 1.82639610767, 1.9007281065, 1.00986480713, 0.629539012909, -1.1193313129, 0.0384179104478
1.14577710629, 1.250202775, 2.42256188393, 1.93637955189, 1.80735301971, 1.87677919865, 1.01601707935, 0.634610891342, -1.11420166497, 0.00873134328358
1.1401848793, 1.24548888206, 2.38842773438, 1.91015744209, 1.7836741209, 1.85276162624, 1.02286732197, 0.639701426029, -1.18887560024, -0.0727611940299
1.13481318951, 3.70412898064, 2.35648012161, 1.88972258568, 1.75992298126, 1.82824254036, 1.03070306778, 0.644907772541, -1.19283698038, 0.0
1.12956821918, 3.65604639053, 2.3253133297, 1.86438322067, 1.73615550995, 1.80360853672, 1.03707695007, 0.650137007236, -1.19681086118, 0.0
1.12433707714, 3.60849070549, 2.29428195953, 1.83908689022, 1.71238660812, 1.78389275074, 1.04505181313, 0.655365109444, -1.1260412745, 0.0727611940299
1.11909997463, 3.56090211868, 2.2632522583, 1.81379175186, 1.68861162663, 1.75429844856, 1.05308747292, 0.660598814487, -1.12991108403, 0.0
1.11491775513, 3.51346683502, 2.23845458031, 1.78850030899, 1.66484224796, 1.73458302021, 1.06104326248, 0.665496110916, -1.13535263835, -2.49800180541e-16
1.11017143726, 3.506762743, 2.24183440208, 1.78303527832, 1.65530014038, 1.71029090881, 1.12914156914, 0.67927056551, -1.07277321264, 0.0640298507463
1.12086296082, 3.99744057655, 2.37031435966, 1.84122884274, 1.65943002701, 1.67639279366, 1.26131701469, 0.696865916252, -1.07277321264, 0.0
1.13222169876, 1.14309155941, 2.4553155899, 1.84441757202, 1.63977766037, 1.6508513689, 1.28261446953, 0.705860257149, -1.02471060214, 0.0500597014925
1.12398719788, 1.1355574131, 2.41804599762, 1.8174469471, 1.62102437019, 1.62784421444, 1.29468381405, 0.713654577732, -1.02839802098, 0.0
1.11570215225, 5.0, 2.38324856758, 1.79127168655, 1.59773170948, 1.60458707809, 1.30794394016, 0.721638977528, -1.03210190266, 0.0
1.10753166676, 5.0, 2.34944248199, 1.77061867714, 1.57452905178, 1.58130419254, 1.31908845901, 0.729727745056, -1.03582225538, 0.0
1.09941923618, 5.0, 2.31596970558, 1.74486100674, 1.55132210255, 1.55796229839, 1.33304309845, 0.737817823887, -1.03955908556, 0.0
1.09132277966, 5.0, 2.28257083893, 1.71913778782, 1.52813410759, 1.53929567337, 1.34699976444, 0.74588996172, -1.04331239791, 0.0
1.08484864235, 3.99536824226, 2.24908423424, 1.69338262081, 1.50493884087, 1.51129901409, 1.36093771458, 0.752354264259, -1.0463269169, 0.0
1.07676398754, 3.93802332878, 2.22241449356, 1.66767835617, 1.48174905777, 1.4926251173, 1.37493264675, 0.762054979801, -1.05010990298, 0.0
1.06868040562, 3.88062405586, 2.18235683441, 1.64195978642, 1.45855879784, 1.46928477287, 1.38891541958, 0.770134449005, -1.05390937446, 0.0
1.0605956316, 3.82313728333, 2.15563797951, 1.61623740196, 1.44000542164, 1.44594597816, 1.40289568901, 0.776604175568, -1.05772532891, 0.0
1.05250656605, 3.76567101479, 2.12224054337, 1.59050679207, 1.4121721983, 1.42260789871, 1.41683983803, 0.784680187702, -1.06463842534, -1.11022302463e-16
1.04441738129, 3.71962094307, 2.08882713318, 1.56691801548, 1.39529955387, 1.40294933319, 1.45989322662, 0.794454336166, -1.06540666722, 1.11022302463e-16
1.04948353767, 3.95601511002, 2.18711805344, 1.61538875103, 1.40376210213, 1.38468408585, 1.53080618382, 0.822927296162, -1.03163402798, 0.0352164179104
1.06361794472, 5.0, 2.27270293236, 1.62312972546, 1.39084494114, 1.36182796955, 1.50833368301, 0.834564387798, -0.985084107747, 0.0486044776119
1.05314946175, 5.0, 2.2340657711, 1.59063816071, 1.36789023876, 1.33966338634, 1.48466825485, 0.844516575336, -0.988774001694, 0.0
1.0425555706, 5.0, 2.19713020325, 1.56940579414, 1.34503686428, 1.317278862, 1.46028089523, 0.854724347591, -0.992481902472, 0.0
1.03434348106, 5.0, 2.16168069839, 1.54338204861, 1.32226455212, 1.29933381081, 1.43572556973, 0.86292642355, -0.995461207846, 5.55111512313e-16
1.02408063412, 5.0, 2.12621283531, 1.51732289791, 1.30405282974, 1.27691340446, 1.41116821766, 0.873162746429, -0.999201593928, 0.0
1.0138323307, 5.0, 2.09780263901, 1.49124968052, 1.27672612667, 1.25449240208, 1.38662111759, 0.883398711681, -1.00296006489, 0.0
1.00358355045, 5.0, 2.06231713295, 1.46518111229, 1.25851023197, 1.23206913471, 1.36206674576, 0.893631517887, -1.07760722299, -0.0727611940299
0.993334174156, 5.0, 2.02682995796, 1.43911135197, 1.23573756218, 1.20964324474, 1.33750355244, 0.903869330883, -1.08155656609, 0.0
0.983089327812, 4.00000619888, 1.99137401581, 1.41826581955, 1.21297085285, 1.1872189045, 1.31785273552, 0.913452982903, -1.08711366187, -2.22044604925e-16
0.976941585541, 5.0, 2.00638508797, 1.41517937183, 1.21088171005, 1.17817974091, 1.28519415855, 0.943403840065, -1.04150999723, 0.0471492537313
1.00461733341, 5.0, 2.22978186607, 1.49125099182, 1.23207473755, 1.16980111599, 1.24185061455, 0.983264863491, -1.01240554468, 0.0291044776119
1.01786243916, 5.0, 2.28938269615, 1.49950861931, 1.21646738052, 1.15315914154, 1.21797716618, 0.997071146965, -0.979842692313, 0.0346343283582
1.00432884693, 5.0, 2.24699044228, 1.47188425064, 1.19397842884, 1.13208186626, 1.19629859924, 1.0098375082, -0.983594186601, 0.0
0.990235328674, 5.0, 2.21330690384, 1.44439399242, 1.17155921459, 1.11086976528, 1.17419815063, 1.02045452595, -0.987364507227, 0.0
0.976633071899, 5.0, 2.17357373238, 1.41771280766, 1.15385723114, 1.0897424221, 1.15198767185, 1.03384518623, -0.916495544128, 0.0727611940299
0.963124990463, 5.0, 2.13420963287, 1.39106559753, 1.1316767931, 1.06856000423, 1.12972819805, 1.04728221893, -0.920103558857, 0.0
0.94963747263, 5.0, 2.0950024128, 1.36976850033, 1.10950160027, 1.04737627506, 1.10745537281, 1.06072473526, -0.923731503793, 0.0
0.936177492142, 5.0, 2.05588984489, 1.33786642551, 1.08734023571, 1.02763056755, 1.09096431732, 1.07452976704, -0.92811144307, -2.22044604925e-16
0.935272037983, 5.0, 2.1385140419, 1.36424052715, 1.09969425201, 1.02447199821, 1.06720364094, 1.12664580345, -0.910608554236, 0.0189179104478
0.976291000843, 5.0, 2.46298551559, 1.46381425858, 1.13692975044, 1.0268497467, 1.04410529137, 1.19768595695, -0.823295121401, 0.0873134328358
1.01341617107, 5.0, 2.76255846024, 1.54042077065, 1.14684176445, 1.0138092041, 1.02244138718, 1.22742378712, -0.784358310308, 0.0395820895522
1.00581598282, 5.0, 2.71580767632, 1.51305258274, 1.1253349781, 0.998445153236, 1.00321364403, 1.24581897259, -0.778381283846, 0.0090223880597
0.986666619778, 5.0, 2.67532992363, 1.48460376263, 1.10806107521, 0.979226052761, 0.984055042267, 1.2640465498, -0.781619002761, 0.0
0.967552542686, 5.0, 2.62609696388, 1.45671248436, 1.08245849609, 0.96005320549, 0.964778423309, 1.27893662453, -0.78487798505, 0.0
0.948807477951, 5.0, 2.57857608795, 1.43464612961, 1.06544876099, 0.940889060497, 0.945492625237, 1.29757261276, -0.788158370957, 0.0
0.930075109005, 5.0, 2.53143405914, 1.40163397789, 1.04422903061, 0.921731472015, 0.930053710938, 1.31627571583, -0.791460300732, 0.0
0.911368787289, 5.0, 2.48424649239, 1.37962520123, 1.02299559116, 0.902565181255, 0.910748124123, 1.3349584341, -0.796788549607, -5.55111512313e-16
0.894512951374, 5.0, 2.47986602783, 1.36682379246, 1.01947903633, 0.898766160011, 0.898280620575, 1.33631062508, -0.797265404055, 0.00058208955224
0.936095297337, 3.6009376049, 2.8456530571, 1.45778501034, 1.05687463284, 0.908052146435, 0.889839589596, 1.25045931339, -0.735223347546, 0.0622835820896
0.973492741585, 2.18809843063, 3.32782053947, 1.55106449127, 1.06825339794, 0.895007014275, 0.86981344223, 1.20934677124, -0.690966266532, 0.0454029850746
0.954466462135, 2.32965660095, 3.25911474228, 1.52057051659, 1.05122327805, 0.880679488182, 0.852676033974, 1.18736732006, -0.692185539177, 0.00174626865672
0.929987967014, 2.4884314537, 3.19424533844, 1.49075138569, 1.02619421482, 0.862950146198, 0.835467755795, 1.16403210163, -0.695202445717, 0.0
0.906589567661, 2.62824988365, 3.14794635773, 1.46234273911, 1.0097990036, 0.845269680023, 0.818197667599, 1.1452845335, -0.698241334667, 0.0
0.883284449577, 2.76827049255, 3.09002304077, 1.43390953541, 0.989317476749, 0.827570080757, 0.800928354263, 1.12177336216, -0.745881716055, -0.0436567164179
0.862168312073, 2.76550269127, 3.09446358681, 1.44680011272, 0.987462639809, 0.82700663805, 0.795764863491, 1.07152032852, -0.746038393995, 0.000873134328358
0.913227856159, 1.76851594448, 5.0, 1.62616848946, 1.04857802391, 0.848503649235, 0.795600831509, 1.00571846962, -0.686355401814, 0.0599552238806
0.997401118279, 1.33114778996, 5.0, 1.81240427494, 1.12379944324, 0.873280465603, 0.793732345104, 0.952835202217, -0.613594310159, 0.0727611940299
1.05662477016, 1.10397410393, 5.0, 1.93923544884, 1.1356292963, 0.863889038563, 0.781353294849, 0.935440123081, -0.565296540779, 0.0497686567164
1.02861452103, 1.15392363071, 5.0, 1.9036564827, 1.11543500423, 0.848539352417, 0.767522096634, 0.919579267502, -0.567353030665, -5.55111512313e-16
0.987510800362, 1.20079052448, 5.0, 1.87212526798, 1.09633302689, 0.836542367935, 0.753732144833, 0.903286099434, -0.584754757904, -0.014552238806
0.954141497612, 1.246327281, 5.0, 1.84160995483, 1.08119034767, 0.821522533894, 0.739905238152, 0.886950731277, -0.57260595488, 0.014552238806
0.927526295185, 1.29191410542, 5.0, 1.81116831303, 1.05853629112, 0.80651640892, 0.726065576077, 0.870579898357, -0.575237903813, 0.0
0.894286394119, 1.33750486374, 5.0, 1.78073513508, 1.04340207577, 0.793133199215, 0.715854525566, 0.857981443405, -0.578414067868, 5.55111512313e-16
0.894970238209, 1.22690021992, 5.0, 1.96005618572, 1.11187160015, 0.818067491055, 0.72140789032, 0.822350144386, -0.515410672606, 0.0640298507463
1.00378406048, 1.03159224987, 5.0, 2.30792665482, 1.17799675465, 0.839035749435, 0.71751832962, 0.79452508688, -0.486499087018, 0.0291044776119
1.01495194435, 0.990918159485, 5.0, 2.30755615234, 1.16616106033, 0.825814783573, 0.708325624466, 0.782437860966, -0.466325850169, 0.0221194029851
0.970915198326, 1.02069151402, 5.0, 2.27041077614, 1.14786052704, 0.812519609928, 0.696757137775, 0.769940674305, -0.468542533998, -2.22044604925e-16
0.928112387657, 1.04945397377, 5.0, 2.23649573326, 1.13005208969, 0.799300014973, 0.685107469559, 0.757169663906, -0.47077880593, -2.22044604925e-16
0.894448578358, 1.07200348377, 5.0, 2.20360088348, 1.11585259438, 0.791363656521, 0.675779342651, 0.746941864491, -0.472582086798, 0.0
0.852297782898, 1.10586488247, 5.0, 2.17079758644, 1.09462285042, 0.775513350964, 0.661780834198, 0.731582820415, -0.474845091058, -4.4408920985e-16
0.810104846954, 1.13408887386, 5.0, 2.14462828636, 1.08046364784, 0.762288689613, 0.650115132332, 0.718792498112, -0.47713740605, 0.0
0.767976045609, 1.16225159168, 5.0, 2.10537266731, 1.0592404604, 0.749090075493, 0.638446986675, 0.708548843861, -0.406722904268, 0.0727611940299
0.725801110268, 1.18483698368, 5.0, 2.12275838852, 1.05927228928, 0.751108944416, 0.636835157871, 0.692983210087, -0.407521748838, -6.66133814775e-16
0.786433875561, 1.06186008453, 3.80551767349, 2.66432094574, 1.17257642746, 0.794444978237, 0.651370286942, 0.670442759991, -0.360470040039, 0.0474402985075
0.895757079124, 0.926030993462, 2.8194270134, 3.09563446045, 1.23948287964, 0.804588079453, 0.647576153278, 0.658391237259, -0.299404191471, 0.0617014925373
0.852370798588, 0.938693642616, 2.85758900642, 3.06643080711, 1.22373950481, 0.79154330492, 0.638456463814, 0.649191021919, -0.298257765714, 0.00261940298507
0.806862056255, 0.956228077412, 2.90760207176, 3.02734804153, 1.21084105968, 0.78270727396, 0.629203796387, 0.639796078205, -0.300918053281, 5.39326865958e-05
0.7505646348, 0.973737776279, 2.9331510067, 3.0076482296, 1.20973265171, 0.779232680798, 0.628492295742, 0.630159020424, -0.300971422402, -5.39326865956e-05
0.790673613548, 0.894492983818, 2.34414768219, 5.0, 1.37366938591, 0.832925796509, 0.649586379528, 0.617968261242, -0.23869098777, 0.0628656716418
0.986407697201, 0.795598745346, 1.77625536919, 5.0, 1.52993488312, 0.878012657166, 0.658238351345, 0.609612643719, -0.194843000872, 0.043947761194
1.01021909714, 0.789575576782, 1.7215487957, 5.0, 1.51689553261, 0.869932293892, 0.65165913105, 0.604882657528, -0.17650204823, 0.0192089552239
0.925200760365, 0.797644674778, 1.74298799038, 5.0, 1.50540673733, 0.861493229866, 0.645121157169, 0.598866224289, -0.177413546618, 2.22044604925e-16
0.841275811195, 0.807471454144, 1.76280617714, 5.0, 1.49176120758, 0.853244423866, 0.638636410236, 0.592824816704, -0.178334407743, 2.22044604925e-16
0.757887840271, 0.817131578922, 1.78227174282, 5.0, 1.47822237015, 0.845003008842, 0.633443892002, 0.586767315865, -0.251559588014, -0.0727611940299
0.674592733383, 0.826798200607, 1.80147171021, 5.0, 1.46484959126, 0.8367831707, 0.626947462559, 0.580680847168, -0.253924993479, 0.0
0.608033299446, 0.836450517178, 1.8133546114, 5.0, 1.47619843483, 0.849342107773, 0.629903435707, 0.576369702816, -0.217731665023, 0.036671641791
0.653572559357, 0.783378303051, 1.51726305485, 5.0, 1.72821855545, 0.906818032265, 0.653133153915, 0.570822954178, -0.217731665023, 0.0
0.783730328083, 0.749467432499, 1.43541741371, 5.0, 1.77073538303, 0.914396762848, 0.650216341019, 0.566885352135, -0.171512828343, 0.0468582089552
0.667100250721, 0.755322575569, 1.44398117065, 5.0, 1.76167726517, 0.908383011818, 0.645728766918, 0.563733100891, -0.172130026024, 0.00029104477612
0.548918306828, 0.761260986328, 1.45463550091, 5.0, 1.75044977665, 0.902292966843, 0.641170799732, 0.55972224474, -0.173048154071, 0.0
0.507938206196, 0.765976309776, 1.46503889561, 5.0, 1.73957133293, 0.897931873798, 0.638361334801, 0.556606531143, -0.174162787766, -2.22044604925e-16
0.506503999233, 0.751999378204, 1.35616612434, 5.0, 1.98715090752, 0.976698935032, 0.674970209599, 0.556222558022, -0.125037676248, 0.0494776119403
0.673068523407, 0.69032818079, 1.16629004478, 3.99437022209, 2.41244530678, 1.04216122627, 0.689110279083, 0.555446505547, -0.0853009391891, 0.0398731343284
0.567135810852, 0.681224942207, 1.15751826763, 3.87245488167, 2.40380477905, 1.0369951725, 0.686913967133, 0.554026603699, -0.0764212283011, 0.00931343283582
0.499159127474, 0.684264481068, 1.1636838913, 3.91694021225, 2.38903021812, 1.03316617012, 0.684663593769, 0.552495837212, -0.0767548536861, -6.66133814775e-16
0.499153345823, 0.686599373817, 1.16686034203, 3.93421173096, 2.38205218315, 1.03090131283, 0.682743370533, 0.550952017307, -0.0771759960886, 0.0
0.500562667847, 0.688692748547, 1.17019689083, 3.94569706917, 2.37726926804, 1.02819502354, 0.680849373341, 0.549705445766, -0.0776017761487, 6.66133814775e-16
0.502123475075, 0.690784573555, 1.17349231243, 3.95653986931, 2.37032771111, 1.02552330494, 0.678962230682, 0.547835767269, -0.0783224486852, -0.000291044776119
0.503679156303, 0.692840576172, 1.17667961121, 3.96596169472, 2.36609196663, 1.02291154861, 0.677094042301, 0.546583414078, -0.0787593469709, 0.0
0.505243420601, 0.694927275181, 1.17995750904, 3.97662711143, 2.36032700539, 1.02023482323, 0.675199210644, 0.545018017292, -0.0792011365576, 0.0
0.506809532642, 0.696603238583, 1.18325030804, 3.98741936684, 2.35451793671, 1.017552495, 0.673304975033, 0.543454408646, -0.0793559577653, 0.000291044776119
0.508376121521, 0.699123620987, 1.18656218052, 3.99616384506, 2.34872841835, 1.01487708092, 0.671414315701, 0.54188811779, -0.0798061214338, 0.0
0.509944081306, 0.700792610645, 1.18984413147, 5.0, 2.3429505825, 1.01219546795, 0.669897377491, 0.540321230888, -0.0802614105056, 0.0
0.511508703232, 0.702882170677, 1.19311249256, 5.0, 2.33723807335, 1.00951802731, 0.668005168438, 0.538759708405, -0.080721912824, 0.0
0.513071000576, 0.704965591431, 1.19639074802, 5.0, 2.33144927025, 1.00683915615, 0.666111707687, 0.537191092968, -0.0810941285313, 4.4408920985e-16
0.51432710886, 0.707062184811, 1.19967031479, 5.0, 2.32572793961, 1.00470423698, 0.664218246937, 0.535623133183, -0.00856746960836, 0.0727611940299
0.515894412994, 0.709152281284, 1.20296406746, 5.0, 2.31993746758, 1.00201916695, 0.662327826023, 0.534060239792, -0.0086173355786, 0.0
0.517457842827, 0.710823178291, 1.20556390285, 5.0, 2.31546783447, 0.999359607697, 0.660439133644, 0.532492041588, -0.0086677854095, 0.0
0.519025444984, 0.713324904442, 1.20884120464, 5.0, 2.30971670151, 0.996683597565, 0.658544123173, 0.531238555908, -0.00871882941549, 0.0
0.520594954491, 0.715441703796, 1.21219623089, 5.0, 2.30371594429, 0.993962645531, 0.657014012337, 0.529670774937, -0.00877047815535, 0.0
0.522162377834, 0.717545866966, 1.21552419662, 5.0, 2.29784417152, 0.991255879402, 0.654729127884, 0.528099834919, -0.0815577266392, -0.0727611940299
0.52373456955, 0.719233334064, 1.21885001659, 5.0, 2.29199075699, 0.988554596901, 0.652830421925, 0.526532649994, -0.0820446461681, 0.0
0.52530246973, 0.721320033073, 1.2221044302, 5.0, 2.28633451462, 0.985904157162, 0.651321709156, 0.524965167046, -0.082537401386, 2.22044604925e-16
0.526869893074, 0.723408937454, 1.22538864613, 5.0, 2.28057479858, 0.983230352402, 0.649429678917, 0.523398697376, -0.0830360975923, 0.0
0.528434991837, 0.725498020649, 1.22868645191, 5.0, 2.27594709396, 0.981081426144, 0.64753806591, 0.521838963032, -0.0835408426287, 0.0
0.529683291912, 0.727590322495, 1.23197925091, 5.0, 2.26897668839, 0.97839653492, 0.645639240742, 0.520269274712, -0.0839490679556, -2.22044604925e-16
0.531253874302, 0.729690492153, 1.234618783, 5.0, 2.26326537132, 0.975726187229, 0.643747866154, 0.5187022686, -0.0844649810607, 0.0
0.532821059227, 0.73178088665, 1.23789179325, 5.0, 2.25753593445, 0.973046839237, 0.641849458218, 0.517445623875, -0.0852772529364, -0.000291044776119
0.534392237663, 0.73387247324, 1.24117922783, 5.0, 2.25175213814, 0.970364809036, 0.639957308769, 0.515878677368, -0.0858078073153, 0.0
0.535961866379, 0.735977470875, 1.24448478222, 5.0, 2.24714827538, 0.967678368092, 0.638049840927, 0.51430439949, -0.0863449882213, 0.0
0.537530660629, 0.738080322742, 1.24780392647, 5.0, 2.24127840996, 0.964983105659, 0.636159300804, 0.512740492821, -0.0868889202651, 0.0
0.539098143578, 0.739742159843, 1.25105082989, 5.0, 2.23564910889, 0.962321817875, 0.634647667408, 0.511172652245, -0.0874397311928, 0.0
0.540352106094, 0.741835355759, 1.25434947014, 5.0, 2.22985720634, 0.959638416767, 0.632754802704, 0.509607195854, -0.0875932566492, 0.000291044776119
0.541919052601, 0.743937373161, 1.25766456127, 5.0, 2.22403526306, 0.95695489645, 0.630855739117, 0.508035302162, -0.0881549063497, 0.0
0.543491125107, 0.746036410332, 1.26096439362, 5.0, 2.21824860573, 0.954797208309, 0.628953099251, 0.506466686726, -0.0887237861189, 0.0
0.545060455799, 0.748132109642, 1.2635974884, 5.0, 2.21257996559, 0.952137887478, 0.627069950104, 0.504903435707, -0.089300036094, 0.0
0.546623706818, 0.750207185745, 1.26683795452, 5.0, 2.20803284645, 0.949471831322, 0.625179231167, 0.503652155399, -0.0898838000472, 0.0
0.54819047451, 0.752332389355, 1.27022504807, 5.0, 2.20082497597, 0.946743607521, 0.623270094395, 0.502082407475, -0.0904752255044, 0.0
0.549762904644, 0.753997206688, 1.27346038818, 5.0, 2.19527387619, 0.944097042084, 0.621384084225, 0.500514388084, -0.0910744638679, 0.0
0.551328957081, 0.756513357162, 1.27675926685, 5.0, 2.19065523148, 0.941411018372, 0.619472444057, 0.498932361603, -0.0916816705441, 0.0
0.552908062935, 0.75861042738, 1.28005707264, 5.0, 2.18487787247, 0.938728749752, 0.617965042591, 0.497370898724, -0.0922970050771, 0.0
0.554472208023, 0.760281801224, 1.28330516815, 5.0, 2.17931079865, 0.936072528362, 0.616077959538, 0.495803058147, -0.0198467589405, 0.0727611940299
0.556038081646, 0.762363135815, 1.28660917282, 5.0, 2.1734559536, 0.933911383152, 0.614168822765, 0.494227737188, -0.0199814977039, 0.0
0.55761474371, 0.764473557472, 1.28992986679, 5.0, 2.16759061813, 0.930673658848, 0.612266719341, 0.492662221193, -0.020118078193, 0.0
0.558868348598, 0.766577839851, 1.29325199127, 5.0, 2.16180968285, 0.927993237972, 0.610375642776, 0.491109937429, -0.0202286941659, -2.22044604925e-16
0.560421228409, 0.768663764, 1.29652547836, 5.0, 2.15607905388, 0.925332129002, 0.608495354652, 0.489536046982, -0.0203686862685, 2.22044604925e-16
0.561995565891, 0.770759880543, 1.29982376099, 5.0, 2.15026950836, 0.922631382942, 0.606585383415, 0.487961828709, -0.0932006053095, -0.0727611940299
0.563570439816, 0.772858500481, 1.30245733261, 5.0, 2.14460325241, 0.920502126217, 0.60469263792, 0.486386597157, -0.0938514438798, 0.0
0.56514519453, 0.774964869022, 1.30576193333, 5.0, 2.13995885849, 0.917803823948, 0.602803111076, 0.485132336617, -0.0945114089762, 0.0
0.566715121269, 0.776622354984, 1.30899131298, 5.0, 2.13317537308, 0.915146648884, 0.601276397705, 0.48356282711, -0.0951806933349, 0.0
0.568289458752, 0.779163479805, 1.31234538555, 5.0, 2.12845826149, 0.912438213825, 0.598987162113, 0.481982797384, -0.0958594951407, 0.0
0.569864571095, 0.781267166138, 1.31566059589, 5.0, 2.12268853188, 0.909749984741, 0.597088336945, 0.480408608913, -0.0965480182203, 0.0
0.571437895298, 0.78294467926, 1.31895816326, 5.0, 2.1168782711, 0.907060444355, 0.595182955265, 0.478834241629, -0.0972464722436, 2.22044604925e-16
0.573007941246, 0.785043776035, 1.32226741314, 5.0, 2.11111712456, 0.904377877712, 0.593667805195, 0.477264106274, -0.0979550729338, 0.0
0.574579179287, 0.787141680717, 1.32489264011, 5.0, 2.10536599159, 0.901676774025, 0.59175658226, 0.475680530071, -0.0986740421413, 0.0
0.575854063034, 0.789257228374, 1.32890677452, 5.0, 2.0994515419, 0.898978352547, 0.589859426022, 0.474122881889, -0.09925683624, -4.4408920985e-16
0.577413082123, 0.791373968124, 1.33228194714, 5.0, 2.0935022831, 0.896807134151, 0.587955474854, 0.472869932652, -0.0997025180486, 0.00029104477612
0.578980565071, 0.793477058411, 1.33491253853, 5.0, 2.08774876595, 0.894116044044, 0.586050927639, 0.471290707588, -0.10044956121, -2.22044604925e-16
0.580559432507, 0.795579731464, 1.33821117878, 5.0, 2.08313393593, 0.891422748566, 0.58413952589, 0.469712853432, -0.101822736795, 0.0
0.582140624523, 0.797282934189, 1.33912670612, 5.0, 2.12708926201, 0.914118289948, 0.599985539913, 0.470992594957, 3.05839147592, 0.0189179104478
0.579422175884, 0.761571228504, 1.20328450203, 3.25092935562, 2.71872401237, 0.993284165859, 0.621064245701, 0.473126918077, 3.08569623643, 0.0273582089552
0.578368902206, 0.745401382446, 1.17968761921, 3.08308744431, 2.76429867744, 0.999518632889, 0.621156454086, 0.473179399967, 3.10248905312, 0.017171641791
0.578333854675, 0.745644748211, 1.18036627769, 3.08634257317, 2.76100158691, 0.999184548855, 0.621062994003, 0.473201394081, 3.10218625394, 0.0
0.578312456608, 0.745689988136, 1.18046760559, 3.08743357658, 2.76028585434, 0.999175012112, 0.621100068092, 0.473254144192, 3.10194061893, 0.0
0.578260302544, 0.745654463768, 1.18044900894, 3.08769726753, 2.76012921333, 0.999199986458, 0.621136009693, 0.473288416862, 3.10162923733, 0.0
0.578221440315, 0.745610833168, 1.18041849136, 3.08793258667, 2.75997900963, 0.999246537685, 0.621182203293, 0.473330885172, 3.10131292923, 0.0
0.578174591064, 0.745567619801, 1.18035936356, 3.08765363693, 2.76021265984, 0.99932038784, 0.621224224567, 0.473365515471, 3.10099157683, 0.0
0.578146874905, 0.74554681778, 1.18032193184, 3.0877532959, 2.76013827324, 0.999366939068, 0.621258437634, 0.473392277956, 3.10066505857, 0.0
0.578114032745, 0.745507061481, 1.18028199673, 3.08772087097, 2.76018881798, 0.999375224113, 0.621272265911, 0.473424822092, 3.1732607993, 0.0727611940299
0.578089416027, 0.745478332043, 1.18023836613, 3.08762693405, 2.76027846336, 0.999440133572, 0.62131690979, 0.473453909159, 3.1735186142, 0.0
0.578053891659, 0.745438039303, 1.18018865585, 3.08756732941, 2.76022863388, 0.999455213547, 0.621340632439, 0.473479628563, 3.17378065991, 0.0
0.578028619289, 0.745418548584, 1.18019092083, 3.08782982826, 2.75994181633, 0.999502301216, 0.621376574039, 0.473515808582, 3.17404704141, 0.0
0.577995598316, 0.745371520519, 1.18009400368, 3.08736467361, 2.76041293144, 0.999552071095, 0.621409475803, 0.473533332348, 3.10171120102, -0.0724701492537
0.577981948853, 0.745363652706, 1.18011474609, 3.08773708344, 2.76017618179, 0.999557852745, 0.621439635754, 0.473570495844, 3.10144431919, 0.0
0.577944517136, 0.74531942606, 1.18006408215, 3.08777713776, 2.76020860672, 0.999600410461, 0.621472477913, 0.473596453667, 3.10110565433, 0.0
0.577915787697, 0.745321154594, 1.18012034893, 3.08808493614, 2.75994634628, 0.999628245831, 0.621493458748, 0.47362485528, 3.10076123056, 0.0
0.577878177166, 0.745274603367, 1.18007063866, 3.08823513985, 2.75982427597, 0.999647140503, 0.62152582407, 0.473657816648, 3.10041089982, 0.0
0.577845990658, 0.74524050951, 1.18002414703, 3.08818006516, 2.75989103317, 0.99969369173, 0.621556639671, 0.473693758249, 3.10005450891, 0.0
0.577817797661, 0.74521023035, 1.17997848988, 3.08811378479, 2.75995850563, 0.999745309353, 0.621607124805, 0.47372430563, 3.09969189931, 0.0
0.577789366245, 0.745174527168, 1.17994225025, 3.08812046051, 2.75996756554, 0.999771416187, 0.621621370316, 0.473740071058, 3.09903260662, -0.000291044776119
0.577768921852, 0.745160460472, 1.17991948128, 3.08814144135, 2.76006197929, 0.999808013439, 0.621656060219, 0.473769515753, 3.09865449065, 0.0
0.57774657011, 0.74510961771, 1.17985165119, 3.08802080154, 2.76010560989, 0.999878823757, 0.621703088284, 0.473823845387, 3.09834712909, -2.22044604925e-16
0.577692449093, 0.745068490505, 1.17793023586, 3.08808875084, 2.75993251801, 0.999888598919, 0.621732592583, 0.473856240511, 3.09795668721, -2.22044604925e-16
0.577659368515, 0.745043456554, 1.15685367584, 3.08838605881, 2.77045941353, 1.00137889385, 0.625683963299, 0.475080758333, 3.0975591355, -2.22044604925e-16
0.576320290565, 0.724370598793, 1.09223949909, 2.54426193237, 3.51568460464, 1.12350976467, 0.672815144062, 0.479102939367, 3.11536344782, 0.0180447761194
0.572549819946, 0.680950284004, 0.996513485909, 1.96578347683, 5.0, 1.3254544735, 0.735414147377, 0.487278789282, 3.18783358562, 0.0724701492537
0.572872340679, 0.645522594452, 0.899823129177, 1.59737849236, 5.0, 1.6152408123, 0.811464548111, 0.499305695295, 3.27514642801, 0.0873134328358
0.574606120586, 0.624192237854, 0.84133207798, 1.45716845989, 5.0, 1.73445034027, 0.829762279987, 0.506017506123, 3.32387075467, 0.0483134328358
0.569248735905, 0.617716908455, 0.834371209145, 1.44701516628, 5.0, 1.74721467495, 0.836269795895, 0.511595129967, 3.32699028116, 0.0014552238806
0.563530445099, 0.611741483212, 0.826990365982, 1.43306529522, 5.0, 1.76231741905, 0.844633221626, 0.517167389393, 3.328421047, -0.000291044776119
0.557916522026, 0.605737090111, 0.819325089455, 1.42295908928, 5.0, 1.77852702141, 0.853204488754, 0.522728204727, 3.33017559867, 0.0
0.553460180759, 0.599735796452, 0.813216686249, 1.41027903557, 5.0, 1.79155933857, 0.86178535223, 0.528268754482, 0.190010205191, -4.4408920985e-16
0.547914803028, 0.593726813793, 0.805541336536, 1.39760744572, 5.0, 1.80783247948, 0.870330274105, 0.533797204494, 0.191824574064, 0.0
0.542383253574, 0.58775395155, 0.796381652355, 1.38486123085, 5.0, 1.82428050041, 0.878894686699, 0.538220286369, 0.193673488687, 0.0
0.536848664284, 0.581764340401, 0.790246546268, 1.37208843231, 5.0, 1.84071338177, 0.885766744614, 0.543155312538, 0.196321884883, 4.4408920985e-16
0.532315075397, 0.580024003983, 0.798864364624, 1.46003186703, 5.0, 1.63183057308, 0.820200204849, 0.533543467522, 0.190052642893, -0.00698507462687
0.529619336128, 0.613300323486, 0.879758119583, 1.71792399883, 5.0, 1.35152077675, 0.749115765095, 0.524478852749, 0.107456173241, -0.0826567164179
0.528920352459, 0.638921201229, 0.960504114628, 2.0960688591, 5.0, 1.26349127293, 0.736040115356, 0.524567246437, 0.0583314136508, -0.0494776119403
0.52734619379, 0.64068543911, 0.939643323421, 2.08655548096, 5.0, 1.2695441246, 0.739707052708, 0.526462256908, 0.0536543467166, -0.00523880597015
0.525473177433, 0.638186752796, 0.918602705002, 2.07512354851, 5.0, 1.27460122108, 0.741996705532, 0.528378725052, 0.126684616845, 0.0727611940299
0.523580014706, 0.63577157259, 0.910026490688, 2.06840872765, 5.0, 1.27830064297, 0.744721293449, 0.530312895775, 0.127966517852, 0.0
0.522034347057, 0.633426785469, 0.906719624996, 2.06135129929, 5.0, 1.28329491615, 0.747316479683, 0.532250165939, 0.129010765222, -2.22044604925e-16
0.52009677887, 0.631131350994, 0.904185116291, 2.0547978878, 5.0, 1.2866011858, 0.749910712242, 0.534177839756, 0.0569108760227, -0.0727611940299
0.518168628216, 0.628819942474, 0.90097028017, 2.04830551147, 5.0, 1.29069566727, 0.752522110939, 0.535726845264, 0.0575016922155, 0.0
0.516248166561, 0.626537382603, 0.897794663906, 2.04161167145, 5.0, 1.29486036301, 0.755117714405, 0.537642776966, 0.0583947159377, 0.00029104477612
0.514321506023, 0.624235332012, 0.894573092461, 2.0350215435, 5.0, 1.29896509647, 0.757718145847, 0.539575994015, 0.0590137443066, 0.0
0.512376070023, 0.621918022633, 0.891349852085, 2.02974939346, 5.0, 1.30311322212, 0.759805142879, 0.541509628296, 0.0596460219027, -2.22044604925e-16
0.510452091694, 0.620083451271, 0.888122797012, 2.02303028107, 5.0, 1.30723249912, 0.762404561043, 0.543448388577, 0.0602919781699, 0.0
0.508508682251, 0.617759466171, 0.884873509407, 2.01628828049, 5.0, 1.31143796444, 0.765035688877, 0.545375585556, 0.0609520612913, 0.0
0.5065741539, 0.615456163883, 0.881680905819, 2.00971722603, 5.0, 1.31551587582, 0.767617881298, 0.547311961651, 0.0616267392203, -2.22044604925e-16
0.504641771317, 0.613156139851, 0.878470540047, 2.00311994553, 5.0, 1.31888318062, 0.770255208015, 0.54886251688, 0.062316500782, 0.0
0.503088712692, 0.610835492611, 0.875867605209, 1.99637973309, 5.0, 1.3230458498, 0.772857069969, 0.55117970705, 0.0628795127803, 4.4408920985e-16
0.501165866852, 0.608532071114, 0.872665822506, 1.98984313011, 5.0, 1.32718217373, 0.775475025177, 0.552744030952, 0.0635977281203, 0.0
0.499224305153, 0.606699824333, 0.869450449944, 1.98319137096, 5.0, 1.33126878738, 0.778068900108, 0.555071234703, 0.0643325171594, 0.0
0.49727165699, 0.603905498981, 0.866239905357, 1.97676837444, 5.0, 1.33536481857, 0.780674934387, 0.556620419025, 0.0650844594599, 0.0
0.495336562395, 0.601617515087, 0.863050878048, 1.97013652325, 5.0, 1.33952450752, 0.783305168152, 0.558564424515, 0.0655615618743, -0.000291044776119
0.493414849043, 0.59933835268, 0.859890878201, 1.96383047104, 5.0, 1.34346628189, 0.785297811031, 0.560462832451, 0.0663461447958, 0.0
0.491496831179, 0.592817425728, 0.856726169586, 1.95726895332, 5.0, 1.34759199619, 0.787891745567, 0.562383890152, 0.0671497049808, 0.0
0.48957541585, 0.577181518078, 0.853521168232, 1.95199382305, 5.0, 1.3509067297, 0.790508449078, 0.564298152924, 0.0679729383067, 0.0
0.488041520119, 0.563096225262, 0.850955545902, 1.94534552097, 5.0, 1.35501778126, 0.793094813824, 0.5662342906, 0.0686461791581, 0.0
0.486103624105, 0.560810208321, 0.847782075405, 1.93886220455, 5.0, 1.35909998417, 0.795154452324, 0.567781925201, 0.0695066888846, 0.0
0.48417159915, 0.558959066868, 0.84456217289, 1.93231487274, 5.0, 1.36321520805, 0.798249721527, 0.569690167904, 0.0703890101156, 0.0
0.482252895832, 0.556207001209, 0.841367423534, 1.92582213879, 5.0, 1.36727893353, 0.800326883793, 0.571613848209, 0.0712939813592, 0.0
0.48033118248, 0.554379463196, 0.838203847408, 1.91918337345, 5.0, 1.37137186527, 0.803433835506, 0.573922812939, 0.072222484585, 0.0
0.47841244936, 0.551651299, 0.835030078888, 1.91266608238, 5.0, 1.37546110153, 0.806014657021, 0.575469374657, 0.0731754480723, 0.0
0.476475864649, 0.549347996712, 0.831819176674, 1.90601825714, 5.0, 1.37958407402, 0.808609127998, 0.577381432056, 0.146422243443, 0.0727611940299
0.474568337202, 0.547065615654, 0.828628540039, 1.89944887161, 5.0, 1.38370811939, 0.810693025589, 0.579327344894, 0.148387656779, 0.0
0.472630977631, 0.545213758945, 0.825416505337, 1.89290225506, 5.0, 1.38782429695, 0.813809454441, 0.581244170666, 0.0766289410434, -0.0727611940299
0.470707625151, 0.542918324471, 0.822204709053, 1.88757896423, 5.0, 1.39202332497, 0.815921843052, 0.583188652992, 0.0776813438924, 2.22044604925e-16
0.468772619963, 0.540595471859, 0.818944752216, 1.87937557697, 5.0, 1.39617574215, 0.818517386913, 0.585102975368, 0.0787629955192, 0.0
0.467233330011, 0.538293898106, 0.815752029419, 1.87412023544, 5.0, 1.40028440952, 0.821106314659, 0.587021887302, 0.0796502027894, -2.22044604925e-16
0.465311527252, 0.536006569862, 0.812541425228, 1.86745119095, 5.0, 1.40444338322, 0.82370954752, 0.588941156864, 0.0807876586334, 0.0
0.463392168283, 0.533713400364, 0.809347569942, 1.86088573933, 5.0, 1.40771389008, 0.826312303543, 0.590484917164, 0.0819579985093, 0.0
0.461470454931, 0.531411230564, 0.806081950665, 1.85392391682, 5.0, 1.41199350357, 0.82895720005, 0.592795789242, 0.0831626660068, 0.0
0.459542691708, 0.529091715813, 0.803488612175, 1.84718310833, 5.0, 1.41617107391, 0.831543266773, 0.594332277775, 0.0844031902616, 0.0
0.432623744011, 0.526801228523, 0.800297677517, 1.84064412117, 5.0, 1.42023599148, 0.834101557732, 0.596614599228, 0.0856811923715, 0.0
0.430723160505, 0.524546384811, 0.797160744667, 1.83418869972, 5.0, 1.42420852184, 0.836666285992, 0.598166286945, 0.0869983923967, 0.0
0.428784519434, 0.522252976894, 0.793990492821, 1.82771658897, 5.0, 1.42833995819, 0.839276254177, 0.600099265575, 0.0880628135699, -0.000291044776119
0.426848649979, 0.520402312279, 0.790777444839, 1.82247757912, 5.0, 1.43165075779, 0.84134221077, 0.602012991905, 0.0894593139664, 0.0
0.424943834543, 0.518128991127, 0.787572085857, 1.81456434727, 5.0, 1.43654692173, 0.843927264214, 0.603940546513, 0.0909006954458, 0.0
0.423394024372, 0.515832483768, 0.784427523613, 1.80951738358, 5.0, 1.44054234028, 0.846490204334, 0.605856001377, 0.0920875834368, 0.0
0.421092063189, 0.513557910919, 0.781250059605, 1.80302190781, 5.0, 1.44458687305, 0.849047482014, 0.607768297195, 0.0939270163308, 0.0
0.419562846422, 0.511273741722, 0.778705716133, 1.79650473595, 5.0, 1.44786965847, 0.851634681225, 0.609685063362, 0.0951945556883, 0.0
0.417645722628, 0.508985459805, 0.774841606617, 1.78969037533, 5.0, 1.45206606388, 0.854247152805, 0.611607074738, 0.0968277611767, 0.0
0.415724873543, 0.506693959236, 0.772303164005, 1.78322827816, 5.0, 1.45611858368, 0.856808364391, 0.61313444376, 0.0985178005202, 0.0
0.413815706968, 0.504426121712, 0.769168972969, 1.77688348293, 5.0, 1.46007418633, 0.859363555908, 0.615056097507, 0.100555162075, 0.000291044776119
0.411888748407, 0.502141833305, 0.765981674194, 1.77021288872, 5.0, 1.46417212486, 0.861436903477, 0.616989850998, 0.102373225517, 0.0
0.40994861722, 0.50029027462, 0.762797415257, 1.76515352726, 5.0, 1.46822690964, 0.864005506039, 0.618895530701, 0.104257998873, 0.0
0.408043473959, 0.498017758131, 0.759614229202, 1.75856161118, 5.0, 1.47234082222, 0.866591393948, 0.620812296867, 0.106213208269, 0.0
0.40612539649, 0.495731472969, 0.756450474262, 1.75212264061, 5.0, 1.47640514374, 0.869162201881, 0.622728943825, 0.10824286147, 0.0
0.404213815928, 0.493459522724, 0.753276765347, 1.74560523033, 5.0, 1.47960793972, 0.871723473072, 0.624648332596, 0.110351274894, 0.0
0.402290791273, 0.491169720888, 0.750069737434, 1.73898744583, 5.0, 1.48373866081, 0.874332606792, 0.626570641994, 0.184197125425, 0.0727611940299
0.400753200054, 0.488874673843, 0.74687564373, 1.73238432407, 5.0, 1.4878269434, 0.876920104027, 0.628111541271, 0.187130274261, 0.0
0.39882928133, 0.48657554388, 0.743686974049, 1.72587358952, 5.0, 1.49190056324, 0.879494071007, 0.630416452885, 0.116249640787, -0.0727611940299
0.396905660629, 0.484284073114, 0.740474224091, 1.7192440033, 5.0, 1.49603831768, 0.882103860378, 0.632363140583, 0.118642583568, 0.0
0.394960284233, 0.481968641281, 0.737877905369, 1.71247112751, 5.0, 1.50023651123, 0.884717345238, 0.633897781372, 0.120839484746, -0.00029104477612
0.393038630486, 0.479681491852, 0.734695494175, 1.7060097456, 5.0, 1.50429093838, 0.88677585125, 0.63581764698, 0.12343256273, 0.0
0.391117483377, 0.477853626013, 0.73155516386, 1.69969296455, 5.0, 1.50822985172, 0.889310598373, 0.637736558914, 0.126138766566, 0.0
0.389207780361, 0.475571960211, 0.728321492672, 1.69415664673, 5.0, 1.51244604588, 0.891929626465, 0.63965344429, 0.128965621824, 0.0
0.387667298317, 0.47373649478, 0.72577381134, 1.68892395496, 5.0, 1.51489889622, 0.893482804298, 0.640808343887, 0.131319463512, 2.22044604925e-16
0.386130958796, 0.47144600749, 0.723216712475, 1.6823656559, 5.0, 1.51981377602, 0.896577596664, 0.643108606339, 0.133760303358, -2.22044604925e-16
0.383827120066, 0.469157934189, 0.719380378723, 1.6757158041, 5.0, 1.52394843102, 0.89917999506, 0.6450304389, 0.137595466964, 0.0
0.382290184498, 0.466865539551, 0.716183960438, 1.66910326481, 5.0, 1.52722489834, 0.901771128178, 0.646948695183, 0.140275985231, 0.0
0.380371361971, 0.464578062296, 0.713630795479, 1.66244077682, 5.0, 1.53141593933, 0.904380083084, 0.648489236832, 0.143776128037, 0.0
0.378447145224, 0.462265610695, 0.710402488708, 1.65714550018, 5.0, 1.53465461731, 0.906441509724, 0.650415420532, 0.14745411149, 0.0
0.376519262791, 0.460442125797, 0.707241475582, 1.64954853058, 5.0, 1.5394012928, 0.909494578838, 0.652332603931, 0.151323734783, 0.0
0.374600678682, 0.458170473576, 0.704082131386, 1.64424836636, 5.0, 1.5427082777, 0.911551773548, 0.654245376587, 0.155682919056, 0.000291044776119
0.373071849346, 0.45589569211, 0.700915157795, 1.63773465157, 5.0, 1.54762649536, 0.914142787457, 0.655928313732, 0.16088083003, -4.4408920985e-16
0.371357619762, 0.456282556057, 0.715649068356, 1.71932375431, 5.0, 1.46511018276, 0.87558400631, 0.651827871799, 0.103675387598, -0.0599552238806
0.375461906195, 0.487142175436, 0.815618216991, 2.35467767715, 3.24389910698, 1.25302433968, 0.818651139736, 0.647306084633, 0.0891212745713, -0.014552238806
0.378626734018, 0.517880916595, 0.888904213905, 2.98430562019, 2.89297986031, 1.22161304951, 0.807363033295, 0.645930945873, 0.0407883201551, -0.0491865671642
0.380084753036, 0.519381642342, 0.888262271881, 2.95691990852, 2.91305136681, 1.22366142273, 0.807152569294, 0.644966781139, 0.0390571399477, -0.00291044776119
0.38124614954, 0.52016466856, 0.888112962246, 2.94294190407, 2.91912198067, 1.22343599796, 0.806237578392, 0.643844842911, 0.0402443713293, 0.0
0.382343828678, 0.521407186985, 0.889644920826, 2.94449806213, 2.91676855087, 1.22183012962, 0.804946422577, 0.642739772797, 0.0415059999793, 0.0
0.383450627327, 0.522842824459, 0.891840100288, 2.94965434074, 2.91335058212, 1.21990513802, 0.803595423698, 0.641638875008, 0.042849240774, 0.0
0.384554833174, 0.524002373219, 0.894089460373, 2.95795178413, 2.90874123573, 1.21793186665, 0.802505075932, 0.640537619591, 0.044282272032, 0.0
0.385651022196, 0.525450408459, 0.896318972111, 2.96308326721, 2.90447211266, 1.21600246429, 0.801159262657, 0.639436125755, 0.0458144017681, 0.0
0.386753052473, 0.526890516281, 0.898527860641, 2.96949028969, 2.90025377274, 1.21408808231, 0.799818098545, 0.63833540678, 0.119381142106, 0.0727611940299
0.387638032436, 0.528342247009, 0.900781333447, 2.97631454468, 2.89572644234, 1.21251547337, 0.798457086086, 0.637234866619, 0.122533415445, -0.000291044776119
0.388739049435, 0.529793977737, 0.902584373951, 2.98327469826, 2.89122271538, 1.21016228199, 0.797100305557, 0.636134207249, 0.127126851492, 2.22044604925e-16
0.389840036631, 0.531249463558, 0.905263721943, 2.98977994919, 2.88780331612, 1.20863962173, 0.79575496912, 0.635028779507, 0.132076008933, 2.22044604925e-16
0.390945166349, 0.532693266869, 0.9070546031, 2.99639582634, 2.88345003128, 1.20667648315, 0.794397592545, 0.633925437927, 0.137423600151, 2.22044604925e-16
0.39204955101, 0.534144878387, 0.909288406372, 3.00301742554, 2.87909293175, 1.20473313332, 0.793044269085, 0.633042871952, 0.0675008575496, -0.0727611940299
0.393147945404, 0.5353038311, 0.911532580853, 3.00987529755, 2.87459397316, 1.20277905464, 0.791686117649, 0.631940603256, 0.0704164943849, 0.0
0.394254237413, 0.536756634712, 0.913781106472, 3.0151860714, 2.87019729614, 1.20122361183, 0.790602862835, 0.630833148956, 0.0735949030285, 0.0
0.395141303539, 0.538217782974, 0.916032910347, 3.02314758301, 2.86586689949, 1.19888865948, 0.789243400097, 0.629725754261, 0.0763515419093, 2.22044604925e-16
0.396467387676, 0.539659023285, 0.918251931667, 3.0283844471, 2.86149168015, 1.19694828987, 0.787888228893, 0.62862187624, 0, -2.22044604925e-16
0.397353291512, 0.541116416454, 0.920502901077, 3.03512334824, 2.85705184937, 1.19538509846, 0.786541938782, 0.627518951893, 0, 2.22044604925e-16
0.398455917835, 0.542554974556, 0.922688245773, 3.04127025604, 2.85301971436, 1.1931129694, 0.785201311111, 0.626418411732, 0, 0.0
0.39955675602, 0.544004797935, 0.924492716789, 3.04773139954, 2.84895920753, 1.19160580635, 0.783868610859, 0.62531208992, 0, -2.22044604925e-16
0.400662004948, 0.545421242714, 0.926621377468, 3.05335450172, 2.84592294693, 1.18974137306, 0.78253442049, 0.624426603317, 0, 0.000291044776119
0.401765555143, 0.546850025654, 0.928787231445, 3.05965089798, 2.84176325798, 1.18782329559, 0.781179070473, 0.623321056366, 0, 0.0
0.402873277664, 0.548027575016, 0.931076109409, 3.06530404091, 2.83714985847, 1.1858355999, 0.780086517334, 0.622214078903, 0, 0.0
0.403980225325, 0.549477934837, 0.933297514915, 3.07170820236, 2.83284187317, 1.18390762806, 0.778462350368, 0.621106684208, 0, 0.0
0.405088216066, 0.551227867603, 0.935562551022, 3.07862043381, 2.82839632034, 1.18195152283, 0.777376294136, 0.619999408722, 0, 0.0
0.406195789576, 0.552391171455, 0.937806129456, 3.08663320541, 2.8240442276, 1.18000769615, 0.776021361351, 0.618895888329, 0, 0.0
0.40730214119, 0.553849101067, 0.940062046051, 3.09213662148, 2.81954216957, 1.17843472958, 0.774662256241, 0.618012726307, 0, 0.0
0.408180683851, 0.555293500423, 0.942296981812, 3.09875655174, 2.81523346901, 1.17650604248, 0.773312687874, 0.616910159588, 0, 4.4408920985e-16
0.409284472466, 0.55674135685, 0.944074273109, 3.10533714294, 2.81176424026, 1.17456078529, 0.771963536739, 0.615811109543, 0, -0.000291044776119
0.410387068987, 0.558191776276, 0.946324706078, 3.11207270622, 2.8073489666, 1.17262077332, 0.77061265707, 0.614710450172, 0, 0.0
0.411486953497, 0.559643447399, 0.948566794395, 3.11752009392, 2.8027639389, 1.17104625702, 0.768395245075, 0.612172484398, 0, 0.0
0.4146489501, 0.562392055988, 0.951718688011, 3.10573816299, 2.80541324615, 1.16723561287, 0.766487121582, 0.611030161381, 0, 0.0
0.41471606493, 0.563339650631, 0.953706026077, 3.12848448753, 2.79571962357, 1.16742491722, 0.767141759396, 0.611703693867, 0, 0.0
0.414455085993, 0.563142120838, 0.954214036465, 3.13299107552, 2.79297757149, 1.16578233242, 0.766002357006, 0.610638260841, 0, 0.0724701492537
0.415552407503, 0.564606904984, 0.956525921822, 3.1389632225, 2.78821539879, 1.1637840271, 0.764639079571, 0.609558045864, 0, 2.22044604925e-16
0.416415274143, 0.566040933132, 0.958739995956, 3.1456489563, 2.78387188911, 1.16224491596, 0.763303458691, 0.608685970306, 0, 2.22044604925e-16
0.417506247759, 0.567186176777, 0.960061728954, 3.14954018593, 2.7813410759, 1.16072154045, 0.762235999107, 0.607813954353, 0, 2.22044604925e-16
0.418377190828, 0.568615734577, 0.962265789509, 3.15745019913, 2.77696156502, 1.15917611122, 0.761430740356, 0.607159912586, 0, 4.4408920985e-16
0.418813854456, 0.568904340267, 0.962715029716, 3.15745019913, 2.77696156502, 1.15917611122, 0.761164307594, 0.606942296028, 0, -0.0291044776119
0.4190312922, 0.56918990612, 0.963154315948, 3.15873885155, 2.77611231804, 1.1587947607, 0.761164307594, 0.606942296028, 0, 0.0
0.4190312922, 0.56918990612, 0.963154315948, 3.15873885155, 2.77611231804, 1.1587947607, 0.761164307594, 0.606942296028, 0, 0.0
0.4190312922, 0.56918990612, 0.963154315948, 3.15873885155, 2.77611231804, 1.1587947607, 0.761164307594, 0.606942296028, 0, 0.0
0.4190312922, 0.56918990612, 0.963154315948, 3.15873885155, 2.77611231804, 1.1587947607, 0.761164307594, 0.606942296028, 0, 0.0
0.4190312922, 0.56918990612, 0.963154315948, 3.15873885155, 2.77611231804, 1.1587947607, 0.761164307594, 0.606942296028, 0, 0.0
0.4190312922, 0.56918990612, 0.963154315948, 3.15873885155, 2.77611231804, 1.1587947607, 0.761164307594, 0.606942296028, 0, 0.0
0.4190312922, 0.56918990612, 0.963154315948, 3.15873885155, 2.77611231804, 1.1587947607, 0.761164307594, 0.606942296028, 0, 0.0
0.4190312922, 0.56918990612, 0.963154315948, 3.15873885155, 2.77611231804, 1.1587947607, 0.761164307594, 0.606942296028, 0, 0.0
0.4190312922, 0.56918990612, 0.963154315948, 3.15873885155, 2.77611231804, 1.1587947607, 0.761164307594, 0.606942296028, 0, 0.0
0.4190312922, 0.56918990612, 0.963154315948, 3.15873885155, 2.77611231804, 1.1587947607, 0.761164307594, 0.606942296028, 0, 0.0
0.4190312922, 0.56918990612, 0.963154315948, 3.15873885155, 2.77611231804, 1.1587947607, 0.761164307594, 0.606942296028, 0, 0.0
0.4190312922, 0.56918990612, 0.963154315948, 3.15873885155, 2.77611231804, 1.1587947607, 0.761164307594, 0.606942296028, 0, 0.0
0.4190312922, 0.56918990612, 0.963154315948, 3.15873885155, 2.77611231804, 1.1587947607, 0.761164307594, 0.606942296028, 0, 0.0
0.4190312922, 0.56918990612, 0.963154315948, 3.15873885155, 2.77611231804, 1.1587947607, 0.761164307594, 0.606942296028, 0, 0.0
0.4190312922, 0.56918990612, 0.963154315948, 3.15873885155, 2.77611231804, 1.1587947607, 0.761164307594, 0.606942296028, 0, 0.0
0.4190312922, 0.56918990612, 0.963154315948, 3.15873885155, 2.77611231804, 1.1587947607, 0.761164307594, 0.606942296028, 0, 0.0
0.4190312922, 0.56918990612, 0.963154315948, 3.15873885155, 2.77611231804, 1.1587947607, 0.761164307594, 0.606942296028, 0, 0.0
0.4190312922, 0.56918990612, 0.963154315948, 3.15873885155, 2.77611231804, 1.1587947607, 0.761164307594, 0.606942296028, 0, 0.0
0.4190312922, 0.56918990612, 0.963154315948, 3.15873885155, 2.77611231804, 1.1587947607, 0.761164307594, 0.606942296028, 0, 0.0
0.4190312922, 0.56918990612, 0.963154315948, 3.15873885155, 2.77611231804, 1.1587947607, 0.761164307594, 0.606942296028, 0, 0.0
0.4190312922, 0.56918990612, 0.963154315948, 3.15873885155, 2.77611231804, 1.1587947607, 0.761164307594, 0.606942296028, 0, 0.0
0.4190312922, 0.56918990612, 0.963154315948, 3.15873885155, 2.77611231804, 1.1587947607, 0.761164307594, 0.606942296028, 0, 0.0
0.4190312922, 0.56918990612, 0.963154315948, 3.15873885155, 2.77611231804, 1.1587947607, 0.761164307594, 0.606942296028, 0, 0.0
0.4190312922, 0.56918990612, 0.963154315948, 3.15873885155, 2.77611231804, 1.1587947607, 0.761164307594, 0.606942296028, 0, 0.0
0.4190312922, 0.56918990612, 0.963154315948, 3.15873885155, 2.77611231804, 1.1587947607, 0.761164307594, 0.606942296028, 0, 0.0
0.4190312922, 0.56918990612, 0.963154315948, 3.15873885155, 2.77611231804, 1.1587947607, 0.761164307594, 0.606942296028, 0, 0.0
0.4190312922, 0.56918990612, 0.963154315948, 3.15873885155, 2.77611231804, 1.1587947607, 0.761164307594, 0.606942296028, 0, 0.0
0.4190312922, 0.56918990612, 0.963154315948, 3.15873885155, 2.77611231804, 1.1587947607, 0.761164307594, 0.606942296028, 0, 0.0
0.4190312922, 0.56918990612, 0.963154315948, 3.15873885155, 2.77611231804, 1.1587947607, 0.761164307594, 0.606942296028, 0, 0.0
0.4190312922, 0.56918990612, 0.963154315948, 3.15873885155, 2.77611231804, 1.1587947607, 0.761164307594, 0.606942296028, 0, 0.0
0.4190312922, 0.56918990612, 0.963154315948, 3.15873885155, 2.77611231804, 1.1587947607, 0.761164307594, 0.606942296028, 0, 0.0
0.4190312922, 0.56918990612, 0.963154315948, 3.15873885155, 2.77611231804, 1.1587947607, 0.761164307594, 0.606942296028, 0, 0.0
0.4190312922, 0.56918990612, 0.963154315948, 3.15873885155, 2.77611231804, 1.1587947607, 0.761164307594, 0.606942296028, 0, 0.0
0.4190312922, 0.56918990612, 0.963154315948, 3.15873885155, 2.77611231804, 1.1587947607, 0.761164307594, 0.606942296028, 0, 0.0
0.4190312922, 0.56918990612, 0.963154315948, 3.15873885155, 2.77611231804, 1.1587947607, 0.761164307594, 0.606942296028, 0, 0.0
0.4190312922, 0.56918990612, 0.963590323925, 3.16000366211, 2.77438306808, 1.15802800655, 0.76036220789, 0.606289148331, 0, 0.0
