1.16782617569, 1.49381947517, 3.3815472126, 3.000415802, 3.00237870216, 1.18341612816, 0.748304307461, 0.576032698154, -1.15654950456, -0.00169233597012
1.1678481102, 1.49459862709, 3.35253930092, 2.9755282402, 2.97344851494, 1.18133020401, 0.747460246086, 0.575914978981, -1.15873847743, 0.0
1.16799879074, 1.49677193165, 3.32275032997, 2.95050358772, 2.95430994034, 1.17866885662, 0.746724426746, 0.575834214687, -1.1626798049, -0.000291044776119
1.16802954674, 1.49730455875, 3.29464650154, 2.92588329315, 2.92999625206, 1.17761468887, 0.746227622032, 0.575773835182, -1.16634946423, 0.0
1.16816210747, 1.49866592884, 3.26513361931, 2.90571904182, 2.90580558777, 1.17457520962, 0.745304584503, 0.575504302979, -1.17003068828, 2.5890747879e-16
1.16835558414, 1.50064373016, 3.23541736603, 2.8757750988, 2.88184213638, 1.17216777802, 0.744379281998, 0.575272202492, -1.17298396361, -2.5890747879e-16
1.16858017445, 1.50148975849, 3.20737862587, 2.85600614548, 2.85738539696, 1.1713899374, 0.743997335434, 0.575089991093, -1.17668588851, 0.0
1.16876089573, 1.50187468529, 3.17981481552, 2.83142280579, 2.8328602314, 1.17087435722, 0.74368584156, 0.574898421764, -1.18039924687, 2.5890747879e-16
1.16895127296, 1.50219190121, 3.15789580345, 2.80694818497, 2.80833888054, 1.17045712471, 0.743434667587, 0.574713110924, -1.18412398888, 0.0
1.16913616657, 1.50245881081, 3.1305334568, 2.7824203968, 2.78376817703, 1.17013144493, 0.743181765079, 0.574553787708, -1.18786006312, 0.0
1.16932916641, 1.50275743008, 3.10311818123, 2.75790214539, 2.75922942162, 1.16968345642, 0.742930233479, 0.574362277985, -1.19160741663, 0.0
1.16953492165, 1.50300383568, 3.07575750351, 2.73338866234, 2.73955893517, 1.16936576366, 0.742730438709, 0.574155330658, -1.19536599483, 0.0
1.16973316669, 1.50319170952, 3.04843854904, 2.71377897263, 2.71500253677, 1.16904437542, 0.742503941059, 0.573971509933, -1.19913574157, 0.0
1.16991341114, 1.50339245796, 3.02112531662, 2.68927407265, 2.69041705132, 1.16872620583, 0.742281794548, 0.573780596256, -1.20291659908, -5.20417042793e-18
1.17006850243, 1.50367808342, 2.99374079704, 2.66475653648, 2.66586494446, 1.16835534573, 0.741999089718, 0.573584794998, -1.20594924499, 4.77048955894e-18
1.1703107357, 1.503952384, 2.96631789207, 2.64022111893, 2.64131402969, 1.16782164574, 0.741720914841, 0.573380947113, -1.21051140728, 4.77048955894e-18
1.17046821117, 1.50423955917, 2.93894100189, 2.61570429802, 2.61674761772, 1.16746246815, 0.741480231285, 0.573193430901, -1.21356159778, -4.33680868994e-19
1.17065596581, 1.50448954105, 2.91158413887, 2.5911860466, 2.59219145775, 1.16713130474, 0.741229057312, 0.573001921177, -1.21766750951, -0.00029104477612
1.17084634304, 1.50478887558, 2.88414716721, 2.56665611267, 2.56764674187, 1.16670894623, 0.740956366062, 0.572797715664, -1.22150122915, 0.0
1.17105090618, 1.50506401062, 2.86224293709, 2.5421295166, 2.54309248924, 1.16629755497, 0.740706503391, 0.572616577148, -1.22534568519, 0.0
1.1712321043, 1.5053126812, 2.83488988876, 2.51763248444, 2.52343869209, 1.16601073742, 0.740472793579, 0.572459101677, -1.22890204335, 0.000291044776119
1.17143118382, 1.50551319122, 2.8075940609, 2.49312353134, 2.49886155128, 1.16562116146, 0.740219712257, 0.572250902653, -1.23276734673, 8.67361737988e-19
1.17162954807, 1.50573182106, 2.7802093029, 2.47350525856, 2.47432136536, 1.16518580914, 0.739934325218, 0.572050154209, -1.23664318251, 8.67361737988e-19
1.17182981968, 1.50606799126, 2.75280332565, 2.4440882206, 2.44976377487, 1.16481626034, 0.739753425121, 0.57186216116, -1.2405294769, 8.67361737988e-19
1.17202115059, 1.50627470016, 2.72548317909, 2.42447853088, 2.42519664764, 1.16448700428, 0.739517271519, 0.57167494297, -1.24442615441, 8.67361737988e-19
1.17221212387, 1.50655400753, 2.69807362556, 2.39995360374, 2.40065264702, 1.16405165195, 0.739252269268, 0.571475088596, -1.24442615441, 0.0
1.17237222195, 1.50682604313, 2.67619371414, 2.37543392181, 2.3760831356, 1.16363096237, 0.738983929157, 0.571270167828, -1.24755092048, -2.5890747879e-16
1.17257702351, 1.50711882114, 2.64331912994, 2.35092306137, 2.3515431881, 1.16320812702, 0.738713979721, 0.571066856384, -1.2514660921, 0.0
1.17277991772, 1.50741314888, 2.62140536308, 2.32639670372, 2.33187842369, 1.16292023659, 0.738466382027, 0.570919215679, -1.25539142664, 0.0
1.17296433449, 1.50768887997, 2.59403848648, 2.30187654495, 2.30241394043, 1.16244769096, 0.738170087337, 0.57070761919, -1.2593268423, 0.0
1.17317008972, 1.5079293251, 2.56663799286, 2.28226280212, 2.28277397156, 1.1620246172, 0.737912356853, 0.570515751839, -1.2632722556, 2.5890747879e-16
1.17337858677, 1.50822114944, 2.53926277161, 2.25283312798, 2.25820469856, 1.16158926487, 0.737638354301, 0.570299983025, -1.26722758138, 0.0
1.17359566689, 1.50850617886, 2.51188826561, 2.23322463036, 2.23365163803, 1.16116034985, 0.737399399281, 0.570089221001, -1.27119273283, 0.0
1.17380726337, 3.31145048141, 2.48448038101, 2.20869493484, 2.20910596848, 1.16067647934, 0.737112104893, 0.569882452488, -1.27516762146, 0.0
1.17400705814, 3.2754778862, 2.4570775032, 2.1841711998, 2.18455433846, 1.16018211842, 0.736817717552, 0.569674193859, -1.27915215711, 0.0
1.17417037487, 3.23945617676, 2.42963981628, 2.15963244438, 2.16000413895, 1.15982961655, 0.736550629139, 0.569460630417, -1.28234666984, 0.0
1.17438316345, 3.20356369019, 2.40227198601, 2.1351184845, 2.13542771339, 1.15941572189, 0.73628526926, 0.569261431694, -1.28663136969, -0.000291044776119
1.17458200455, 3.1677274704, 2.38038492203, 2.11059617996, 2.11087322235, 1.15896558762, 0.735990166664, 0.569047391415, -1.29064274105, 0.0
1.17479610443, 3.13180875778, 2.35299968719, 2.0860888958, 2.09123826027, 1.15857768059, 0.735729694366, 0.568887531757, -1.29436429823, 0.000291044776119
1.17499172688, 3.09598565102, 2.32565021515, 2.06157684326, 2.06667041779, 1.15821647644, 0.735482513905, 0.5686866045, -1.29839378703, 4.77048955894e-18
1.17520213127, 3.06026172638, 2.29832816124, 2.04196667671, 2.04209733009, 1.15787172318, 0.73529291153, 0.568490207195, -1.30243236761, 4.77048955894e-18
1.17540276051, 3.03170084953, 2.27102589607, 2.01746511459, 2.01751708984, 1.15753757954, 0.735048472881, 0.568288266659, -1.30647993862, 4.77048955894e-18
1.17555654049, 2.99594664574, 2.24369597435, 1.99296689034, 1.99294316769, 1.15726435184, 0.734797537327, 0.568091988564, -1.30972439935, 0.0
1.17575144768, 2.9600725174, 2.21630120277, 1.96842813492, 1.96838498116, 1.15683352947, 0.734529197216, 0.56788611412, -1.31378789244, 0.0
1.17595767975, 2.92420744896, 2.18894934654, 1.94391751289, 1.94381701946, 1.15642344952, 0.734254956245, 0.567678451538, -1.31786008343, 0.0
1.17616450787, 2.88827514648, 2.16702008247, 1.91939461231, 1.91926777363, 1.15600061417, 0.733991086483, 0.567500889301, -1.32194086481, 0.0
1.17637228966, 2.8525853157, 2.1397087574, 1.89484357834, 1.89955496788, 1.15569639206, 0.733749449253, 0.567244291306, -1.32603012744, 0.0
1.17659878731, 2.81678962708, 2.1123714447, 1.87037861347, 1.87011694908, 1.1553003788, 0.733489394188, 0.567095398903, -1.33012776061, 0.0
1.17680764198, 2.78804993629, 2.08498978615, 1.84584665298, 1.85047197342, 1.1547794342, 0.733164906502, 0.566873311996, -1.33423365202, 0.0
1.17700862885, 2.74486637115, 2.05757284164, 1.82133805752, 1.82594394684, 1.15430235863, 0.732898175716, 0.566672205925, -1.33834768781, 0.0
1.1772108078, 2.71626210213, 2.03020572662, 1.80172228813, 1.80138802528, 1.15379083157, 0.732636094093, 0.566450417042, -1.34246975257, 0.0
1.1774238348, 2.68026709557, 2.00282883644, 1.77720713615, 1.77682614326, 1.15341353416, 0.732373893261, 0.566237032413, -1.34246975257, 0.0
1.17760503292, 2.64448332787, 1.97545790672, 1.75268936157, 1.75226104259, 1.15298175812, 0.732097148895, 0.566041588783, -1.34605588681, -0.000291044776119
1.1777998209, 2.60864758492, 1.948122859, 1.7281883955, 1.72771167755, 1.15261268616, 0.731801211834, 0.565822064877, -1.35019236284, 0.0
1.17801833153, 2.57274341583, 1.92073893547, 1.70366549492, 1.70311307907, 1.15224444866, 0.731574773788, 0.565616428852, -1.35433652723, 0.0
1.17822527885, 2.53705620766, 1.89343428612, 1.67916548252, 1.67856502533, 1.15186345577, 0.731292963028, 0.565385103226, -1.35848825872, 0.0
1.17845582962, 2.50120282173, 1.8715492487, 1.65465033054, 1.65891206264, 1.15151262283, 0.731026530266, 0.56522411108, -1.36264743454, 0.0
1.17865610123, 2.46536588669, 1.84419047832, 1.63013875484, 1.6343588829, 1.15102815628, 0.730725288391, 0.564997196198, -1.36681393043, 0.0
1.1788674593, 2.42961192131, 1.81686687469, 1.61052894592, 1.6098023653, 1.15058517456, 0.730450868607, 0.564799964428, -1.37098762072, -2.5890747879e-16
1.17909145355, 2.40074896812, 1.78938281536, 1.58110058308, 1.58524632454, 1.1501339674, 0.730237483978, 0.564589500427, -1.37486896501, 0.00029104477612
1.17928552628, 2.36497879028, 1.76210474968, 1.56149065495, 1.56066799164, 1.14975070953, 0.729980349541, 0.564398765564, -1.37905641092, 0.0
1.17949545383, 2.32910275459, 1.73474109173, 1.53697383404, 1.53611600399, 1.14930260181, 0.72970032692, 0.564198493958, -1.38325067571, 0.0
1.17964148521, 2.29324412346, 1.70735239983, 1.51245057583, 1.51155674458, 1.14891982079, 0.729422092438, 0.563962042332, -1.38661090898, 5.17814957579e-16
1.17987787724, 2.25752067566, 1.68005526066, 1.4879578352, 1.48699510098, 1.14858055115, 0.729152262211, 0.563750088215, -1.39081711609, 0.0
1.18009018898, 2.22176980972, 1.65820491314, 1.46344447136, 1.46242463589, 1.14824652672, 0.728899419308, 0.563539981842, -1.39502977113, 3.90312782095e-18
1.1802996397, 2.18597316742, 1.63085532188, 1.43893671036, 1.43784070015, 1.14784061909, 0.728649437428, 0.563334345818, -1.39924873911, 3.90312782095e-18
1.18050432205, 2.15025877953, 1.6035374403, 1.41932785511, 1.41818368435, 1.14750921726, 0.728355109692, 0.563140392303, -1.40347388368, 3.90312782095e-18
1.18074119091, 2.12159752846, 1.57619273663, 1.38990330696, 1.39360499382, 1.14704418182, 0.728132843971, 0.562935888767, -1.40770506725, -8.67361737988e-19
1.18095803261, 2.08587646484, 1.54884326458, 1.37028694153, 1.36902749538, 1.14673054218, 0.727892577648, 0.562720179558, -1.41222471562, -0.00029104477612
1.18117380142, 2.05014038086, 1.52155089378, 1.34090435505, 1.34445917606, 1.1463688612, 0.727625131607, 0.562469184399, -1.41646774039, 0.0
1.18137216568, 2.01444673538, 1.49423325062, 1.32128858566, 1.31987333298, 1.14595472813, 0.727337539196, 0.562244296074, -1.41986620534, -5.1738127671e-16
1.18159651756, 1.97856092453, 1.46685957909, 1.29676902294, 1.29533183575, 1.14546489716, 0.727035939693, 0.562028169632, -1.42411922327, 4.33680868994e-19
1.18181204796, 1.9427216053, 1.43949568272, 1.27225267887, 1.27075588703, 1.14503741264, 0.726751327515, 0.561811685562, -1.42837759252, 4.33680868994e-19
1.18202972412, 1.90686321259, 1.41213417053, 1.24773895741, 1.24618053436, 1.14468729496, 0.726475834846, 0.56159734726, -1.43264116846, 4.33680868994e-19
1.1822283268, 1.87103259563, 1.38476979733, 1.22321259975, 1.22160065174, 1.14428222179, 0.72618496418, 0.561376988888, -1.43690980537, 4.33680868994e-19
1.18223845959, 1.83524310589, 1.36289942265, 1.19869673252, 1.19704020023, 1.14389801025, 0.725931346416, 0.561207294464, -1.44118335642, 4.33680868994e-19
1.58585393429, 1.80662167072, 1.3355653286, 1.17418181896, 1.17736637592, 1.14356088638, 0.725684344769, 0.560991168022, -1.44546167375, 4.33680868994e-19
2.34921884537, 1.76373696327, 1.30823671818, 1.14967679977, 1.15279662609, 1.14323866367, 0.725423872471, 0.560776650906, -1.44546167375, 0.0
3.11365032196, 1.7279471159, 1.28089118004, 1.13005924225, 1.12822246552, 1.14277505875, 0.725199759007, 0.560562849045, -1.44944499331, 0.000291044776119
3.87987375259, 1.69928503036, 1.25352108479, 1.10552978516, 1.1036478281, 1.142359972, 0.724928975105, 0.560350060463, -1.45630667503, 2.5890747879e-16
5.0, 1.66747117043, 1.23599362373, 1.08700835705, 1.08541893959, 1.20706999302, 0.746580183506, 0.563112437725, -1.45716516056, -2.5890747879e-16
1.55458509922, 1.78937387466, 1.28927528858, 1.09984624386, 1.07560074329, 1.17490959167, 0.807618975639, 0.569787442684, -1.38081966297, 0.0771268656716
1.18377399445, 1.973782897, 1.343116045, 1.11076152325, 1.06039023399, 1.14026129246, 0.850935220718, 0.575539886951, -1.32603647311, 0.0555895522388
1.18285107613, 1.97501325607, 1.32497894764, 1.08768367767, 1.03621220589, 1.11443161964, 0.855165600777, 0.578263521194, -1.32190753423, 0.00727611940298
1.18270385265, 1.93033611774, 1.29463469982, 1.06246006489, 1.0121049881, 1.08908164501, 0.859440386295, 0.582272410393, -1.32610385093, 0.0
1.18260383606, 1.88662791252, 1.26461029053, 1.03738164902, 0.98967975378, 1.06504523754, 0.86904925108, 0.584966421127, -1.33143373467, -0.00029104477612
1.18231487274, 1.95759236813, 1.28194701672, 1.04143631458, 0.987329900265, 1.03835260868, 0.949804663658, 0.59658998251, -1.31387635585, 0.0192089552239
1.1790459156, 2.23370027542, 1.3701415062, 1.07878732681, 0.986548006535, 1.01411831379, 1.06034374237, 0.613146901131, -1.19775787921, 0.116126865672
1.19590520859, 2.52258276939, 1.47002053261, 1.1048951149, 0.983581960201, 0.989003300667, 1.13620328903, 0.628771841526, -1.1695586191, 0.0285223880597
1.19705736637, 2.61734557152, 1.4576331377, 1.08745336533, 0.960898756981, 0.965665698051, 1.11673355103, 0.636658608913, -1.15561493648, 0.0174626865672
1.18842709064, 2.55195450783, 1.42218339443, 1.06101059914, 0.937585949898, 0.947224974632, 1.091329813, 0.643610775471, -1.16119330478, 0.0
1.18240046501, 2.52654051781, 1.40841066837, 1.05274426937, 0.930972099304, 0.932643473148, 1.05789721012, 0.657119095325, -1.1609769681, 0.0014552238806
1.20120453835, 2.99623513222, 1.55486679077, 1.09986519814, 0.940648496151, 0.922915637493, 1.01535618305, 0.684516012669, -1.09808402012, 0.0631567164179
1.23515343666, 3.80058574677, 1.69070231915, 1.160364151, 0.958714306355, 0.919422090054, 0.981637060642, 0.718058347702, -0.981666204907, 0.116417910448
1.27838027477, 5.0, 1.88839483261, 1.21500599384, 0.969291090965, 0.907957732677, 0.951355338097, 0.747250676155, -0.952538842624, 0.0293955223881
1.28256475925, 5.0, 1.88381743431, 1.19049572945, 0.951257884502, 0.887095868587, 0.93013471365, 0.760888040066, -0.941221118052, 0.0165895522388
1.26712906361, 5.0, 1.84316504002, 1.17049109936, 0.935234248638, 0.874103784561, 0.917224466801, 0.782008945942, -0.942636933048, 0.0
1.2929456234, 5.0, 2.03761792183, 1.2299028635, 0.961590409279, 0.875314474106, 0.897095322609, 0.83134740591, -0.895600451055, 0.0477313432836
1.3583111763, 5.0, 2.39524459839, 1.33165490627, 0.998705089092, 0.878750801086, 0.879287600517, 0.889949083328, -0.822839334221, 0.0727611940299
1.40747189522, 5.0, 2.61235046387, 1.37656962872, 0.995562493801, 0.86281734705, 0.859964251518, 0.912116587162, -0.776883908686, 0.0477313432836
1.39052045345, 5.0, 2.55078649521, 1.34610676765, 0.973679840565, 0.847887039185, 0.841857492924, 0.930935144424, -0.779351381448, 0.0
1.36837852001, 5.0, 2.50420880318, 1.31652927399, 0.952196538448, 0.829143762589, 0.824692904949, 0.951530873775, -0.783075835583, 0.0
1.35780763626, 5.0, 2.57823467255, 1.35430145264, 0.96584290266, 0.832611560822, 0.817277491093, 1.00581431389, -0.774902990864, 0.00989552238806
1.4399740696, 2.82864904404, 3.22181487083, 1.50314056873, 1.01848864555, 0.849365353584, 0.814252078533, 1.08360314369, -0.70392529348, 0.0710149253731
1.55347859859, 1.69871127605, 5.0, 1.69590294361, 1.08352005482, 0.872260093689, 0.814189016819, 1.01825165749, -0.602059754579, 0.101865671642
1.68368089199, 1.22072792053, 5.0, 1.84590363503, 1.12741398811, 0.875381529331, 0.801307857037, 0.987564206123, -0.56240711875, 0.0401641791045
1.67505776882, 1.22375512123, 5.0, 1.82470917702, 1.10822987556, 0.85985571146, 0.789746999741, 0.971185445786, -0.558323152007, 0.00727611940299
1.65213096142, 1.24814260006, 5.0, 1.84971523285, 1.12774479389, 0.865835130215, 0.78719830513, 0.932554721832, -0.557599544942, 0.0014552238806
1.81516623497, 1.05955314636, 5.0, 2.1665327549, 1.22509753704, 0.909404098988, 0.794210016727, 0.891819953918, -0.471113583402, 0.0867313432836
1.99385070801, 1.0631121397, 5.0, 2.56498122215, 1.30317640305, 0.925968468189, 0.79162478447, 0.869076192379, -0.427020525047, 0.0442388059701
2.04640746117, 1.04684197903, 5.0, 2.55127263069, 1.28378677368, 0.912357568741, 0.780094623566, 0.857436418533, -0.479189979453, -0.0515149253731
1.99769330025, 1.02340471745, 5.0, 2.51237201691, 1.26898419857, 0.899023592472, 0.769574820995, 0.848144233227, -0.482087702309, 2.22044604925e-16
1.9840965271, 1.01556694508, 5.0, 2.74037361145, 1.31581687927, 0.925788640976, 0.777054727077, 0.824296414852, -0.4770589107, 0.00582089552239
2.27035021782, 1.04328775406, 2.3618221283, 3.57530093193, 1.47186756134, 0.982599139214, 0.799933612347, 0.802137196064, -0.409020503127, 0.0681044776119
2.70140814781, 1.08655333519, 1.5982183218, 5.0, 1.67559933662, 1.05188441277, 0.823747634888, 0.785608351231, -0.336259309098, 0.0727611940299
3.21682524681, 1.12374639511, 1.30479514599, 5.0, 1.79419708252, 1.06922590733, 0.822753310204, 0.777545392513, -0.275080854869, 0.0617014925373
3.18999671936, 1.09881937504, 1.32722353935, 5.0, 1.77866923809, 1.06005990505, 0.815689623356, 0.771044254303, -0.274989867411, 0.00203731343284
3.10780096054, 1.07058954239, 1.34661877155, 5.0, 1.78892946243, 1.07197332382, 0.817976474762, 0.766419708729, -0.275236338406, 2.22044604925e-16
3.3787522316, 1.09846746922, 1.10716724396, 5.0, 2.08124947548, 1.14484155178, 0.852484941483, 0.756735861301, -0.203277873363, 0.0724701492537
3.93593668938, 1.16111767292, 0.953911542892, 5.0, 2.39975118637, 1.22333323956, 0.871669411659, 0.751628100872, -0.173954019348, 0.0293955223881
3.92545747757, 1.14701914787, 0.935014307499, 5.0, 2.39125537872, 1.21829342842, 0.867346584797, 0.748951673508, -0.15513842233, 0.0195
3.92924761772, 1.11511027813, 0.925122499466, 5.0, 2.38046574593, 1.21222364902, 0.863158524036, 0.745504200459, -0.15584713588, -2.22044604925e-16
3.93287324905, 1.08999276161, 0.93420791626, 5.0, 2.36933398247, 1.20664584637, 0.859906196594, 0.742012262344, -0.156562301101, -2.22044604925e-16
3.93642950058, 1.05875635147, 0.943022370338, 5.0, 2.35883641243, 1.20114159584, 0.855840802193, 0.738489508629, -0.15728400575, -2.22044604925e-16
3.93998575211, 1.02757287025, 0.951756954193, 5.0, 2.34867978096, 1.19570374489, 0.851789951324, 0.734949171543, -0.158012339171, -2.22044604925e-16
3.94282269478, 0.996413767338, 0.960473060608, 5.0, 2.33856296539, 1.19135057926, 0.847739100456, 0.73141181469, -0.158599839771, 0.0
3.94708037376, 0.965252637863, 0.969144463539, 5.0, 2.32848310471, 1.1848487854, 0.843698263168, 0.727877497673, -0.159489258032, 0.0
3.949914217, 0.934103906155, 0.977836072445, 5.0, 2.31836652756, 1.18049514294, 0.839645922184, 0.724338114262, -0.160087718742, 0.0
3.95346617699, 0.902956426144, 0.984792113304, 5.0, 2.31029391289, 1.17506873608, 0.835604250431, 0.720798254013, -0.160842085442, 0.0
3.93403625488, 0.871822059155, 0.993454098701, 5.0, 2.29825592041, 1.16964614391, 0.8315513134, 0.717958688736, -0.161603532982, 0.0
3.80318140984, 0.846900582314, 1.00218379498, 5.0, 2.29015779495, 1.16421186924, 0.827498793602, 0.714413106441, -0.162079572388, 0.000291044776119
3.67251348495, 0.815759122372, 1.01086008549, 5.0, 2.28011631966, 1.15879845619, 0.824262499809, 0.710868000984, -0.162854088227, 0.0
3.5420396328, 0.784620881081, 1.01951360703, 5.0, 2.27016067505, 1.15338599682, 0.82021945715, 0.707326471806, -0.0904830386009, 0.0727611940299
3.43748736382, 0.753475606441, 1.02821028233, 5.0, 2.26005220413, 1.14794373512, 0.81616204977, 0.703778028488, -0.0908321524627, -2.22044604925e-16
3.30669999123, 0.722332119942, 1.03691852093, 5.0, 2.24996161461, 1.14359259605, 0.812104523182, 0.70023393631, -0.0912723409803, 2.22044604925e-16
3.1759827137, 0.69119066, 1.04387509823, 5.0, 2.24000048637, 1.13819372654, 0.808071136475, 0.696694552898, -0.0920069557244, -0.000291044776119
3.04560637474, 0.660062909126, 1.05250751972, 5.0, 2.22999858856, 1.13278257847, 0.804027438164, 0.693450450897, -0.0927294111035, 4.4408920985e-16
2.93708705902, 0.639441132545, 1.04133093357, 5.0, 2.44487857819, 1.18124306202, 0.830982863903, 0.693073809147, -0.0419108539617, 0.0509867685075
3.96160936356, 0.687571585178, 0.883430302143, 2.98228216171, 2.99226260185, 1.31513190269, 0.874865353107, 0.69429898262, -0.0274124979272, 0.0144983061194
3.95671367645, 0.697711765766, 0.813838005066, 2.55651116371, 3.3113796711, 1.34197950363, 0.877241790295, 0.6937494874, -0.0431434979039, -0.0157164179104
3.95738983154, 0.669089496136, 0.815774261951, 2.56752824783, 3.29971051216, 1.3397244215, 0.876434266567, 0.693213045597, -0.0430655370096, 0.00029104477612
3.95791697502, 0.633703887463, 0.817378818989, 2.57556438446, 3.29440498352, 1.33816957474, 0.875476539135, 0.692496836185, -0.0432797216444, 0.0
3.95863986015, 0.598662674427, 0.818953573704, 2.57958340645, 3.29057836533, 1.3367344141, 0.874523639679, 0.691753983498, -0.0434960460542, -2.22044604925e-16
3.95938706398, 0.563666760921, 0.82047188282, 2.58415365219, 3.28705096245, 1.33533084393, 0.873578667641, 0.691008031368, -0.0437145424448, 4.4408920985e-16
3.95997166634, 0.528695046902, 0.821976006031, 2.58844709396, 3.28384542465, 1.33424830437, 0.872647404671, 0.690247833729, -0.04389092544, -2.22044604925e-16
3.96073508263, 0.509248435497, 0.823150277138, 2.59256362915, 3.2913980484, 1.34637093544, 0.876623868942, 0.69124263525, -0.044158183255, 2.22044604925e-16
3.96130394936, 0.501973390579, 0.754658579826, 2.06454277039, 5.0, 1.4797693491, 0.934481501579, 0.695677936077, 0.0186214758183, 0.0628656716418
3.9547317028, 0.549744129181, 0.681650280952, 1.58196854591, 5.0, 1.64724397659, 0.974950194359, 0.698703587055, 0.047732774318, 0.0291044776119
3.95514655113, 0.52430087328, 0.665556073189, 1.55462741852, 5.0, 1.65088200569, 0.976901173592, 0.700746834278, 0.0706400360402, 0.0227014925373
3.95289111137, 0.491857409477, 0.662854731083, 1.5502730608, 5.0, 1.65452885628, 0.979521453381, 0.702786445618, 0.0710025251615, 0.0
3.95085000992, 0.452245593071, 0.65960329771, 1.54516232014, 5.0, 1.65858066082, 0.982148170471, 0.704769730568, 0.071368747447, 0.0
3.94885921478, 0.433443665504, 0.656357645988, 1.53730750084, 5.0, 1.66264510155, 0.984773993492, 0.706746816635, 0.0717387606606, 0.0
3.94687080383, 0.4224652946, 0.653091788292, 1.53197443485, 5.0, 1.66694569588, 0.986932694912, 0.708728849888, 0.072112623764, 0.0
3.94489336014, 0.420111745596, 0.649806916714, 1.52386498451, 5.0, 1.67121934891, 0.989614903927, 0.710709869862, 0.0579002597102, -0.014552238806
3.94292259216, 0.417756050825, 0.646515548229, 1.51837050915, 5.0, 1.6731505394, 0.991423487663, 0.711484849453, 0.0728646955702, 0.014552238806
3.94100856781, 0.422376096249, 0.6767796278, 1.68145108223, 5.0, 1.51003170013, 0.940360605717, 0.708002746105, 0.0552626909214, -0.0177537313433
3.94398999214, 0.442582666874, 0.720252513885, 1.95114898682, 5.0, 1.4838616848, 0.932280242443, 0.708468675613, 0.0152145603097, -0.0401641791045
3.94376587868, 0.441926270723, 0.719063818455, 1.94643557072, 5.0, 1.48500871658, 0.932994842529, 0.708887398243, 0.0126747400674, -0.00261940298507
3.94332790375, 0.441322356462, 0.718291342258, 1.94335520267, 5.0, 1.4861716032, 0.933647930622, 0.709245800972, 0.0127426064734, 0.0
3.94287037849, 0.440724343061, 0.717385172844, 1.94117307663, 5.0, 1.4870595932, 0.934246122837, 0.70971930027, 0.0128112035281, 0.0
3.94239592552, 0.440134525299, 0.716522276402, 1.93940782547, 5.0, 1.48802506924, 0.934868037701, 0.710192263126, 0.0131714472741, 0.00029104477612
3.62236118317, 0.4396674335, 0.715669453144, 1.93694162369, 5.0, 1.4889472723, 0.935457706451, 0.710651159286, 0.013243123661, 0.0
2.46499919891, 0.439085751772, 0.714820384979, 1.93532252312, 5.0, 1.48986721039, 0.935951590538, 0.711132049561, 0.0133155843671, 0.0
1.30623924732, 0.438483148813, 0.713933348656, 1.93274068832, 5.0, 1.49082946777, 0.936584413052, 0.71161043644, 0.0861131590524, 0.0727611940299
0.339605569839, 0.437891483307, 0.713061451912, 1.93099224567, 5.0, 1.49175608158, 0.937183737755, 0.712072193623, 0.0865876496037, 0.0
0.339294195175, 0.437300264835, 0.712186455727, 1.92878627777, 5.0, 1.49272334576, 0.937809050083, 0.712545394897, 0.0869710140076, -2.22044604925e-16
0.338820844889, 0.436721891165, 0.711342513561, 1.92682957649, 5.0, 1.49343383312, 0.938409864902, 0.713019192219, 0.0144511470545, -0.0727611940299
0.338347494602, 0.436131983995, 0.710656523705, 1.92484009266, 5.0, 1.49431622028, 0.939002633095, 0.713396131992, 0.0145318921265, 0.0
0.337880223989, 0.435557931662, 0.709830582142, 1.92294943333, 5.0, 1.49517965317, 0.939595997334, 0.713867664337, 0.014613544522, 0.0
0.337408483028, 0.434968084097, 0.708973586559, 1.92080557346, 5.0, 1.49615895748, 0.940219521523, 0.71433275938, 0.0146961196198, 0.0
0.33693510294, 0.434384465218, 0.708103299141, 1.91912794113, 5.0, 1.49706876278, 0.940815329552, 0.714795708656, 0.0147796331477, -2.22044604925e-16
0.336475044489, 0.433909058571, 0.707231223583, 1.91660189629, 5.0, 1.49797749519, 0.941304266453, 0.715275466442, 0.0148641011934, 0.0
0.335997521877, 0.433317929506, 0.706385850906, 1.91510248184, 5.0, 1.49883329868, 0.941890001297, 0.715738534927, 0.0146583235798, -0.00029104477612
0.335629165173, 0.43275308609, 0.705580711365, 1.9133452177, 5.0, 1.49949526787, 0.942468762398, 0.716205835342, 0.0147260391985, 4.4408920985e-16
0.335161656141, 0.432184070349, 0.704744100571, 1.91138386726, 5.0, 1.50040376186, 0.943069517612, 0.716676592827, 0.0148115685711, 0.0
0.334690630436, 0.431588500738, 0.703903973103, 1.90945386887, 5.0, 1.50126767159, 0.943658649921, 0.717145204544, 0.0148980971893, 0.0
0.334222584963, 0.431014209986, 0.703219771385, 1.90723216534, 5.0, 1.50227427483, 0.944311022758, 0.717529118061, 0.0149856427834, 0.0
0.33375197649, 0.430407881737, 0.702319741249, 1.90516340733, 5.0, 1.50316631794, 0.944908201694, 0.717996418476, 0.0150742232668, 0.0
0.333275735378, 0.429806143045, 0.701420962811, 1.90281140804, 5.0, 1.50420355797, 0.945424497128, 0.718465447426, 0.0154547209012, 0.000291044776119
0.332799762487, 0.429334640503, 0.70059221983, 1.90107738972, 5.0, 1.5049533844, 0.945978820324, 0.718943059444, 0.0155471654797, 4.4408920985e-16
0.332336187363, 0.428779661655, 0.699799060822, 1.89971208572, 5.0, 1.50580489635, 0.946552872658, 0.719403505325, 0.015640722563, 0.0
0.331874281168, 0.428202599287, 0.698943793774, 1.89765799046, 5.0, 1.506747365, 0.947169840336, 0.71987003088, 0.0157354123533, 0.0
0.331498593092, 0.427620440722, 0.69810551405, 1.89571082592, 5.0, 1.50761568546, 0.947755694389, 0.720341444016, 0.0158119936243, -4.4408920985e-16
0.330935895443, 0.427036345005, 0.697258651257, 1.89369809628, 5.0, 1.50849759579, 0.948355138302, 0.720824122429, 0.0159282733394, 4.4408920985e-16
0.330544531345, 0.426441669464, 0.696404576302, 1.89175224304, 5.0, 1.50922334194, 0.948971152306, 0.721292674541, 0.0160067478696, -4.4408920985e-16
0.330075651407, 0.425858259201, 0.695572853088, 1.88997769356, 5.0, 1.51000654697, 0.949534535408, 0.721767783165, 0.0161059350557, 0.0
0.329601913691, 0.425281196833, 0.69492161274, 1.88827753067, 5.0, 1.51085722446, 0.950128734112, 0.722156107426, 0.0162063590418, 0.0
0.329124629498, 0.424709588289, 0.694100439548, 1.88631033897, 5.0, 1.51172399521, 0.950705289841, 0.722603917122, 0.0163080431044, 0.0
0.32867205143, 0.424251884222, 0.693253397942, 1.8846770525, 5.0, 1.51261377335, 0.951285302639, 0.723079383373, 0.0164110111072, 0.0
0.328203111887, 0.423686057329, 0.692461311817, 1.88279080391, 5.0, 1.51334297657, 0.951722741127, 0.723542034626, 0.0889327549366, 0.0724701492537
0.327736526728, 0.423126518726, 0.691703557968, 1.88169980049, 5.0, 1.51403737068, 0.952256500721, 0.724003255367, 0.0894988963883, 0.0
0.327280879021, 0.422577440739, 0.69090628624, 1.87989580631, 5.0, 1.51477169991, 0.952845573425, 0.724460303783, 0.0900722724501, 0.0
0.326816856861, 0.421995520592, 0.690059065819, 1.87785732746, 5.0, 1.51593220234, 0.953465938568, 0.724916577339, 0.0176005228497, -0.0727611940299
0.326363623142, 0.421412050724, 0.689160764217, 1.87541484833, 5.0, 1.51670181751, 0.954068720341, 0.725374639034, 0.017714521095, 0.0
0.325996637344, 0.42082887888, 0.688484370708, 1.87332034111, 5.0, 1.51763868332, 0.954691171646, 0.725856602192, 0.0178067883611, 2.22044604925e-16
0.32551458478, 0.420242667198, 0.687628507614, 1.87135672569, 5.0, 1.51852762699, 0.955298602581, 0.72623360157, 0.0179234827876, 0.0
0.325045257807, 0.419657558203, 0.686776220798, 1.86948525906, 5.0, 1.51935505867, 0.955865263939, 0.726698458195, 0.0180417166193, 0.0
0.324582964182, 0.419101297855, 0.685998439789, 1.8678508997, 5.0, 1.52016413212, 0.95643132925, 0.727161169052, 0.0181615205163, 0.0
0.324121564627, 0.41852325201, 0.685156643391, 1.86578142643, 5.0, 1.5210801363, 0.956916511059, 0.72762131691, 0.0182829259583, 0.0
0.323658257723, 0.418062329292, 0.684351444244, 1.86430776119, 5.0, 1.52195930481, 0.957499325275, 0.728081285954, 0.018405965272, 0.0
0.323202997446, 0.417498260736, 0.683499515057, 1.86231136322, 5.0, 1.52280378342, 0.958081543446, 0.728551208973, 0.0188214653371, 0.000291044776119
0.322821825743, 0.416907757521, 0.682631313801, 1.86021375656, 5.0, 1.52355349064, 0.958684742451, 0.729010999203, 0.0189240368092, 0.0
0.322362214327, 0.416340351105, 0.681975245476, 1.85824203491, 5.0, 1.52443432808, 0.959256470203, 0.729472398758, 0.0190538340219, -2.22044604925e-16
0.321900784969, 0.415768951178, 0.680991053581, 1.85633921623, 5.0, 1.52529990673, 0.959861397743, 0.729932785034, 0.0191854238297, -2.22044604925e-16
0.321440011263, 0.415195256472, 0.680314958096, 1.85435974598, 5.0, 1.52619469166, 0.960443973541, 0.730395436287, 0.0193188436218, -2.22044604925e-16
0.320977687836, 0.414612352848, 0.67946845293, 1.85237908363, 5.0, 1.52706480026, 0.961042106152, 0.73076993227, 0.0191628159619, -0.00029104477612
0.32051128149, 0.41403567791, 0.678629636765, 1.83447051048, 5.0, 1.5279968977, 0.9616497159, 0.731236338615, 0.0192979558852, 0.0
0.320039510727, 0.413560301065, 0.677761852741, 1.80571234226, 5.0, 1.52886354923, 0.962236642838, 0.731699705124, 0.0194350151705, 0.0
0.319577485323, 0.412990152836, 0.676927149296, 1.78653800488, 5.0, 1.52977967262, 0.962721467018, 0.732167363167, 0.0195740349955, 0.0
0.319125145674, 0.412431001663, 0.676111996174, 1.75777077675, 5.0, 1.53063130379, 0.963302671909, 0.732635200024, 0.0197150577239, 0.0
0.31864720583, 0.411834657192, 0.675266683102, 1.73859369755, 5.0, 1.53149199486, 0.963885188103, 0.733089983463, 0.0198581269488, 0.0
0.318283677101, 0.411272197962, 0.674440920353, 1.73324131966, 5.0, 1.53240454197, 0.964484751225, 0.733559787273, 0.019974085913, 0.0
0.317813843489, 0.410688400269, 0.673594117165, 1.7311809063, 5.0, 1.53330051899, 0.96507537365, 0.734019100666, 0.020120952783, 0.0
0.317354828119, 0.410115391016, 0.67275673151, 1.72915375233, 5.0, 1.53406107426, 0.965686023235, 0.734481334686, 0.0202699951395, 0.0
0.31689286232, 0.409541010857, 0.672085344791, 1.72715353966, 5.0, 1.53493690491, 0.966278254986, 0.734942615032, 0.0931063410287, 0.0727611940299
0.316430956125, 0.409070163965, 0.671222090721, 1.72498607635, 5.0, 1.53586757183, 0.966858744621, 0.735308945179, 0.0938027755184, 2.22044604925e-16
0.315965354443, 0.408494800329, 0.670387327671, 1.72350692749, 5.0, 1.536693573, 0.967333555222, 0.735778152943, 0.0945096759041, 2.22044604925e-16
0.315504491329, 0.407926291227, 0.669560790062, 1.72120988369, 5.0, 1.53755807877, 0.967921733856, 0.736244738102, 0.0952272791687, 2.22044604925e-16
0.315044552088, 0.407357782125, 0.668747186661, 1.71970593929, 5.0, 1.53824853897, 0.968493878841, 0.736698567867, 0.0228289764416, -0.0727611940299
0.314588397741, 0.40679949522, 0.667938768864, 1.7179415226, 5.0, 1.53923559189, 0.969068706036, 0.737155735493, 0.0232952482835, 0.00029104477612
0.314218878746, 0.406224727631, 0.667111814022, 1.7159832716, 5.0, 1.53994977474, 0.969660520554, 0.737624824047, 0.0234394664169, 0.0
0.313749849796, 0.405637681484, 0.666233062744, 1.71384930611, 5.0, 1.54089546204, 0.970280528069, 0.738103091717, 0.0236222693023, 0.0
0.313271701336, 0.405056327581, 0.665571928024, 1.71196579933, 5.0, 1.54174602032, 0.970867574215, 0.738567590714, 0.0238079453926, -2.22044604925e-16
0.31280785799, 0.404477745295, 0.664735555649, 1.70996332169, 5.0, 1.54263222218, 0.971444666386, 0.738931953907, 0.0239965629508, 0.0
0.312354624271, 0.403909236193, 0.663900792599, 1.70794117451, 5.0, 1.5435552597, 0.9720479846, 0.739385306835, 0.024188192419, 0.0
0.311895757914, 0.403445214033, 0.663032531738, 1.70586287975, 5.0, 1.54445302486, 0.972648561001, 0.739852845669, 0.0243829065062, -2.22044604925e-16
0.31142950058, 0.402863770723, 0.662218332291, 1.70434403419, 5.0, 1.54536378384, 0.973127186298, 0.740314543247, 0.0242893365522, -0.000291044776119
0.310971260071, 0.402286529541, 0.661317050457, 1.70200943947, 5.0, 1.54626429081, 0.973715007305, 0.740781128407, 0.0244880604457, 0.0
0.310504257679, 0.401705384254, 0.660496294498, 1.7001285553, 5.0, 1.54719042778, 0.974330186844, 0.741244733334, 0.0246900622242, 0.0
0.310130059719, 0.40113016963, 0.659656405449, 1.69812500477, 5.0, 1.54809892178, 0.974919080734, 0.741691231728, 0.0248540786082, 4.4408920985e-16
0.309684038162, 0.400557249784, 0.658981144428, 1.69589400291, 5.0, 1.54910159111, 0.975560128689, 0.74217325449, 0.0250621884508, 0.0
0.309200704098, 0.399945437908, 0.65807145834, 1.69375479221, 5.0, 1.54982149601, 0.976155638695, 0.742643356323, 0.0252738119203, 0.0
0.308731257915, 0.3993717134, 0.657234728336, 1.69176709652, 5.0, 1.55072546005, 0.976753592491, 0.743013441563, 0.025489038913, 0.0
0.308258920908, 0.398782134056, 0.656373858452, 1.68976604939, 5.0, 1.55162334442, 0.97736531496, 0.743493080139, 0.02570796224, 0.0
0.307789742947, 0.398208200932, 0.655538260937, 1.68814456463, 5.0, 1.55255806446, 0.977954685688, 0.743949472904, 0.0259306779264, 0.0
0.307327061892, 0.39773607254, 0.654689311981, 1.68581092358, 5.0, 1.55339086056, 0.978544175625, 0.744416475296, 0.0261572853518, 0.0
0.306866168976, 0.397169440985, 0.653877556324, 1.68431389332, 5.0, 1.55426478386, 0.979008674622, 0.744876921177, 0.0263878873978, 0.0
0.306408852339, 0.396602928638, 0.653061747551, 1.68211936951, 5.0, 1.55488491058, 0.979562938213, 0.745280921459, 0.0270092495773, 0.000291044776119
0.306087166071, 0.393948286772, 0.63442915678, 1.573371768, 5.0, 1.64193630219, 1.02284002304, 0.749650895596, 0.0439872164401, 0.0168805970149
0.302546560764, 0.368379950523, 0.574339807034, 1.22666287422, 5.0, 1.83350551128, 1.06781733036, 0.75389957428, 0.086802842676, 0.0427835820896
0.300114452839, 0.361818015575, 0.558981537819, 1.20303785801, 5.0, 1.83922076225, 1.07077884674, 0.756376564503, 0.10640213651, 0.0189179104478
0.297600954771, 0.359010964632, 0.555168747902, 1.19597232342, 5.0, 1.8441940546, 1.0740647316, 0.758358240128, 0.107370446139, 0.0
0.295121610165, 0.356131762266, 0.552018284798, 1.18831419945, 5.0, 1.84945499897, 1.0773806572, 0.760802865028, 0.180622163933, 0.0727611940299
0.292667597532, 0.353264123201, 0.548084914684, 1.18051028252, 5.0, 1.85492658615, 1.08073353767, 0.763237535954, 0.182282492055, 2.22044604925e-16
0.290232211351, 0.350384175777, 0.544112682343, 1.17416810989, 5.0, 1.8603117466, 1.08341133595, 0.765692830086, 0.110362832863, -0.0727611940299
0.287788033485, 0.348093122244, 0.54016327858, 1.16631698608, 5.0, 1.86588406563, 1.08681964874, 0.768147230148, 0.111394956806, 0.0
0.285327523947, 0.345198601484, 0.536174356937, 1.15842616558, 5.0, 1.87015533447, 1.08931553364, 0.769076168537, 0.112659168311, 0.0
0.284938275814, 0.349029898643, 0.562114596367, 1.28151524067, 5.0, 1.67985641956, 1.03150069714, 0.76437240839, 0.0944471996322, -0.0186268656716
0.286528170109, 0.365627348423, 0.597075998783, 1.47231507301, 5.0, 1.64836072922, 1.0222401619, 0.765171349049, 0.0502540284011, -0.0445298507463
0.285789489746, 0.364772766829, 0.595666050911, 1.46872091293, 5.0, 1.64993298054, 1.02344715595, 0.766003787518, 0.0481119002183, -0.00261940298507
0.284950256348, 0.363593995571, 0.59385061264, 1.46384620667, 5.0, 1.65231144428, 1.02475762367, 0.766925215721, 0.0485798386953, 0.0
0.284027338028, 0.362467676401, 0.592534422874, 1.46002495289, 5.0, 1.65419960022, 1.0259540081, 0.767657458782, 0.0490569615781, 0.0
0.283107995987, 0.361328274012, 0.590904355049, 1.45713579655, 5.0, 1.65602076054, 1.02715098858, 0.768595278263, 0.0495435417215, 2.22044604925e-16
0.282180011272, 0.360206991434, 0.589308798313, 1.45301246643, 5.0, 1.6577038765, 1.02831184864, 0.769502937794, 0.0500398628876, -4.4408920985e-16
0.281263172626, 0.359315574169, 0.587703466415, 1.45005846024, 5.0, 1.65950202942, 1.029509902, 0.770428538322, 0.0505462202954, 0.0
0.280345857143, 0.35818913579, 0.586094260216, 1.4464379549, 5.0, 1.66140520573, 1.03047692776, 0.77133834362, 0.0513529211481, 0.000291044776119
0.279615402222, 0.357046931982, 0.584427833557, 1.44261515141, 5.0, 1.66323912144, 1.03169047832, 0.772269070148, 0.051776324178, 4.4408920985e-16
0.278685331345, 0.355890572071, 0.58285266161, 1.43914937973, 5.0, 1.66497981548, 1.03285586834, 0.773195564747, 0.0523154893769, 0.0
0.277759134769, 0.354792684317, 0.581210792065, 1.43547558784, 5.0, 1.66647493839, 1.03407406807, 0.774135828018, 0.052865990987, 0.0
0.276819199324, 0.353633910418, 0.579888701439, 1.43179011345, 5.0, 1.66827118397, 1.0352793932, 0.775065302849, 0.0534281902186, 0.0
0.275890350342, 0.352507293224, 0.578278362751, 1.42810297012, 5.0, 1.67008411884, 1.03646111488, 0.775805413723, 0.0540024635528, 0.0
0.274968028069, 0.351358383894, 0.576636373997, 1.42454361916, 5.0, 1.6719301939, 1.03765940666, 0.776720583439, 0.0545892037859, 0.0
0.274055063725, 0.350486189127, 0.575071752071, 1.4218814373, 5.0, 1.67349493504, 1.03879845142, 0.777657926083, 0.055188820921, 0.0
0.273119598627, 0.3493514359, 0.573453724384, 1.41758978367, 5.0, 1.67533791065, 1.03976011276, 0.77857863903, 0.0558017431203, 0.0
0.272196263075, 0.348220914602, 0.562419772148, 1.41464877129, 5.0, 1.6772261858, 1.04097247124, 0.779490470886, 0.0564284177203, 0.0
0.271296769381, 0.347118109465, 0.541348814964, 1.41111898422, 5.0, 1.67888581753, 1.04209434986, 0.780388593674, 0.0570693123161, 0.0
0.270571053028, 0.346009254456, 0.524554252625, 1.40765810013, 5.0, 1.68024778366, 1.04326701164, 0.781297028065, 0.0573002317924, -0.00029104477612
0.269663274288, 0.344888329506, 0.523281097412, 1.40407752991, 5.0, 1.68207859993, 1.04448723793, 0.782229363918, 0.0579645686371, 0.0
0.268729925156, 0.34373575449, 0.521599292755, 1.40008747578, 5.0, 1.68410432339, 1.04570508003, 0.782971322536, 0.131063421518, 0.0727611940299
0.267811745405, 0.342633962631, 0.520027160645, 1.39661133289, 5.0, 1.68578147888, 1.0468429327, 0.783860206604, 0.132606122612, 2.22044604925e-16
0.26690351963, 0.341730415821, 0.518415212631, 1.39302158356, 5.0, 1.68755924702, 1.04802787304, 0.784773170948, 0.13418535266, 2.22044604925e-16
0.265997976065, 0.340615719557, 0.516807019711, 1.38939583302, 5.0, 1.6893901825, 1.04899418354, 0.785699009895, 0.0622278774852, -0.0727611940299
0.265078991652, 0.339491188526, 0.515201687813, 1.38655924797, 5.0, 1.69076883793, 1.05017387867, 0.786620914936, 0.0629841480462, 0.0
0.264160394669, 0.338362932205, 0.513580441475, 1.38286864758, 5.0, 1.69299268723, 1.05136692524, 0.787514567375, 0.0637590018193, 0.0
0.26344615221, 0.337249577045, 0.511974990368, 1.37923800945, 5.0, 1.69442653656, 1.05255413055, 0.788437724113, 0.0643927289583, -2.22044604925e-16
0.262320309877, 0.3361107409, 0.510361135006, 1.37569224834, 5.0, 1.69655883312, 1.05372321606, 0.789368152618, 0.0652028009174, -2.22044604925e-16
0.261594086885, 0.335009127855, 0.50910192728, 1.37216162682, 5.0, 1.69787049294, 1.05487847328, 0.790100812912, 0.0663228465548, 0.00029104477612
0.260659873486, 0.321727484465, 0.50716739893, 1.36871576309, 5.0, 1.69966816902, 1.05607557297, 0.791215658188, 0.0671786430041, 0.0
0.259748280048, 0.306080430746, 0.505889296532, 1.36585819721, 5.0, 1.70140731335, 1.05722236633, 0.791932404041, 0.0680567791351, 0.0
0.258835732937, 0.300944954157, 0.504288673401, 1.36159229279, 5.0, 1.70319271088, 1.05841088295, 0.792853176594, 0.068958139838, 0.0
0.257920324802, 0.299810022116, 0.502658545971, 1.35863733292, 5.0, 1.70501446724, 1.0593791008, 0.793770372868, 0.0698836572859, 0.0
0.256996005774, 0.298906236887, 0.501026749611, 1.35419547558, 5.0, 1.70687937737, 1.06083095074, 0.79471296072, 0.0708343144009, -2.22044604925e-16
0.25607252121, 0.297773689032, 0.499432444572, 1.35136938095, 5.0, 1.70869493484, 1.06177675724, 0.795618772507, 0.0718111475053, -2.22044604925e-16
0.25515922904, 0.296648681164, 0.497792482376, 1.34759676456, 5.0, 1.71052777767, 1.06296992302, 0.79653263092, 0.0581614173575, -0.014552238806
0.254432678223, 0.295539647341, 0.496196717024, 1.34398591518, 5.0, 1.71198666096, 1.06416356564, 0.797435820103, 0.0731612090332, 0.0142611940299
0.253528982401, 0.294419974089, 0.494577556849, 1.34028100967, 5.0, 1.71382808685, 1.06533920765, 0.79816365242, 0.0742105000374, 0.0
0.252615302801, 0.293291479349, 0.493287563324, 1.33681643009, 5.0, 1.71551334858, 1.06648981571, 0.799076378345, 0.0752902695139, 0.0
0.251701921225, 0.292177259922, 0.491681873798, 1.33299612999, 5.0, 1.71746742725, 1.06771397591, 0.799986302853, 0.0764018623518, 0.0
0.225806251168, 0.291052669287, 0.490066379309, 1.32936227322, 5.0, 1.71924853325, 1.06866967678, 0.800909638405, 0.0775467035851, 0.0
0.224885776639, 0.289917260408, 0.488427937031, 1.32556176186, 5.0, 1.72114944458, 1.07012653351, 0.80182993412, 0.0787263044395, 0.0
0.224150538445, 0.289009034634, 0.48681050539, 1.32264709473, 5.0, 1.72293663025, 1.07131767273, 0.802735030651, 0.0796960866531, 0.0
0.223083496094, 0.287930309772, 0.485153913498, 1.31836700439, 5.0, 1.72480547428, 1.07230758667, 0.803673505783, 0.0811963011048, 0.0
0.222119733691, 0.286745250225, 0.48354357481, 1.31529057026, 5.0, 1.72624433041, 1.07323873043, 0.804404318333, 0.0824902128914, 0.0
0.221381932497, 0.28562232852, 0.481936246157, 1.31166410446, 5.0, 1.72807085514, 1.07466065884, 0.805316627026, 0.0835553474515, 0.0
0.220664069057, 0.284731954336, 0.480644762516, 1.30878555775, 5.0, 1.72984445095, 1.0758382082, 0.806422770023, 0.142306878585, 0.0582089552239
0.219559043646, 0.283378690481, 0.479036808014, 1.30440056324, 5.0, 1.73163712025, 1.07704687119, 0.807342767715, 0.145129301774, -6.66133814775e-16
0.218638896942, 0.282250791788, 0.477417141199, 1.30072712898, 5.0, 1.73350834846, 1.07824575901, 0.808085024357, 0.147567648494, 0.0
0.217718422413, 0.281122893095, 0.475805550814, 1.29719853401, 5.0, 1.73519361019, 1.07941651344, 0.809001147747, 0.0763423878143, -0.0724701492537
0.216797053814, 0.280220270157, 0.474190592766, 1.29430735111, 5.0, 1.73701906204, 1.08035194874, 0.809910833836, 0.0776614219836, 0.0
0.215877518058, 0.279093176126, 0.472558766603, 1.28995263577, 5.0, 1.73885047436, 1.08155298233, 0.810831606388, 0.0790267411541, 0.0
0.214969918132, 0.277977913618, 0.470968276262, 1.28701651096, 5.0, 1.74069213867, 1.08275151253, 0.811743795872, 0.0804408196794, 0.0
0.21405428648, 0.276852220297, 0.469350397587, 1.28334605694, 5.0, 1.74250781536, 1.0839318037, 0.812659978867, 0.0819063110758, -2.22044604925e-16
0.213322862983, 0.275730401278, 0.467735737562, 1.27973413467, 5.0, 1.74422943592, 1.08509802818, 0.813573420048, 0.0831176290616, 2.22044604925e-16
0.212410867214, 0.274620324373, 0.466148674488, 1.27622878551, 5.0, 1.74605512619, 1.08628761768, 0.814491212368, 0.0846829866135, 0.0
0.211492419243, 0.273487716913, 0.464520215988, 1.27251875401, 5.0, 1.74748253822, 1.0874671936, 0.815399467945, 0.0863082875012, 0.0
0.210584446788, 0.272371023893, 0.463245183229, 1.2688754797, 5.0, 1.74932813644, 1.08867418766, 0.816136479378, 0.0879970330131, 0.0
0.209657013416, 0.271225690842, 0.46159401536, 1.26516890526, 5.0, 1.75120186806, 1.08989357948, 0.817065179348, 0.0894583778583, -0.00029104477612
0.208735823631, 0.270088285208, 0.459951996803, 1.26163756847, 5.0, 1.75289189816, 1.09102225304, 0.817971050739, 0.0912795990217, 0.0
0.207825124264, 0.269010156393, 0.458427995443, 1.25886726379, 5.0, 1.75463294983, 1.09219002724, 0.818881750107, 0.0931762959965, 0.0
0.206915587187, 0.268100976944, 0.456806361675, 1.2545286417, 5.0, 1.75641918182, 1.09313893318, 0.819792032242, 0.095153244951, 0.0
0.206004396081, 0.266984462738, 0.455214083195, 1.2516797781, 5.0, 1.75815105438, 1.09429955482, 0.820704340935, 0.0972156333093, 0.0
0.205104470253, 0.26588460803, 0.453624695539, 1.24812996387, 5.0, 1.75996530056, 1.09548676014, 0.821621537209, 0.0993691034161, 0.0
0.204365342855, 0.264756649733, 0.452006071806, 1.24450433254, 5.0, 1.7613902092, 1.09667313099, 0.822531342506, 0.101161571754, 4.4408920985e-16
0.203455507755, 0.263642281294, 0.450740098953, 1.24094152451, 5.0, 1.76313185692, 1.09781754017, 0.823438167572, 0.103494860335, 0.0
0.202549666166, 0.262540698051, 0.448827207088, 1.23741281033, 5.0, 1.76486551762, 1.09899044037, 0.82434374094, 0.105937912187, 0.0
0.201644286513, 0.261399298906, 0.447519659996, 1.2337192297, 5.0, 1.76673352718, 1.10018897057, 0.825087487698, 0.108498627814, 0.0
0.200707226992, 0.260274887085, 0.44590729475, 1.23080682755, 5.0, 1.76845657825, 1.10135638714, 0.826001763344, 0.111471214388, 0.000291044776119
0.199804097414, 0.259388744831, 0.444324582815, 1.22655367851, 5.0, 1.77030777931, 1.10255432129, 0.826915442944, 0.114301224137, 0.0
0.198894456029, 0.258272826672, 0.44272467494, 1.22372543812, 5.0, 1.77202856541, 1.10348069668, 0.827830135822, 0.117277996112, 0.0
0.197982758284, 0.257154256105, 0.441117286682, 1.22010421753, 5.0, 1.77376770973, 1.10463607311, 0.828733444214, 0.191585504464, 0.0727611940299
0.19709315896, 0.256067603827, 0.439571291208, 1.21672141552, 5.0, 1.7754586935, 1.10577642918, 0.829629659653, 0.196754741146, 0.0
0.196361377835, 0.25494992733, 0.437966972589, 1.21243560314, 5.0, 1.77721178532, 1.10694110394, 0.830536842346, 0.201092629923, 2.22044604925e-16
0.195454627275, 0.25384953618, 0.436389356852, 1.20957684517, 5.0, 1.77903068066, 1.10812580585, 0.831446826458, 0.131139738477, -0.0727611940299
0.194544315338, 0.252726912498, 0.434777349234, 1.20592343807, 5.0, 1.78082942963, 1.10931050777, 0.832355618477, 0.134922196638, 0.0
0.193635866046, 0.25160497427, 0.433492600918, 1.2023935318, 3.99857330322, 1.78223192692, 1.11044871807, 0.833081662655, 0.138628590947, -0.00029104477612
0.192726433277, 0.250505208969, 0.431930363178, 1.1989865303, 3.97419071198, 1.7838511467, 1.1115950346, 0.833989620209, 0.14286837944, 0.0
0.1918194592, 0.2493968606, 0.430350542068, 1.19546365738, 3.95468425751, 1.78560185432, 1.11277604103, 0.834906876087, 0.147373748747, 0.0
0.19090436399, 0.248268052936, 0.428725600243, 1.19179880619, 3.93026423454, 1.78743815422, 1.1139639616, 0.835815489292, 0.152170258314, 0.0
0.189996480942, 0.247147262096, 0.427108764648, 1.18881106377, 3.9058432579, 1.78929853439, 1.11493122578, 0.836731016636, 0.157286827164, 0.0
0.189081981778, 0.246249884367, 0.425493180752, 1.18516874313, 3.8814227581, 1.79109156132, 1.11611628532, 0.837648451328, 0.162756299257, 2.22044604925e-16
0.188159912825, 0.245121985674, 0.423883974552, 1.1815892458, 3.85700845718, 1.79291415215, 1.11730742455, 0.838615596294, 0.171078757673, 0.0
0.187383204699, 0.245543882251, 0.435147553682, 1.25517940521, 3.85926270485, 1.70677387714, 1.07511091232, 0.835273861885, 0.128538382451, -0.0451119402985
0.191114529967, 0.268397450447, 0.509965121746, 1.85227406025, 3.4859995842, 1.50877416134, 1.02175545692, 0.831772387028, 0.113986143645, -0.014552238806
0.194869831204, 0.282496869564, 0.536584436893, 2.11811423302, 3.36530613899, 1.50031459332, 1.01755428314, 0.830027461052, 0.075065893662, -0.0419104477612
0.196608662605, 0.284625470638, 0.539019167423, 2.12312793732, 3.36407256126, 1.49819815159, 1.01573324203, 0.828679561615, 0.0780445191174, 0.0
0.198275506496, 0.286781668663, 0.542289018631, 2.13174772263, 3.35958051682, 1.49580192566, 1.01391625404, 0.827049195766, 0.0812687543742, 0.0
0.199895381927, 0.288891017437, 0.546170771122, 2.1410446167, 3.3555970192, 1.49320089817, 1.01198101044, 0.825426757336, 0.0847702081086, -2.22044604925e-16
0.201512128115, 0.291021496058, 0.548808455467, 2.15116405487, 3.34921717644, 1.49056446552, 1.01009166241, 0.823828756809, 0.088586140053, 0.0
0.203110292554, 0.293153196573, 0.552132964134, 2.16176509857, 3.34360933304, 1.48786818981, 1.00815176964, 0.822214245796, 0.0927607821352, 0.0
0.204726532102, 0.29530608654, 0.555502533913, 2.1724255085, 3.33784294128, 1.48514032364, 1.00621235371, 0.820602595806, 0, 0.0
0.206331670284, 0.297448277473, 0.558871686459, 2.18347644806, 3.33306503296, 1.48239326477, 1.00426948071, 0.818997502327, 0, 0.0
0.207943320274, 0.299606591463, 0.562266170979, 2.1944835186, 3.32713460922, 1.47961831093, 1.00231313705, 0.817381024361, 0, 0.0
0.209558308125, 0.301766872406, 0.565662622452, 2.20547962189, 3.32120466232, 1.47685956955, 1.00036668777, 0.815772116184, 0, 0.0
0.211166918278, 0.303481400013, 0.569027006626, 2.21649765968, 3.31525421143, 1.47411715984, 0.998812496662, 0.814165592194, 0, 0.0
0.212772101164, 0.305625975132, 0.572413861752, 2.22537493706, 3.30917906761, 1.4713190794, 0.996850252151, 0.812552809715, 0, 0.0
0.214065819979, 0.307793438435, 0.575829207897, 2.23669934273, 3.30309891701, 1.46854805946, 0.994895339012, 0.8109421134, 0, -4.4408920985e-16
0.215677529573, 0.309950768948, 0.579209923744, 2.24767899513, 3.29722499847, 1.46635079384, 0.992955565453, 0.809329509735, 0, 0.0727611940299
0.217290073633, 0.312093764544, 0.5825740695, 2.25841498375, 3.29140758514, 1.46305787563, 0.991005778313, 0.807715058327, 0, 0.000291044776119
0.218904703856, 0.314253121614, 0.585298657417, 2.26970863342, 3.28649926186, 1.46082830429, 0.989062130451, 0.806432127953, 0, 2.22044604925e-16
0.220513388515, 0.316406011581, 0.588685274124, 2.28063082695, 3.27946615219, 1.4580899477, 0.987104356289, 0.804819345474, 0, 2.22044604925e-16
0.222125023603, 0.318562924862, 0.59207957983, 2.29178380966, 3.27460956573, 1.45529603958, 0.985138177872, 0.803201019764, 0, -0.0727611940299
0.223742902279, 0.320730358362, 0.595495998859, 2.30300331116, 3.26853346825, 1.45250988007, 0.98318374157, 0.801586687565, 0, 0.0
0.225357338786, 0.322452753782, 0.598888337612, 2.31408071518, 3.26256322861, 1.44975554943, 0.981623828411, 0.799974143505, 0, 0.0
0.226972058415, 0.32461130619, 0.602277994156, 2.32290792465, 3.25668668747, 1.44700324535, 0.979286968708, 0.798364818096, 0, -0.00029104477612
0.228583067656, 0.326762139797, 0.605649471283, 2.33379435539, 3.25074100494, 1.44390559196, 0.978023529053, 0.798415124416, 0, 0.0
0.227680489421, 0.326183855534, 0.604728043079, 2.3567378521, 3.22680807114, 1.4430757761, 0.979235231876, 0.800150096416, 0, 0.0
0.226574361324, 0.325100779533, 0.604167878628, 2.35987448692, 3.22196245193, 1.44196152687, 0.978212952614, 0.798949480057, 0, 2.22044604925e-16
0.227804541588, 0.327055096626, 0.607860922813, 2.36932945251, 3.21744370461, 1.43942725658, 0.976309776306, 0.797293782234, 0, 0.0
0.229454934597, 0.329226881266, 0.610525369644, 2.3787586689, 3.21374535561, 1.43687498569, 0.974784493446, 0.795970499516, 0, -2.22044604925e-16
0.231099277735, 0.330951362848, 0.613825321198, 2.38832402229, 3.20734715462, 1.43417739868, 0.972404062748, 0.794017493725, 0, -2.22044604925e-16
0.232733756304, 0.333192527294, 0.617601335049, 2.40171813965, 3.19946932793, 1.4306832552, 0.97063100338, 0.792715072632, 0, -0.000291044776119
0.23404891789, 0.335509330034, 0.621465921402, 2.41831707954, 3.19009184837, 1.42724108696, 0.968435525894, 0.791087329388, 0, -4.4408920985e-16
0.236018627882, 0.337792724371, 0.625207841396, 2.43328332901, 3.18249702454, 1.42427325249, 0.96638739109, 0.789426088333, 0, 4.4408920985e-16
0.237681314349, 0.340036422014, 0.628814935684, 2.44928812981, 3.15924024582, 1.42114257812, 0.964295327663, 0.787792801857, 0, 0.0
0.238998442888, 0.342407941818, 0.63434523344, 2.47845768929, 3.14034557343, 1.41369009018, 0.960562288761, 0.785740673542, 0, -6.66133814775e-16
