1.16811907291, 1.49615979195, 3.3847284317, 3.01039028168, 3.0089738369, 1.17928576469, 0.746628403664, 0.575576245785, -1.15515153123, -0.00111024641788
1.16830170155, 1.49789249897, 3.35492825508, 2.98531532288, 2.98504924774, 1.17600762844, 0.745265960693, 0.575259208679, -1.15733837537, -2.5890747879e-16
1.16860449314, 1.50065696239, 3.33007097244, 2.95999717712, 2.96612524986, 1.17190480232, 0.744140744209, 0.575061500072, -1.16099245454, 0.0
1.16882646084, 1.50223505497, 3.29965662956, 2.9345972538, 2.94240236282, 1.16715729237, 0.742144703865, 0.574834704399, -1.16465817102, 0.0
1.16901791096, 1.50598156452, 3.26838088036, 2.90938901901, 2.91861200333, 1.16369390488, 0.741266012192, 0.57463401556, -1.16833548152, 0.0
1.16916799545, 1.50690090656, 3.23455429077, 2.88467359543, 2.88915014267, 1.16303229332, 0.740832030773, 0.57437390089, -1.17202434118, 0.0
1.16942620277, 1.50732088089, 3.21256637573, 2.86012077332, 2.8694934845, 1.16245639324, 0.740475416183, 0.574158012867, -1.17572470366, 0.0
1.16970098019, 1.50774908066, 3.18519830704, 2.83561348915, 2.84004926682, 1.1618449688, 0.740126848221, 0.573888123035, -1.17943652102, -2.5890747879e-16
1.16998076439, 1.50813114643, 3.15787816048, 2.81602263451, 2.8204023838, 1.16131126881, 0.739726424217, 0.573581159115, -1.18315974377, 0.0
1.17027294636, 1.50844550133, 3.13054203987, 2.78660798073, 2.79584312439, 1.1606811285, 0.739418327808, 0.573291838169, -1.18689432088, 0.0
1.17056202888, 1.50886917114, 3.1031908989, 2.76700377464, 2.77127933502, 1.16010916233, 0.739037811756, 0.573009490967, -1.19064019972, 0.0
1.17085301876, 1.50926876068, 3.07586240768, 2.73759675026, 2.74670338631, 1.15962684155, 0.738705158234, 0.572728455067, -1.19409875584, 0.00029104477612
1.17113256454, 1.50961363316, 3.04857563972, 2.7180056572, 2.72705197334, 1.15913999081, 0.738314211369, 0.572439312935, -1.19786662203, 0.0
1.17140948772, 1.50998961926, 3.02123808861, 2.68859171867, 2.69757056236, 1.15846121311, 0.737952530384, 0.572159409523, -1.20192910503, -0.000291044776119
1.17163717747, 1.51038479805, 2.99391770363, 2.66899132729, 2.67299461365, 1.15808713436, 0.737609565258, 0.571888923645, -1.20496061426, 4.98732999343e-18
1.17190933228, 1.51072907448, 2.97206139565, 2.64447951317, 2.64842581749, 1.15750360489, 0.737247943878, 0.571602761745, -1.20875992161, 4.98732999343e-18
1.17219424248, 1.51114559174, 2.94471287727, 2.61997818947, 2.62386918068, 1.15690767765, 0.736869156361, 0.571318209171, -1.21257019418, 5.16947595841e-16
1.17247819901, 1.5115480423, 2.91189217567, 2.59545660019, 2.59929609299, 1.15636980534, 0.736502468586, 0.571092009544, -1.2163913684, -8.67361737988e-19
1.17276215553, 1.51191020012, 2.88461446762, 2.57096910477, 2.57472395897, 1.15572369099, 0.736139595509, 0.570742607117, -1.22022337906, -8.67361737988e-19
1.17305254936, 1.51229596138, 2.85729408264, 2.54646205902, 2.55013990402, 1.15531754494, 0.735781252384, 0.57045674324, -1.2240661593, -8.67361737988e-19
1.17333865166, 1.51267874241, 2.82996439934, 2.52195501328, 2.53050255775, 1.15459227562, 0.735394060612, 0.57016736269, -1.22791964062, -8.67361737988e-19
1.17368137836, 1.51306545734, 2.80266809464, 2.49746847153, 2.50102543831, 1.15417742729, 0.73502767086, 0.569873273373, -1.23255784473, -5.07840297592e-16
1.17392265797, 1.51342236996, 2.78084540367, 2.47297239304, 2.48136878014, 1.15364062786, 0.734671533108, 0.569643855095, -1.23565842421, 5.16513914972e-16
1.17420482635, 1.5138283968, 2.75349354744, 2.44845914841, 2.4518969059, 1.15301120281, 0.734274089336, 0.569298267365, -1.23954358118, -1.30104260698e-18
1.17449581623, 1.5142301321, 2.72616648674, 2.42394018173, 2.43220949173, 1.15255463123, 0.73394382, 0.569077551365, -1.24343914865, -1.30104260698e-18
1.17477309704, 1.51459872723, 2.6988735199, 2.39946055412, 2.40273928642, 1.15193593502, 0.7335537076, 0.568720281124, -1.24343914865, 0.0
1.17507469654, 1.51488614082, 2.67159771919, 2.37496733665, 2.38309836388, 1.1515147686, 0.733252286911, 0.568482577801, -1.24734504979, 0.0
1.17536628246, 1.51529121399, 2.64427018166, 2.35535955429, 2.35851216316, 1.15086722374, 0.732896208763, 0.568195462227, -1.25096231887, 0.000291044776119
1.17565560341, 1.51565063, 2.61698079109, 2.33086204529, 2.33393764496, 1.15045201778, 0.732553780079, 0.567910790443, -1.25517143901, -0.000291044776119
1.17594242096, 1.51602697372, 2.58964347839, 2.30144333839, 2.30937862396, 1.149720788, 0.73214662075, 0.567610859871, -1.25910782746, 0.0
1.17623174191, 1.51645112038, 2.56229948997, 2.28183937073, 2.28481626511, 1.14922785759, 0.731754362583, 0.567319333553, -1.26305422604, 0.0
1.17652738094, 1.51689958572, 2.53494930267, 2.25733566284, 2.26025152206, 1.14848506451, 0.731357097626, 0.567028939724, -1.26701054957, 0.0
1.17676258087, 1.51733052731, 2.50758075714, 2.23281741142, 2.24060916901, 1.14795553684, 0.730950474739, 0.566789627075, -1.27018269607, 0.0
1.17706859112, 3.29862356186, 2.48023939133, 2.20829987526, 2.21112036705, 1.14737987518, 0.730564832687, 0.566434204578, -1.27415666459, 0.0
1.17735373974, 3.26306080818, 2.45298504829, 2.18381905556, 2.19146132469, 1.14684844017, 0.730276584625, 0.566187262535, -1.27814031074, 0.0
1.1776611805, 3.22742247581, 2.43115592003, 2.15931367874, 2.16197180748, 1.14632678032, 0.729848980904, 0.565905928612, -1.28213354301, 0.0
1.17795431614, 3.19159030914, 2.4038040638, 2.1348130703, 2.14232301712, 1.14571356773, 0.729472637177, 0.565616130829, -1.28613626825, 0.0
1.17822623253, 3.15591311455, 2.37650251389, 2.11030578613, 2.11773777008, 1.1451895237, 0.729083776474, 0.565311133862, -1.29014839162, 0.0
1.17852318287, 3.12026715279, 2.34921741486, 2.09070825577, 2.0931251049, 1.14461064339, 0.728792965412, 0.565019667149, -1.29416981665, -5.42101086243e-18
1.17882108688, 3.09147953987, 2.32181429863, 2.06129550934, 2.06863594055, 1.14388370514, 0.728354990482, 0.564727067947, -1.2982004452, -5.42101086243e-18
1.17912948132, 3.05568408966, 2.29451322556, 2.04169726372, 2.04404568672, 1.14331626892, 0.72797447443, 0.564416587353, -1.30224017749, -5.42101086243e-18
1.17943656445, 3.01993989944, 2.26719713211, 2.01720523834, 2.01949739456, 1.14273846149, 0.727594733238, 0.564128279686, -1.30628891211, -5.42101086243e-18
1.17972493172, 2.9843082428, 2.23987603188, 1.99268484116, 1.9948990345, 1.1422753334, 0.72720015049, 0.563836693764, -1.31034654601, 0.0
1.17995131016, 2.94850683212, 2.21252417564, 1.96815145016, 1.97032773495, 1.14171051979, 0.726831555367, 0.56352442503, -1.31388189677, -0.00029104477612
1.18026268482, 2.91287827492, 2.18526625633, 1.94367861748, 1.95067203045, 1.14110171795, 0.726440310478, 0.563292980194, -1.31795557401, 4.33680868994e-19
1.18055701256, 2.87714457512, 2.16340041161, 1.91917335987, 1.92119681835, 1.14053654671, 0.72606253624, 0.56300008297, -1.32173862692, 0.000291044776119
1.18084645271, 2.84146499634, 2.13066506386, 1.89468479156, 1.90153574944, 1.14000165462, 0.725704431534, 0.562700808048, -1.32582906681, 8.67361737988e-19
1.18113541603, 2.81300210953, 2.10886788368, 1.87019050121, 1.87203037739, 1.13951575756, 0.725357651711, 0.562409877777, -1.32992788925, 8.67361737988e-19
1.18144929409, 2.77031421661, 2.08158349991, 1.85059642792, 1.85236442089, 1.13909780979, 0.725053846836, 0.562109589577, -1.33403498187, 8.67361737988e-19
1.18173551559, 2.73456978798, 2.05425810814, 1.82118034363, 1.82778477669, 1.13838517666, 0.724656403065, 0.561803817749, -1.33815023077, 8.67361737988e-19
1.18198263645, 2.70604228973, 2.02695536613, 1.80158126354, 1.80321550369, 1.13784730434, 0.724301815033, 0.561521291733, -1.34144822486, 8.67361737988e-19
1.18226563931, 2.67032027245, 1.99962544441, 1.77218472958, 1.77866053581, 1.13721191883, 0.723892569542, 0.561215698719, -1.34144822486, 0.0
1.18257033825, 2.63463068008, 1.97233223915, 1.75257742405, 1.75407469273, 1.13677299023, 0.72342813015, 0.560916602612, -1.34557786301, 0.0
1.18292927742, 2.59883975983, 1.94502139091, 1.72808361053, 1.7295140028, 1.13600647449, 0.723106384277, 0.560614645481, -1.35054375262, 0.0
1.18322694302, 2.56312084198, 1.91767454147, 1.7035702467, 1.70985925198, 1.13549745083, 0.722725868225, 0.560381293297, -1.35469045646, 0.0
1.18346822262, 2.52748799324, 1.89041364193, 1.6790779829, 1.68036675453, 1.13488137722, 0.722353994846, 0.560079813004, -1.35801327119, 0.0
1.18376398087, 2.49175953865, 1.86854958534, 1.65456724167, 1.66070127487, 1.13439643383, 0.721985399723, 0.559790015221, -1.36217350092, 0.0
1.18405926228, 2.45607495308, 1.8412541151, 1.63002574444, 1.63607990742, 1.13382577896, 0.7215898633, 0.559479475021, -1.36634107164, 0.0
1.18437409401, 2.4204518795, 1.81397032738, 1.60557210445, 1.61154067516, 1.13329708576, 0.721211135387, 0.559178709984, -1.37051585767, -5.17814957579e-16
1.18467187881, 2.39191174507, 1.78669142723, 1.5859862566, 1.58699250221, 1.13277256489, 0.720848977566, 0.558873236179, -1.37469773184, 5.17814957579e-16
1.18497395515, 2.35637235641, 1.75944900513, 1.56150174141, 1.56238698959, 1.13236904144, 0.72054618597, 0.558571100235, -1.37888656561, 0.0
1.18528211117, 2.32069158554, 1.73212885857, 1.53210031986, 1.53782653809, 1.13161098957, 0.720075309277, 0.558262884617, -1.38308222898, 0.0
1.18552172184, 2.2850728035, 1.70487630367, 1.51251363754, 1.51816046238, 1.13119673729, 0.719770014286, 0.557942390442, -1.38672622487, -0.00029104477612
1.18591356277, 2.24936890602, 1.67755746841, 1.48306035995, 1.48861324787, 1.13053405285, 0.71939677, 0.557661175728, -1.39177640468, 5.17814957579e-16
1.18612396717, 2.21371293068, 1.6502597332, 1.46349525452, 1.46899080276, 1.13008320332, 0.718996763229, 0.557361245155, -1.39484886343, 0.000291044776119
1.18642306328, 2.17797088623, 1.6283980608, 1.43901348114, 1.43951499462, 1.12949919701, 0.718623578548, 0.557061135769, -1.39906923474, 5.85469173142e-18
1.18672454357, 2.142359972, 1.59567213058, 1.41451263428, 1.41986227036, 1.12895524502, 0.718240380287, 0.556759417057, -1.40329579338, 5.85469173142e-18
1.18702566624, 2.10680556297, 1.5738607645, 1.39002668858, 1.3903400898, 1.12853312492, 0.717923939228, 0.556461155415, -1.40752840162, 8.67361737988e-19
1.18732488155, 2.07131552696, 1.54118442535, 1.36553752422, 1.3706843853, 1.1280015707, 0.717554092407, 0.556150197983, -1.41176692048, 4.33680868994e-19
1.18763554096, 2.03566980362, 1.51388132572, 1.34103190899, 1.34119176865, 1.12740111351, 0.717162370682, 0.555840373039, -1.41601120976, 4.33680868994e-19
1.18794608116, 2.00000023842, 1.49204957485, 1.31653213501, 1.31660246849, 1.12687659264, 0.716772556305, 0.555584430695, -1.42026112802, 4.33680868994e-19
1.1882532835, 1.96441197395, 1.46478533745, 1.29202961922, 1.29692959785, 1.12629044056, 0.716383337975, 0.555289447308, -1.42451653265, 4.33680868994e-19
1.18855655193, 1.92861819267, 1.43744385242, 1.2724262476, 1.27236008644, 1.12565636635, 0.71606117487, 0.554985284805, -1.42877727987, 4.33680868994e-19
1.18886554241, 1.90005159378, 1.4101433754, 1.24302828312, 1.24777400494, 1.1252322197, 0.715722084045, 0.554682552814, -1.43304322475, 4.33680868994e-19
1.18908929825, 1.86454558372, 1.38290309906, 1.22342908382, 1.22809970379, 1.124797225, 0.715359568596, 0.554379284382, -1.43731422127, 4.33680868994e-19
1.18909871578, 1.82895493507, 1.35561335087, 1.19892215729, 1.19859337807, 1.12414991856, 0.714973568916, 0.554076433182, -1.44159012233, 4.33680868994e-19
1.94262254238, 1.79326021671, 1.32831394672, 1.17441594601, 1.17891919613, 1.12371790409, 0.714589238167, 0.553769648075, -1.44159012233, 0.0
2.63126969337, 1.75759994984, 1.30101335049, 1.14991438389, 1.15105175972, 1.13491415977, 0.718330919743, 0.554819107056, -1.44587077975, 0.0
1.97883224487, 1.80658590794, 1.3181964159, 1.15274620056, 1.1408727169, 1.25673592091, 0.758300602436, 0.558486282825, -1.37008073523, 0.0774179104478
1.18737518787, 1.98915636539, 1.38220524788, 1.16694366932, 1.12504315376, 1.22082328796, 0.819295227528, 0.564725995064, -1.35552849643, 0.014552238806
1.18412077427, 2.02388620377, 1.38182675838, 1.14739823341, 1.10589671135, 1.19345843792, 0.822534739971, 0.56765383482, -1.32014944726, 0.0384179104478
1.18401372433, 1.98063921928, 1.35184526443, 1.12217962742, 1.07684063911, 1.16785824299, 0.826506435871, 0.570364952087, -1.32433926217, 2.49800180541e-16
1.18405401707, 1.93782496452, 1.32210922241, 1.09713470936, 1.05751895905, 1.14214384556, 0.8301435709, 0.573118805885, -1.32853792813, 0.0
1.18405234814, 1.89625859261, 1.2928160429, 1.07222378254, 1.0285474062, 1.11626791954, 0.833970606327, 0.575888991356, -1.33274532472, 0.0
1.2184779644, 1.86314499378, 1.26357638836, 1.04729235172, 1.0092124939, 1.09034454823, 0.837056994438, 0.578659415245, -1.33696132978, 0.0
1.37589907646, 1.81347692013, 1.23432159424, 1.02235901356, 0.98504793644, 1.06446063519, 0.841636955738, 0.581416845322, -1.34146840683, -0.00029104477612
1.53349554539, 1.78035008907, 1.20507204533, 1.00240528584, 0.96571046114, 1.04373157024, 0.84470552206, 0.584100842476, -1.34654913509, 0.0
1.64136183262, 1.76283562183, 1.20163464546, 0.995607256889, 0.949992358685, 1.01278865337, 0.893585443497, 0.59336411953, -1.34695727676, 0.00174626865672
1.1844342947, 1.9685972929, 1.2780970335, 1.01684439182, 0.949187278748, 0.990640163422, 0.988283276558, 0.608153700829, -1.25525859108, 0.0919701492537
1.18073272705, 2.24727582932, 1.3449511528, 1.03806245327, 0.938194572926, 0.96247112751, 1.05528640747, 0.6188788414, -1.21309691953, 0.0424925373134
1.18155956268, 2.25335454941, 1.33127474785, 1.01459300518, 0.919385254383, 0.938690364361, 1.06430029869, 0.62410390377, -1.19741359734, 0.0192089552239
1.17764949799, 2.19521856308, 1.29076552391, 0.988632082939, 0.891221821308, 0.915021240711, 1.07393372059, 0.631885886192, -1.20147619443, 0.0
1.17770791054, 2.14125394821, 1.26459002495, 0.962990224361, 0.872427284718, 0.891030907631, 1.05090904236, 0.637199699879, -1.20555160906, 0.0
1.17772078514, 2.08930516243, 1.23247385025, 0.937457919121, 0.844233512878, 0.867082118988, 1.02322280407, 0.643821120262, -1.209639766, 0.0
1.17772090435, 2.0371568203, 1.200263381, 0.917039811611, 0.82544952631, 0.844593346119, 0.997207403183, 0.65054500103, -1.21456224846, -4.99600361081e-16
1.17746222019, 2.14591026306, 1.22434520721, 0.927015185356, 0.823316514492, 0.830935955048, 0.951405346394, 0.670138001442, -1.19721514912, 0.0189179104478
1.17368960381, 2.47684502602, 1.33651781082, 0.960054337978, 0.830380260944, 0.822406589985, 0.91826146841, 0.691044688225, -1.13900623102, 0.0582089552239
1.20097410679, 3.07601308823, 1.44716084003, 1.01001393795, 0.847635865211, 0.816079735756, 0.884241580963, 0.729782819748, -1.06624509041, 0.0727611940299
1.23995912075, 5.0, 1.66099298, 1.07163095474, 0.868739128113, 0.815455794334, 0.857731878757, 0.769676327705, -0.993483957344, 0.0727611940299
1.28928208351, 5.0, 1.90054237843, 1.14732480049, 0.896555960178, 0.81570905447, 0.83791333437, 0.818184673786, -0.920722831488, 0.0727611940299
1.35121011734, 5.0, 2.15580534935, 1.24189460278, 0.924402713776, 0.82109773159, 0.822931885719, 0.86557585001, -0.818857266754, 0.101865671642
1.42105996609, 5.0, 2.49676775932, 1.30151534081, 0.935864090919, 0.811561942101, 0.803691744804, 0.90433806181, -0.781973063657, 0.0375447761194
1.40961670876, 5.0, 2.45039391518, 1.27811133862, 0.918594956398, 0.792792022228, 0.785290956497, 0.919772922993, -0.779725559623, 0.00523880597015
1.38801574707, 5.0, 2.39475893974, 1.24330735207, 0.892935633659, 0.774079024792, 0.766825020313, 0.939498126507, -0.782831244079, 0.0
1.36706423759, 5.0, 2.34099960327, 1.22039318085, 0.875975966454, 0.755420207977, 0.752027332783, 0.959520697594, -0.788460460312, -2.22044604925e-16
1.346596241, 5.0, 2.29902052879, 1.20283865929, 0.863148629665, 0.746626734734, 0.737483799458, 1.00038444996, -0.789088651883, 2.22044604925e-16
1.39643549919, 3.68746495247, 2.74468946457, 1.29511404037, 0.905762970448, 0.760300338268, 0.733114480972, 0.996910393238, -0.743747638046, 0.0459850746269
1.50139939785, 2.38854193687, 3.60594320297, 1.45066714287, 0.961968719959, 0.779653906822, 0.733036994934, 0.934305012226, -0.670986626303, 0.0727611940299
1.63300967216, 1.63994133472, 5.0, 1.65426373482, 1.0311293602, 0.799559235573, 0.73226839304, 0.883248984814, -0.590824188793, 0.0800373134328
1.76153588295, 1.30144286156, 5.0, 1.81403589249, 1.05577170849, 0.802582383156, 0.721211850643, 0.862908005714, -0.548120048017, 0.0436567164179
1.73178136349, 1.34025764465, 5.0, 1.78050529957, 1.0397708416, 0.787222862244, 0.707426428795, 0.846908390522, -0.549266531623, 0.00116417910448
1.70419955254, 1.38676762581, 5.0, 1.74879395962, 1.01681828499, 0.769234836102, 0.693708837032, 0.830843508244, -0.551139173859, 0.0
1.67026495934, 1.4321757555, 5.0, 1.71820175648, 1.00172472, 0.757273674011, 0.679946839809, 0.817868053913, -0.555449549186, -5.39326865961e-05
1.63668704033, 1.46956467628, 5.0, 1.71696722507, 1.00477945805, 0.755141317844, 0.676694095135, 0.79617190361, -0.555871249015, 5.39326865961e-05
1.73786723614, 1.22647058964, 5.0, 2.01409363747, 1.09533369541, 0.788198173046, 0.68446713686, 0.762952506542, -0.507414799258, 0.0488955223881
1.96389079094, 1.04268467426, 5.0, 2.487231493, 1.21177518368, 0.830075085163, 0.697139441967, 0.736795246601, -0.43465371377, 0.0727611940299
2.26965928078, 1.05037748814, 2.84563946724, 3.24854397774, 1.32829201221, 0.881873846054, 0.711069703102, 0.716967999935, -0.332788200173, 0.101865671642
2.6962993145, 1.08441460133, 1.96853709221, 5.0, 1.47815847397, 0.918233752251, 0.720976233482, 0.70296138525, -0.28982593469, 0.0430746268657
2.79801702499, 1.07064330578, 1.92357611656, 5.0, 1.46436047554, 0.907936155796, 0.711225986481, 0.693977892399, -0.274092396805, 0.0168805970149
2.72363734245, 1.04314863682, 1.96152853966, 5.0, 1.44791948795, 0.897660076618, 0.703084111214, 0.68620455265, -0.275326725016, 0.0
2.65461993217, 1.01629173756, 1.99534332752, 5.0, 1.43548488617, 0.887655615807, 0.69595271349, 0.680414259434, -0.277073096526, 0.0
2.64936971664, 1.00462973118, 1.8725130558, 5.0, 1.56676995754, 0.929121136665, 0.716598987579, 0.671174824238, -0.267913641239, 0.00960447761194
3.28870368004, 1.05323088169, 1.44111824036, 5.0, 1.78782069683, 0.993115842342, 0.741167902946, 0.663920879364, -0.197206910381, 0.070723880597
5.0, 1.11865341663, 1.1643794775, 5.0, 2.17004370689, 1.11306476593, 0.787115395069, 0.66138368845, -0.0953414101368, 0.101865671642
3.99630403519, 1.1971912384, 0.979213893414, 3.76361584663, 2.66716551781, 1.19642198086, 0.809561371803, 0.660541176796, -0.0514261103991, 0.043947761194
3.99220752716, 1.19713926315, 0.960820972919, 3.62426781654, 2.67936301231, 1.19555485249, 0.80595266819, 0.658951699734, -0.0335892509722, 0.0180447761194
3.99421405792, 1.16077327728, 0.969181895256, 3.68492555618, 2.65247178078, 1.18922626972, 0.803440868855, 0.657247900963, -0.0337449876832, 0.0
3.99621629715, 1.12570166588, 0.975144565105, 3.69360160828, 2.63918185234, 1.18523955345, 0.80092895031, 0.65540099144, -0.0339021747132, 0.0
3.9981045723, 1.09223783016, 0.979402244091, 3.66962242126, 2.6332423687, 1.18260538578, 0.798645019531, 0.65353000164, -0.0340608324085, 0.0
3.99961256981, 1.05885863304, 0.983512580395, 3.64565253258, 2.62489676476, 1.17941188812, 0.79638427496, 0.651659071445, -0.0341888313603, 0.0
5.0, 1.02550411224, 0.98759162426, 3.62167668343, 2.61807608604, 1.17622411251, 0.794126927853, 0.649782240391, -0.0343501887517, 0.0
5.0, 0.992175996304, 0.991595685482, 3.60528635979, 2.61160111427, 1.17309355736, 0.791888177395, 0.648279726505, -0.0348037922789, -0.000291044776119
5.0, 0.958885669708, 0.994782686234, 3.61889004707, 2.60636377335, 1.16994476318, 0.79008603096, 0.646399319172, -0.0349696138958, 0.0
5.0, 0.925594389439, 0.998764872551, 3.63175797462, 2.59870004654, 1.1668432951, 0.787404894829, 0.644522845745, 0.0377079467349, 0.0727611940299
5.0, 0.892296612263, 1.00277507305, 3.63477015495, 2.59714818001, 1.17348992825, 0.789222478867, 0.643680930138, 0.037888891245, 0.0
5.0, 0.914884150028, 0.916653990746, 2.6590795517, 3.25760555267, 1.31199789047, 0.848831355572, 0.648129165173, 0.101406484278, 0.063447761194
4.00312614441, 0.992662608624, 0.809568405151, 2.08696985245, 5.0, 1.41188907623, 0.870505690575, 0.649629890919, 0.142538249031, 0.0410373134328
4.00026082993, 0.975906908512, 0.801411509514, 2.04114460945, 5.0, 1.41682863235, 0.872013986111, 0.650767505169, 0.153942818287, 0.0107686567164
3.99916124344, 0.938267409801, 0.799610555172, 2.03845214844, 5.0, 1.41845500469, 0.873414039612, 0.651708841324, 0.0815531517543, -0.0727611940299
3.99824500084, 0.892940104008, 0.798040807247, 2.03447890282, 5.0, 1.42012250423, 0.874315619469, 0.652603328228, 0.0816579895731, -0.000291044776119
3.99735808372, 0.862767279148, 0.796502709389, 2.03179693222, 5.0, 1.42187058926, 0.875470161438, 0.653494596481, 0.0820571113008, 0.0
3.9964723587, 0.825067818165, 0.79494124651, 2.02748894691, 5.0, 1.42362606525, 0.876618027687, 0.65438169241, 0.0824601448955, 0.0
3.99558901787, 0.787429630756, 0.793385386467, 2.02473211288, 5.0, 1.42501592636, 0.877767860889, 0.655271828175, 0.0828671480189, 0.0
3.99469065666, 0.749765217304, 0.791793942451, 2.02116656303, 5.0, 1.42711234093, 0.878923892975, 0.656166911125, 0.083278179469, 0.0
3.99397563934, 0.712182462215, 0.790235161781, 2.01761984825, 5.0, 1.42851388454, 0.879836797714, 0.656866073608, 0.083609945279, 0.0
3.99309682846, 0.682048082352, 0.789008677006, 2.0141453743, 5.0, 1.43027877808, 0.881223499775, 0.657920479774, 0.0840283796227, 0.0
3.99222230911, 0.636864840984, 0.787084102631, 2.01039266586, 5.0, 1.43207085133, 0.882152795792, 0.658634483814, 0.0844510132139, 0.0
3.99133634567, 0.606719195843, 0.785850048065, 2.00683712959, 5.0, 1.43382883072, 0.88353317976, 0.659515619278, 0.0848779094313, 0.0
3.99044442177, 0.561544537544, 0.78423666954, 2.00385046005, 5.0, 1.43562996387, 0.88447022438, 0.660406053066, 0.0853091330334, 0.0
3.98955631256, 0.53144210577, 0.782665073872, 1.99942910671, 5.0, 1.4374588728, 0.885871469975, 0.661288976669, 0.0857447498883, 0.0
3.98866987228, 0.509480655193, 0.781100988388, 1.99659562111, 5.0, 1.43917143345, 0.886774361134, 0.662165343761, 0.0861848273088, 0.0
3.98779177666, 0.496947139502, 0.779568016529, 1.99261462688, 5.0, 1.44081068039, 0.887891471386, 0.663058698177, 0.0866294338834, 0.0
3.98691153526, 0.490852236748, 0.778102278709, 1.99032580853, 5.0, 1.44210469723, 0.889012515545, 0.663945436478, 0.0870786398195, 0.0
3.98620271683, 0.489770144224, 0.776497125626, 1.9865309, 5.0, 1.44426476955, 0.890172898769, 0.66482001543, 0.0874413641445, -6.66133814775e-16
3.98514032364, 0.488675355911, 0.774951159954, 1.98311936855, 5.0, 1.4459785223, 0.891314566135, 0.66570276022, 0.0882812591117, 0.00029104477612
3.98444700241, 0.487596482038, 0.773371636868, 1.9794768095, 5.0, 1.44741594791, 0.892470002174, 0.666594743729, 0.0886528355145, 0.0
3.98355388641, 0.48650175333, 0.772121608257, 1.97665405273, 5.0, 1.44916152954, 0.893611252308, 0.667294204235, 0.0891217162283, 0.0
3.98267698288, 0.485423624516, 0.770577847958, 1.9725009203, 5.0, 1.45085370541, 0.894756734371, 0.668370068073, 0.0895955697415, 0.0
3.98178243637, 0.484343677759, 0.769040465355, 1.96911370754, 5.0, 1.45259153843, 0.89589035511, 0.669069051743, 0.0900744753696, 0.0
3.98090815544, 0.483479291201, 0.767496228218, 1.96571183205, 5.0, 1.45428037643, 0.897024512291, 0.669951856136, 0.0905585141189, 0.0
3.98003077507, 0.48240378499, 0.765945971012, 1.96292865276, 5.0, 1.4559854269, 0.897928237915, 0.670842647552, 0.0910477687323, 0.0
3.97914505005, 0.481316179037, 0.764395594597, 1.95943236351, 5.0, 1.45774877071, 0.899071633816, 0.671714782715, 0.164055427194, 0.0727611940299
3.97826766968, 0.480236321688, 0.762822329998, 1.95581865311, 5.0, 1.45916652679, 0.900206506252, 0.672591865063, 0.164946148692, 2.22044604925e-16
3.97739577293, 0.479174256325, 0.761367738247, 1.95282506943, 5.0, 1.46103417873, 0.901291370392, 0.673460662365, 0.165846505831, 2.22044604925e-16
3.97653579712, 0.478121936321, 0.759834706783, 1.94939410686, 5.0, 1.4624427557, 0.902209281921, 0.674166917801, 0.0935391523242, -0.0727611940299
3.15707039833, 0.477040529251, 0.75830155611, 1.94602656364, 5.0, 1.46411705017, 0.90356951952, 0.675049602985, 0.0939517964069, 0.0
0.375774621964, 0.475948065519, 0.757034480572, 1.94238221645, 5.0, 1.46625888348, 0.904725849628, 0.676112771034, 0.0944727343431, 0.0
0.374893546104, 0.474874854088, 0.755170702934, 1.93894445896, 5.0, 1.46799814701, 0.905871093273, 0.676997840405, 0.0949994639309, 0.0
0.374008357525, 0.473775446415, 0.753586649895, 1.93529939651, 5.0, 1.46942734718, 0.907026767731, 0.677884757519, 0.0955320819982, 0.0
0.373121887445, 0.472677141428, 0.752324521542, 1.93168711662, 5.0, 1.471165061, 0.908185124397, 0.678603947163, 0.0960706875365, 0.0
0.372229099274, 0.471598297358, 0.750777125359, 1.92827773094, 5.0, 1.47285568714, 0.909292459488, 0.679654240608, 0.0966153817616, 0.0
0.371353507042, 0.470527559519, 0.748940229416, 1.92490971088, 5.0, 1.47458195686, 0.910431444645, 0.680357217789, 0.0971662681764, 0.0
0.370472878218, 0.46946015954, 0.747731983662, 1.9215375185, 5.0, 1.47626805305, 0.911561727524, 0.681230664253, 0.0977234526353, 0.0
0.369602799416, 0.468381673098, 0.746190845966, 1.91827750206, 5.0, 1.4779061079, 0.912678182125, 0.682106554508, 0.0982870434114, 0.0
0.368728160858, 0.467530757189, 0.744669854641, 1.91549563408, 5.0, 1.47933888435, 0.91358435154, 0.682977855206, 0.0988571513815, 0.0
0.367850124836, 0.466233283281, 0.743118524551, 1.91145586967, 5.0, 1.48130106926, 0.914929270744, 0.683864593506, 0.0994338897518, 0.0
0.366970896721, 0.465383589268, 0.74162453413, 1.90878081322, 5.0, 1.48261785507, 0.91558110714, 0.684551000595, 0.100017374476, 0.0
0.366280198097, 0.464324235916, 0.740392327309, 1.9053030014, 5.0, 1.48432803154, 0.916948735714, 0.685603141785, 0.100489099187, -6.66133814775e-16
0.365234673023, 0.463267982006, 0.738584220409, 1.90205538273, 5.0, 1.48600327969, 0.918068647385, 0.686310052872, 0.101085028137, 0.0
0.364527225494, 0.462191700935, 0.737345993519, 1.89855289459, 5.0, 1.48805904388, 0.919182002544, 0.687170922756, 0.101688042786, 0.0
0.363659352064, 0.461116552353, 0.735488772392, 1.89504277706, 5.0, 1.48940253258, 0.920298159122, 0.688221096992, 0.102588085567, 0.00029104477612
0.362791895866, 0.460053086281, 0.734283685684, 1.89175248146, 5.0, 1.49111557007, 0.921438753605, 0.689091861248, 0.103207390601, 0.0
0.36192125082, 0.45897769928, 0.732729375362, 1.88826203346, 5.0, 1.49281096458, 0.922565281391, 0.689799249172, 0.103834191251, 0.0
0.361045062542, 0.457914829254, 0.73123550415, 1.88506340981, 5.0, 1.49441361427, 0.923658430576, 0.690668880939, 0.104468623926, 0.0
0.360166162252, 0.457065016031, 0.729730010033, 1.88239920139, 5.0, 1.49577212334, 0.92456048727, 0.691540598869, 0.105110828353, 0.0
0.359305143356, 0.456011861563, 0.728201448917, 1.87897515297, 5.0, 1.4977670908, 0.925652980804, 0.692400038242, 0.105760947678, 0.0
0.358615845442, 0.454955339432, 0.726654887199, 1.87534916401, 5.0, 1.49923682213, 0.926798403263, 0.693260133266, 0.106286840305, 0.0
0.357576698065, 0.453878670931, 0.725144565105, 1.8719727993, 5.0, 1.50124776363, 0.927917897701, 0.694135069847, 0.193997924506, 0.0873134328358
0.356880187988, 0.452806890011, 0.723588764668, 1.86847567558, 5.0, 1.50266230106, 0.929076492786, 0.694842040539, 0.19496665641, -2.22044604925e-16
0.355996191502, 0.451722234488, 0.722341537476, 1.86503601074, 5.0, 1.50434291363, 0.930183231831, 0.69587635994, 0.19619108583, 0.0
0.355138987303, 0.45066472888, 0.72080975771, 1.86135458946, 5.0, 1.50615239143, 0.931342482567, 0.696576714516, 0.124047817104, -0.0727611940299
0.354265511036, 0.449593126774, 0.719263374805, 1.85779440403, 5.0, 1.50786876678, 0.932466864586, 0.697610676289, 0.124837207431, 2.22044604925e-16
0.3534039855, 0.448533713818, 0.717737615108, 1.85436987877, 5.0, 1.50956201553, 0.933582425117, 0.698306143284, 0.125636655573, 0.0
0.352539479733, 0.447466939688, 0.716207385063, 1.85095655918, 5.0, 1.51126921177, 0.934718966484, 0.699170768261, 0.126446353944, 0.0
0.351672142744, 0.446406394243, 0.714689314365, 1.84825253487, 5.0, 1.51285517216, 0.935781002045, 0.700036227703, 0.127266499872, 0.0
0.350812196732, 0.445357292891, 0.713206410408, 1.84431135654, 5.0, 1.51456427574, 0.936910271645, 0.700908720493, 0.128097295751, 0.0
0.349934756756, 0.444505929947, 0.711683034897, 1.8416877985, 5.0, 1.51619434357, 0.93779450655, 0.701784312725, 0.12893894921, 0.0
0.349062055349, 0.4434440732, 0.710181832314, 1.83775603771, 5.0, 1.51786518097, 0.938918232918, 0.702658832073, 0.129791673276, 0.0
0.34818559885, 0.442377150059, 0.708665788174, 1.83515620232, 5.0, 1.51918804646, 0.939800024033, 0.703349173069, 0.130655686556, 0.0
0.347505748272, 0.44131693244, 0.707140445709, 1.83168876171, 5.0, 1.52092802525, 0.941164851189, 0.704221129417, 0.131355175988, -4.4408920985e-16
0.34662887454, 0.440250605345, 0.705579519272, 1.82806026936, 5.0, 1.52265322208, 0.942275106907, 0.705256223679, 0.132240079375, 0.0
0.345763236284, 0.439175516367, 0.704350709915, 1.82443356514, 5.0, 1.52443695068, 0.943445682526, 0.705961465836, 0.133136915323, 0.0
0.344890683889, 0.438113689423, 0.702517032623, 1.82113039494, 5.0, 1.52607107162, 0.944531917572, 0.706993639469, 0.134045925355, 0.0
0.344025850296, 0.4370431602, 0.701286911964, 1.8175702095, 5.0, 1.52786576748, 0.945711493492, 0.707874774933, 0.134967357382, 0.0
0.343144029379, 0.435954362154, 0.699377834797, 1.81383562088, 5.0, 1.52960503101, 0.946819067001, 0.708741128445, 0.135901466325, 0.0
0.3422780931, 0.434900164604, 0.698199987411, 1.81066215038, 5.0, 1.53122460842, 0.947918355465, 0.709436118603, 0.136848513942, 0.0
0.341415137053, 0.433829307556, 0.696672141552, 1.80796182156, 5.0, 1.53290903568, 0.949024796486, 0.710299432278, 0.1380978786, 0.00029104477612
0.340551286936, 0.432788491249, 0.695199429989, 1.80416572094, 5.0, 1.53449940681, 0.950132489204, 0.711177110672, 0.139073633771, 0.0
0.339674144983, 0.43173289299, 0.693699002266, 1.80153524876, 5.0, 1.53579437733, 0.951011061668, 0.712035298347, 0.140063184887, 0.0
0.33898678422, 0.430875837803, 0.692464232445, 1.78924226761, 5.0, 1.53754067421, 0.95214009285, 0.712907612324, 0.140864955272, 0.0
0.337935507298, 0.429809838533, 0.690634012222, 1.76518964767, 5.0, 1.53922557831, 0.953246414661, 0.713602542877, 0.142084853994, 0.0
0.337242424488, 0.428748369217, 0.689419209957, 1.74122953415, 5.0, 1.54090118408, 0.954382181168, 0.714653789997, 0.142909845711, 0.0
0.33636957407, 0.427668124437, 0.687536716461, 1.71723473072, 5.0, 1.54269456863, 0.955547213554, 0.715524196625, 0.216191314766, 0.0727611940299
0.335498720407, 0.426586270332, 0.686276495457, 1.69324719906, 5.0, 1.54447686672, 0.95668721199, 0.716393172741, 0.217770390275, 0.0
0.334629386663, 0.425502121449, 0.684713125229, 1.6795463562, 5.0, 1.54620790482, 0.957814395428, 0.717260718346, 0.219372329001, 0.0
0.333761721849, 0.424443006516, 0.683192133904, 1.67605257034, 5.0, 1.54793858528, 0.958940446377, 0.717949151993, 0.147420831251, -0.0727611940299
0.332890123129, 0.423377901316, 0.681657612324, 1.67258870602, 5.0, 1.54971885681, 0.959862232208, 0.718827426434, 0.148521995794, 0.0
0.33202034235, 0.422505676746, 0.680086791515, 1.66888523102, 5.0, 1.55144166946, 0.960996031761, 0.71969884634, 0.149639610625, 0.0
0.331151068211, 0.421447008848, 0.678558051586, 1.66620850563, 5.0, 1.55278897285, 0.962120354176, 0.720392882824, 0.150774044291, 0.0
0.330459147692, 0.420373111963, 0.677320301533, 1.66265916824, 5.0, 1.55451869965, 0.963249385357, 0.721426665783, 0.151693955461, -2.22044604925e-16
0.329418867826, 0.419307649136, 0.675477683544, 1.65912353992, 5.0, 1.55627572536, 0.964383780956, 0.722127199173, 0.152859627144, 2.22044604925e-16
0.328725785017, 0.418229043484, 0.674228608608, 1.65561234951, 5.0, 1.55796897411, 0.965501904488, 0.723163604736, 0.154043209445, 0.0
0.327858895063, 0.417182505131, 0.672404289246, 1.65211141109, 5.0, 1.55969154835, 0.966628074646, 0.723860323429, 0.155245114962, 0.0
0.326994925737, 0.416330426931, 0.671189248562, 1.648686409, 5.0, 1.56141221523, 0.967758953571, 0.724732518196, 0.156465768957, 0.0
0.326122045517, 0.415048539639, 0.669655561447, 1.64524960518, 5.0, 1.56306481361, 0.968867182732, 0.725592792034, 0.157705609839, 0.0
0.32525318861, 0.414188861847, 0.668138563633, 1.64181947708, 5.0, 1.56444001198, 0.969766736031, 0.726464986801, 0.158965089831, 0.0
0.324558705091, 0.413130760193, 0.666618525982, 1.63917791843, 5.0, 1.5660957098, 0.970877051353, 0.727328598499, 0.159987126733, -2.22044604925e-16
0.323695033789, 0.412066012621, 0.665071189404, 1.63561058044, 5.0, 1.5681566, 0.972223699093, 0.728189647198, 0.161283141682, -2.22044604925e-16
0.322652727365, 0.410787880421, 0.663536429405, 1.6321041584, 5.0, 1.56991028786, 0.973138034344, 0.72906434536, 0.162866100171, 0.0
0.321786731482, 0.409935861826, 0.662002086639, 1.62792384624, 5.0, 1.57159614563, 0.974258780479, 0.729931652546, 0.16420894868, 0.0
0.320926725864, 0.408878415823, 0.660465180874, 1.6251386404, 5.0, 1.57297873497, 0.975370585918, 0.73061466217, 0.16557392077, 0.0
0.320234119892, 0.407819360495, 0.658976614475, 1.62178778648, 5.0, 1.5750156641, 0.976496994495, 0.73165255785, 0.166682193776, 0.0
0.319371491671, 0.406750768423, 0.657415628433, 1.61820793152, 5.0, 1.57675778866, 0.977634370327, 0.732350111008, 0.168088376415, 0.0
0.318505644798, 0.405685514212, 0.655896902084, 1.61477720737, 5.0, 1.57846486568, 0.978758573532, 0.733384728432, 0.169518257305, 0.0
0.317639440298, 0.4046215415, 0.654360949993, 1.61125946045, 5.0, 1.57982587814, 0.979650020599, 0.734028220177, 0.171850128293, 0.000291044776119
0.317317903042, 0.409705966711, 0.67008125782, 1.81514215469, 5.0, 1.46648871899, 0.942446947098, 0.730732679367, 0.127938694836, -0.0445298507463
0.32153454423, 0.44410738349, 0.773869156837, 2.65902900696, 3.08728957176, 1.33035588264, 0.895519256592, 0.72750800848, 0.0980432773064, -0.0299776119403
0.324430853128, 0.454834759235, 0.806999266148, 2.81998133659, 2.99163651466, 1.32346653938, 0.891822755337, 0.725793063641, 0.0760647407672, -0.0227014925373
0.326144218445, 0.45732241869, 0.809741318226, 2.82162928581, 2.99061918259, 1.32192003727, 0.890418231487, 0.724148571491, 0.076735442121, 0.0
0.327767252922, 0.458982557058, 0.812842428684, 2.83112978935, 2.98581886292, 1.31884109974, 0.888522386551, 0.722528159618, 0.149836195436, 0.0727611940299
0.329390406609, 0.461133480072, 0.816181719303, 2.83951234818, 2.98131966591, 1.31666696072, 0.886590123177, 0.720928966999, 0.151171233268, 0.0
0.330665677786, 0.463234812021, 0.819433927536, 2.84910058975, 2.97509932518, 1.31406617165, 0.8846809268, 0.719326615334, 0.152256382007, -2.22044604925e-16
0.332267105579, 0.465364515781, 0.822793424129, 2.85989046097, 2.97039008141, 1.31131279469, 0.882744312286, 0.718033194542, 0.153634750118, 0.0
0.333883672953, 0.467535018921, 0.825522840023, 2.87084960938, 2.96328735352, 1.30857396126, 0.880813837051, 0.716113746166, 0.0815720667521, -0.0727611940299
0.335480421782, 0.469662696123, 0.828870356083, 2.88202857971, 2.95850229263, 1.30582201481, 0.87888610363, 0.714529514313, 0.0823227428724, 0.0
0.337067037821, 0.471366614103, 0.832262396812, 2.89335894585, 2.95242285728, 1.3031027317, 0.876957952976, 0.712934792042, 0.0830873315808, 0.0
0.33866161108, 0.473907142878, 0.835565626621, 2.90425181389, 2.9465777874, 1.30034542084, 0.875400841236, 0.711657047272, 0.0838662223472, -2.22044604925e-16
0.339939564466, 0.475637257099, 0.838976085186, 2.91486406326, 2.94088125229, 1.29763698578, 0.873476862907, 0.710049390793, 0.0844999034937, 2.22044604925e-16
0.341862678528, 0.477773576975, 0.842318475246, 2.92391252518, 2.93495225906, 1.2949243784, 0.871561586857, 0.708468616009, 0.085468541819, 2.22044604925e-16
0.343443632126, 0.479883342981, 0.845647037029, 2.93680620193, 2.9291138649, 1.29219210148, 0.869621396065, 0.706878483295, 0.0862928254668, 0.0
0.345057040453, 0.482031285763, 0.848987698555, 2.94519114494, 2.92350101471, 1.29004371166, 0.867682218552, 0.705274283886, 0.087133122564, -2.22044604925e-16
0.346323221922, 0.484163939953, 0.852369308472, 2.95630073547, 2.9175028801, 1.28727781773, 0.865744829178, 0.703672528267, 0.0878172051487, 0.0
0.347926050425, 0.486319422722, 0.854247093201, 2.96716380119, 2.91282844543, 1.28455090523, 0.864212572575, 0.702377259731, 0.0889768093681, 0.000291044776119
0.349543720484, 0.488032579422, 0.833167374134, 2.97882533073, 2.9052567482, 1.28172767162, 0.861860215664, 0.700454652309, 0.0898673743185, 0.0
0.351146936417, 0.490637183189, 0.810322463512, 2.99053215981, 2.90034341812, 1.27894067764, 0.859910786152, 0.699173033237, 0.0907758972652, 0.0
0.352748572826, 0.492338478565, 0.812964737415, 3.00143671036, 2.89337205887, 1.27621674538, 0.857997119427, 0.697587966919, 0.0917029253714, 0.0
0.354331493378, 0.49486592412, 0.816241443157, 3.01122021675, 2.88922739029, 1.27356290817, 0.856084525585, 0.69598531723, 0.0923560737972, -0.000291044776119
0.355962246656, 0.497018039227, 0.819614648819, 3.02189731598, 2.88349556923, 1.27087914944, 0.854532718658, 0.694354891777, 0.093318779439, 0.0
0.357556134462, 0.498738974333, 0.823032677174, 3.03107047081, 2.87766838074, 1.26868760586, 0.852595448494, 0.692756891251, 0.0943017065356, 0.0
0.359169721603, 0.500886142254, 0.826369464397, 3.04386234283, 2.87172698975, 1.26539254189, 0.850647449493, 0.691149234772, 0.0953054970106, 0.0
0.360774695873, 0.503032565117, 0.829693377018, 3.05246591568, 2.86590385437, 1.26318454742, 0.84868735075, 0.689512372017, 0.0963308201621, 0.0
0.362089127302, 0.505227982998, 0.83318066597, 3.06392550468, 2.85992646217, 1.25984442234, 0.846728384495, 0.687909305096, 0.097167050354, 0.0
0.364014923573, 0.507363975048, 0.835860908031, 3.0725107193, 2.85513687134, 1.2581962347, 0.845158219337, 0.686622440815, 0.0984488874773, 0.0
0.365294635296, 0.509070575237, 0.83921867609, 3.08330059052, 2.84940767288, 1.25493240356, 0.843248605728, 0.685031592846, 0.0993223389231, 0.0
0.36689722538, 0.511639893055, 0.842589080334, 3.09658169746, 2.84350013733, 1.25275039673, 0.841326475143, 0.683423340321, 0.172637029548, 0.0727611940299
0.368498653173, 0.51334965229, 0.845930337906, 3.10732984543, 2.83773493767, 1.24951314926, 0.839018106461, 0.681839168072, 0.174577137208, 0.0
0.370099723339, 0.515488266945, 0.849289894104, 3.11823630333, 2.83189821243, 1.24676346779, 0.837461948395, 0.680220484734, 0.176560887536, 0.0
0.371713578701, 0.517656445503, 0.852716624737, 3.12743616104, 2.82596588135, 1.24399662018, 0.835502803326, 0.678608357906, 0.178589753741, 0.0
0.373325586319, 0.519807159901, 0.856130421162, 3.13859963417, 2.81991934776, 1.24177718163, 0.833543717861, 0.677010059357, 0.180665275324, 0.0
0.374595105648, 0.521937072277, 0.859472632408, 3.15206170082, 2.81387019157, 1.23848164082, 0.831625878811, 0.675419688225, 0.123299950422, -0.0582089552239
0.376523584127, 0.520335197449, 0.862826168537, 3.16042995453, 2.80831408501, 1.23633348942, 0.829694867134, 0.673808455467, 0.125056817202, -2.22044604925e-16
0.377797245979, 0.504693806171, 0.866206228733, 3.17146897316, 2.80242276192, 1.23305094242, 0.827764213085, 0.672224402428, 0.126255993685, 2.22044604925e-16
0.379703372717, 0.4950068295, 0.869553387165, 3.18243503571, 2.79665064812, 1.23088550568, 0.825846552849, 0.670602023602, 0.128098269298, -2.22044604925e-16
0.381005346775, 0.497180908918, 0.873053908348, 3.19448018074, 2.79018545151, 1.22746133804, 0.823837280273, 0.668983280659, 0.129644315326, 0.00029104477612
0.382625430822, 0.499363392591, 0.876403152943, 3.20532131195, 2.78544235229, 1.22520661354, 0.822261333466, 0.667693138123, 0.131255541059, 0.0
0.383918225765, 0.501090288162, 0.879185318947, 3.21505308151, 2.77915334702, 1.22242712975, 0.820303142071, 0.666076004505, 0.132573475533, 2.22044604925e-16
0.385868608952, 0.503287732601, 0.88261693716, 3.22650194168, 2.77297782898, 1.21963131428, 0.818338692188, 0.664476633072, 0.134600456601, -2.22044604925e-16
0.387449473143, 0.505406200886, 0.885955095291, 3.23960781097, 2.76723790169, 1.21693325043, 0.816423654556, 0.662868022919, 0.136042708013, -0.000291044776119
0.389072149992, 0.508000135422, 0.889384329319, 3.24869155884, 2.76127743721, 1.21418011189, 0.814477801323, 0.661256730556, 0.137820768204, 0.0
0.390671223402, 0.509710490704, 0.892764687538, 3.26188540459, 2.75537538528, 1.21140134335, 0.812518596649, 0.659653663635, 0.139645615456, 0.0
0.392292290926, 0.511880099773, 0.8961404562, 3.27051639557, 2.75075387955, 1.20925915241, 0.810593783855, 0.658025324345, 0.141519108443, 0.0
0.39391413331, 0.51400822401, 0.899427652359, 3.28024244308, 2.74441218376, 1.20660567284, 0.808688879013, 0.656746506691, 0.143443204632, 0.0
0.395198643208, 0.5157148242, 0.90141415596, 3.28835248947, 2.74104237556, 1.20447158813, 0.807541191578, 0.655459940434, 0.145020298978, 0.0
0.396150708199, 0.516984879971, 0.904098749161, 3.29482769966, 2.73644566536, 1.2028220892, 0.805975198746, 0.654482901096, 0.146225903229, 0.0
0.397446900606, 0.518704891205, 0.906775176525, 3.30319285393, 2.73306155205, 1.20065057278, 0.804816782475, 0.653190374374, 0.147864676421, 0.0
0.398419678211, 0.520437657833, 0.908812999725, 3.31212282181, 2.72691369057, 1.19838821888, 0.802843570709, 0.65189987421, 0.149117885533, 0.0
0.400044262409, 0.522190868855, 0.912283837795, 3.3216612339, 2.72328162193, 1.19620156288, 0.801680326462, 0.650598883629, 0.15125408445, 0.0
0.39474183321, 0.524327754974, 0.914948523045, 3.33238625526, 2.71622443199, 1.19288301468, 0.79934412241, 0.648686349392, 0.153007273396, 0.0
0.378456175327, 0.526473522186, 0.919028997421, 3.34384274483, 2.710293293, 1.19014060497, 0.797407627106, 0.647073864937, 0.155713982229, 0.0
0.379867166281, 0.528627812862, 0.92242783308, 3.3549311161, 2.70447778702, 1.18740069866, 0.795465409756, 0.645474076271, 0.158043201279, 0.0
0.381476312876, 0.530780255795, 0.925782263279, 3.36576342583, 2.6986541748, 1.18521869183, 0.79352837801, 0.643857061863, 0.160442553022, 0.0
0.382765263319, 0.532909333706, 0.929109752178, 3.37603807449, 2.69304442406, 1.18251609802, 0.791585445404, 0.642236530781, 0.219631268483, 0.0582089552239
0.384386271238, 0.534994125366, 0.93251055479, 3.38722300529, 2.68827080727, 1.17975306511, 0.789635837078, 0.640950977802, 0.223023570196, 2.22044604925e-16
0.385990411043, 0.537323594093, 0.935375630856, 3.3982155323, 2.68117284775, 1.17700135708, 0.787689626217, 0.639341652393, 0.226520481463, 0.0
0.387608379126, 0.539391040802, 0.939303040504, 3.4094004631, 2.6764550209, 1.17423772812, 0.785746216774, 0.637405335903, 0.230126827258, 0.0
0.389218389988, 0.541532993317, 0.941980481148, 3.41984057426, 2.67081999779, 1.17154586315, 0.783814668655, 0.636116564274, 0.159495035866, -0.0724701492537
0.390828132629, 0.543682277203, 0.945349633694, 3.43069219589, 2.6650147438, 1.16881537437, 0.782267093658, 0.634505033493, 0.161810674315, -0.00029104477612
0.392446428537, 0.545837342739, 0.948733687401, 3.44181752205, 2.65909028053, 1.16604948044, 0.77992105484, 0.632888138294, 0.164503877031, 0.0
0.394062399864, 0.547571480274, 0.952132046223, 3.45063734055, 2.65325260162, 1.16330623627, 0.778360366821, 0.631265878677, 0.167287397635, 0.0
0.39568182826, 0.550141394138, 0.955455124378, 3.46298265457, 2.64768528938, 1.1606194973, 0.776432752609, 0.629649698734, 0.170165811499, 0.0
0.397293835878, 0.55186098814, 0.958823800087, 3.47154784203, 2.64308214188, 1.15842223167, 0.774480342865, 0.628032267094, 0.173144005061, 0.0
0.398590534925, 0.554026663303, 0.962230443954, 3.48265004158, 2.63595366478, 1.15565752983, 0.772539377213, 0.62641453743, 0.1756018998, 2.22044604925e-16
0.400208443403, 0.556181371212, 0.965567648411, 3.49303460121, 2.63030076027, 1.15241491795, 0.770602762699, 0.624809622765, 0.178773107066, -2.22044604925e-16
0.402135282755, 0.558315217495, 0.968941152096, 3.50404024124, 2.62454319, 1.14967727661, 0.768657743931, 0.623192846775, 0.182731372108, 0.0
0.403429150581, 0.560471117496, 0.972314715385, 3.51477241516, 2.61878371239, 1.14750134945, 0.766725897789, 0.621582508087, 0.185467918336, 0.0
0.405039459467, 0.562621116638, 0.975006937981, 3.52542543411, 2.61301827431, 1.14477288723, 0.764783740044, 0.619970917702, 0.189004660196, 0.0
0.406650990248, 0.564771294594, 0.9783872962, 3.53641939163, 2.60831451416, 1.14257633686, 0.763229429722, 0.618683993816, 0.192677205616, 0.0
0.408259391785, 0.56647580862, 0.981734216213, 3.54711818695, 2.60256552696, 1.13930535316, 0.760900437832, 0.617071330547, 0.196493424534, -2.22044604925e-16
0.409873366356, 0.569070219994, 0.98513674736, 3.55608558655, 2.59666585922, 1.13653743267, 0.759335339069, 0.615454375744, 0.200461797743, 0.0
0.411492109299, 0.57080167532, 0.988515794277, 3.56955838203, 2.59065580368, 1.13377594948, 0.757380306721, 0.613834917545, 0.204591477636, 0.0
0.413110524416, 0.572965562344, 0.99194586277, 3.57831597328, 2.58480262756, 1.13157510757, 0.755437135696, 0.612223565578, 0.208892353598, 0.0
0.414400398731, 0.575119316578, 0.995278894901, 3.58862423897, 2.57925391197, 1.12830781937, 0.753495275974, 0.610604822636, 0.21246347741, 0.0
0.416017979383, 0.57683879137, 0.998015284538, 3.59994482994, 2.57438111305, 1.1261138916, 0.751545071602, 0.608985722065, 0.217100072054, 0.0
0.41763702035, 0.579427540302, 1.00198888779, 3.60984611511, 2.56786942482, 1.12345612049, 0.749644637108, 0.607703864574, 0.221940145266, 0.0
0.41891643405, 0.581091940403, 1.00393044949, 3.61550521851, 2.564640522, 1.12186956406, 0.748493731022, 0.606743216515, 0.225967709629, -4.4408920985e-16
0.419876426458, 0.581947684288, 1.00595998764, 3.62209844589, 2.56225156784, 1.12076449394, 0.74810063839, 0.606102585793, 0.229083929026, 4.4408920985e-16
0.420832335949, 0.58322685957, 1.00797367096, 3.62858271599, 2.55761599541, 1.11858332157, 0.746166467667, 0.604489386082, 0.232285726841, 0.0
0.422454148531, 0.585387825966, 1.01134979725, 3.641664505, 2.55177974701, 1.11529934406, 0.743831574917, 0.60287553072, 0.23751946837, -0.000291044776119
0.424067109823, 0.587972581387, 1.0147305727, 3.65036773682, 2.54595088959, 1.11253130436, 0.742265880108, 0.601262032986, 0.313142589384, 0.0727611940299
0.425681769848, 0.589702486992, 1.01813817024, 3.66384530067, 2.53997540474, 1.10977578163, 0.740315794945, 0.599647641182, 0.320815495653, 0.0
0.42729985714, 0.591865956783, 1.02153921127, 3.67265272141, 2.53411507607, 1.10703361034, 0.737982928753, 0.598024129868, 0.328859895413, 0.0
0.428918719292, 0.594012975693, 1.02487683296, 3.68511748314, 2.52850008011, 1.10432946682, 0.736435353756, 0.596412420273, 0.337302316438, 0.0
0.430530995131, 0.596164703369, 1.02826368809, 3.69402074814, 2.5226111412, 1.10158741474, 0.734492361546, 0.594798386097, 0.268920547414, -0.0727611940299
0.432142525911, 0.598312020302, 1.03160667419, 3.70659255981, 2.51695418358, 1.09888792038, 0.732177317142, 0.593187749386, 0.276136390017, 0.0
0.43375352025, 0.600879967213, 1.03494465351, 3.71488046646, 2.51126527786, 1.09670460224, 0.730617046356, 0.591570079327, 0.283739431043, 0.0
0.435370028019, 0.60260283947, 1.03832709789, 3.728328228, 2.50531625748, 1.09340143204, 0.728673636913, 0.589964210987, 0.291760740741, 0.0
0.436656504869, 0.604762792587, 1.04173851013, 3.7371878624, 2.50060725212, 1.09119641781, 0.72672355175, 0.588353872299, 0.298501916288, -2.22044604925e-16
0.438266396523, 0.606919169426, 1.04513812065, 3.74829435349, 2.49355459213, 1.08845210075, 0.724778711796, 0.586740493774, 0.307365209354, 0.0
0.439880549908, 0.60907459259, 1.04785084724, 3.75945329666, 2.48757362366, 1.08568680286, 0.722828567028, 0.585128545761, 0.316752734144, 0.0
0.441493362188, 0.611236333847, 1.05124855042, 3.77044391632, 2.48176193237, 1.08294963837, 0.720885455608, 0.58351367712, 0.326710605987, -2.22044604925e-16
0.443108081818, 0.613387405872, 1.0546258688, 3.78151130676, 2.47703790665, 1.08021807671, 0.718945384026, 0.582225382328, 0.337290264088, 0.0
0.44471758604, 0.615539133549, 1.05800712109, 3.79236125946, 2.47122907639, 1.07746839523, 0.716999173164, 0.580614387989, 0.348549216101, 0.0
0.446331441402, 0.617694020271, 1.06139624119, 3.80126452446, 2.46531796455, 1.07472610474, 0.715447068214, 0.579006493092, 0.360551905519, 0.0
0.447940766811, 0.619835138321, 1.06475031376, 3.81402397156, 2.45962929726, 1.07202124596, 0.71351993084, 0.577398478985, 0.373370715893, 0.0
0.449547618628, 0.621554076672, 1.0681322813, 3.80964899063, 2.45489168167, 1.06979489326, 0.711559355259, 0.575781643391, 0.38708713785, 4.4408920985e-16
0.451161444187, 0.623707294464, 1.07150149345, 3.78532505035, 2.44789648056, 1.06654036045, 0.709629535675, 0.574168503284, 0.40179312363, 0.0
0.45245346427, 0.625838816166, 1.07478249073, 3.76102638245, 2.44366025925, 1.06440579891, 0.707709014416, 0.572559654713, 0.414016504803, -0.000291044776119
0.45406126976, 0.6279758811, 1.078140378, 3.73670434952, 2.43677306175, 1.06169033051, 0.705777287483, 0.570958971977, 0.430761493817, 0.0
0.455661952496, 0.630124330521, 1.08085846901, 3.71237230301, 2.43194842339, 1.05893290043, 0.704215764999, 0.569668412209, 0, 0.0
0.457273900509, 0.632276833057, 1.08423650265, 3.68804311752, 2.42493486404, 1.05618751049, 0.701880276203, 0.568055450916, 0, 0.0
0.458889991045, 0.634435296059, 1.08763277531, 3.66372108459, 2.42030763626, 1.05344593525, 0.699936926365, 0.566440582275, 0, 0.0
0.460505723953, 0.636592209339, 1.09101223946, 3.63939070702, 2.41446113586, 1.05070590973, 0.697985053062, 0.564822614193, 0, 0.0
0.462120205164, 0.638316810131, 1.09439945221, 3.61992716789, 2.40853571892, 1.0479477644, 0.696433186531, 0.563216686249, 0, 0.0
0.463729977608, 0.640473127365, 1.09779036045, 3.59559607506, 2.40263128281, 1.04519402981, 0.694099128246, 0.561606824398, 0, 0.0727611940299
0.465340167284, 0.642629265785, 1.10120093822, 3.5712621212, 2.39670038223, 1.0424336195, 0.692533373833, 0.559989690781, 0, 0.0
0.466633737087, 0.6447879076, 1.10459601879, 3.54692983627, 2.39084506035, 1.0402469635, 0.690592467785, 0.55837726593, 0, -2.22044604925e-16
0.468246430159, 0.646944105625, 1.10730242729, 3.52260041237, 2.38607096672, 1.03750145435, 0.688649237156, 0.557088792324, 0, 2.22044604925e-16
0.469858109951, 0.649096727371, 1.11068296432, 3.49827861786, 2.37910079956, 1.03474998474, 0.686696887016, 0.555472910404, 0, 2.22044604925e-16
0.471475213766, 0.651255071163, 1.1147608757, 3.47395038605, 2.37323641777, 1.03200387955, 0.684747934341, 0.553534567356, 0, -0.0727611940299
0.473090171814, 0.653418958187, 1.11748766899, 3.44961166382, 2.36728429794, 1.02923822403, 0.682793080807, 0.551917254925, 0, 0.0
0.474708646536, 0.655586779118, 1.12090873718, 3.42528271675, 2.36249351501, 1.02647089958, 0.68123292923, 0.550629377365, 0, 0.0
0.476319938898, 0.657310545444, 1.12429988384, 3.40095663071, 2.35665750504, 1.02372896671, 0.678895175457, 0.549011945724, 0, 0.0
0.47793802619, 0.659899413586, 1.12768054008, 3.38149595261, 2.3508515358, 1.02099049091, 0.677343606949, 0.547401547432, 0, 0.0
0.479547202587, 0.661619365215, 1.13106834888, 3.35229349136, 2.3449318409, 1.01823651791, 0.675006449223, 0.545789241791, 0, 0.0
0.481161743402, 0.664219021797, 1.1344871521, 3.33282780647, 2.3389351368, 1.0160163641, 0.673113822937, 0.542802751064, 0, 0.0
0.483743727207, 0.667278170586, 1.13791429996, 3.31202793121, 2.34097599983, 1.01140701771, 0.668588578701, 0.539847314358, 0, 0.0
0.486391246319, 0.670139193535, 1.14284610748, 3.29232931137, 2.32652902603, 1.00963115692, 0.669384300709, 0.5411465168, 0, 0.0
0.485473662615, 0.669538080692, 1.14310181141, 3.26942944527, 2.32438588142, 1.00835800171, 0.668320775032, 0.539866805077, 0, 0.0
0.486752867699, 0.671587705612, 1.14654231071, 3.2451043129, 2.31968307495, 1.00617527962, 0.666387081146, 0.538264393806, 0, 0.0
0.488354891539, 0.673729240894, 1.14923393726, 3.22076845169, 2.31274294853, 1.00345337391, 0.664457380772, 0.53666216135, 0, -2.22044604925e-16
0.489957928658, 0.675868868828, 1.15259420872, 3.19642949104, 2.30803418159, 1.00071251392, 0.662518203259, 0.535377800465, 0, 0.0
0.491564363241, 0.678017854691, 1.15597307682, 3.17208361626, 2.30101799965, 0.997978448868, 0.660579323769, 0.533770799637, 0, -0.00029104477612
0.49316829443, 0.679731726646, 1.15935528278, 3.15262126923, 2.2963886261, 0.995235681534, 0.659026145935, 0.532161176205, 0, 0.0
0.494781196117, 0.681890010834, 1.16273987293, 3.12341380119, 2.29048776627, 0.992498338223, 0.656695961952, 0.530231416225, 0, 0.0
0.496389746666, 0.68447047472, 1.16612541676, 3.10393762589, 2.28459334373, 0.990303039551, 0.655144393444, 0.528948605061, 0, 0.0
0.498052924871, 0.686427414417, 1.17256605625, 3.07815694809, 2.26065683365, 0.983255028725, 0.65170031786, 0.526924908161, 0, 4.4408920985e-16
0.500124514103, 0.690296053886, 1.17845368385, 3.05022406578, 2.25558519363, 0.980606794357, 0.649343192577, 0.525279700756, 0, 0.000582089552239
0.501763701439, 0.692946434021, 1.18195486069, 3.02100491524, 2.24953508377, 0.977798998356, 0.64775121212, 0.523631513119, 0, 0.0
0.503416001797, 0.694722414017, 1.18546676636, 3.00155305862, 2.24348592758, 0.975534677505, 0.645751595497, 0.521974027157, 0, 0.0
