1.16783821583, 1.49375545979, 3.38157868385, 3.00042009354, 2.99732446671, 1.18406939507, 0.748564720154, 0.576025247574, -1.15568309397, -0.000819201641763
1.16787362099, 1.49421966076, 3.35353636742, 2.97561860085, 2.97793650627, 1.18196988106, 0.747554779053, 0.575873851776, -1.15787124611, 0.0
1.1680649519, 1.49630355835, 3.32235121727, 2.95527529716, 2.95442342758, 1.17672538757, 0.745874881744, 0.575740754604, -1.16152750286, 0.0
1.16809284687, 1.49903917313, 3.29164814949, 2.92502832413, 2.93051409721, 1.17431151867, 0.74509292841, 0.575656294823, -1.16519539371, 0.0
1.16820240021, 1.50070929527, 3.26158618927, 2.90478944778, 2.90667676926, 1.1699359417, 0.743752241135, 0.575399935246, -1.16813805373, 0.0
1.16849267483, 1.50344252586, 3.23134565353, 2.87965512276, 2.88262605667, 1.16775286198, 0.742898464203, 0.57515847683, -1.17256590201, 0.0
1.16866779327, 1.5042797327, 3.20345711708, 2.85498452187, 2.85815191269, 1.16700744629, 0.74246609211, 0.574922502041, -1.175527005, 0.0
1.16890156269, 1.50473284721, 3.18151259422, 2.8304605484, 2.8335776329, 1.16645884514, 0.742145717144, 0.574691295624, -1.17923869524, 5.17814957579e-16
1.16913282871, 1.50508069992, 3.15411663055, 2.80596876144, 2.81399488449, 1.16587340832, 0.741783380508, 0.574444890022, -1.18296179652, -5.17814957579e-16
1.16937792301, 1.50549221039, 3.12668800354, 2.78143167496, 2.78454732895, 1.16525483131, 0.741432011127, 0.574237644672, -1.18669625785, 0.0
1.16962730885, 1.5058555603, 3.09929299355, 2.75690340996, 2.76486754417, 1.16482031345, 0.741129398346, 0.573995649815, -1.19044202667, 0.0
1.16987538338, 1.50611424446, 3.07194471359, 2.73240041733, 2.74031209946, 1.16430127621, 0.74080914259, 0.573759078979, -1.19419904882, 0.0
1.17011702061, 1.50647127628, 3.04455900192, 2.71279454231, 2.7157740593, 1.16377580166, 0.740534603596, 0.573505580425, -1.19796726855, 0.0
1.1703722477, 1.50683379173, 3.0171983242, 2.68826818466, 2.69119548798, 1.16330683231, 0.740218758583, 0.573249876499, -1.2017466285, -4.98732999343e-18
1.17062330246, 1.50718009472, 2.98985528946, 2.66375160217, 2.66661977768, 1.16279816628, 0.739888250828, 0.573009967804, -1.20523843335, 0.00029104477612
1.17080926895, 1.50751936436, 2.96242022514, 2.63922262192, 2.6420814991, 1.16222131252, 0.739534497261, 0.572751760483, -1.20856180659, -0.00029104477612
1.17106699944, 1.50790309906, 2.94055342674, 2.61471009254, 2.62242484093, 1.16180992126, 0.739210247993, 0.572559952736, -1.21237199943, 0.0
1.17131626606, 1.50829398632, 2.91314530373, 2.59019994736, 2.59790301323, 1.16125392914, 0.738865971565, 0.572302639484, -1.21619310006, 0.0
1.17156124115, 1.50867080688, 2.88577485085, 2.57058310509, 2.57333397865, 1.1607414484, 0.738526523113, 0.572053551674, -1.22002504333, 0.0
1.17182195187, 1.50901830196, 2.85841631889, 2.54117465019, 2.54876971245, 1.16024661064, 0.73821491003, 0.571810722351, -1.22386776245, 0.0
1.17205393314, 1.50926554203, 2.83108210564, 2.52157354355, 2.52422523499, 1.1598277092, 0.737869977951, 0.571552932262, -1.22772118896, 0.0
1.17231500149, 1.50962507725, 2.80375909805, 2.49216532707, 2.49963068962, 1.15929615498, 0.73763525486, 0.571298897266, -1.23158525277, 0.0
1.17251861095, 1.50988471508, 2.77650904655, 2.47257328033, 2.47504782677, 1.15889632702, 0.737341046333, 0.571048676968, -1.23468411451, 0.0
1.17282807827, 1.51020622253, 2.74917125702, 2.44805979729, 2.45047879219, 1.15846192837, 0.736985623837, 0.570768773556, -1.23934500361, 0.0
1.17304885387, 1.51056087017, 2.7273247242, 2.42355895042, 2.43083381653, 1.15792608261, 0.736655950546, 0.570572257042, -1.24246060471, 0.0
1.17329633236, 1.51091611385, 2.69450950623, 2.39904522896, 2.40135788918, 1.15746450424, 0.736343920231, 0.570272028446, -1.24636442168, 0.0
1.17354428768, 1.51128613949, 2.67259263992, 2.37452530861, 2.38171076775, 1.15691423416, 0.735991537571, 0.570058405399, -1.24636442168, 0.0
1.17379891872, 1.51159584522, 2.64530920982, 2.35002851486, 2.35712957382, 1.15646445751, 0.735651910305, 0.569801867008, -1.25027851632, 0.0
1.17405283451, 1.51198816299, 2.61791872978, 2.33042168617, 2.33258056641, 1.15589594841, 0.735390424728, 0.569555103779, -1.25420280889, 0.0
1.17431116104, 1.51222348213, 2.59065032005, 2.30593299866, 2.30800771713, 1.1554942131, 0.735017478466, 0.569290041924, -1.25813721795, 0.0
1.17452561855, 1.51256501675, 2.56331014633, 2.28141021729, 2.28343200684, 1.15497493744, 0.734754383564, 0.569031834602, -1.26129197328, 0.0
1.17484617233, 1.51294207573, 2.53595733643, 2.25689268112, 2.25886011124, 1.15441894531, 0.734398245811, 0.568760871887, -1.26603605145, 0.0
1.17505514622, 1.51328647137, 2.50861215591, 2.23238897324, 2.2342941761, 1.15401124954, 0.7340670228, 0.568499863148, -1.26920666924, 0.0
1.17531454563, 3.30297207832, 2.48678469658, 2.20788788795, 2.20971560478, 1.15357279778, 0.733756422997, 0.568308353424, -1.27317874881, 0.0
1.17555749416, 3.26717948914, 2.45943546295, 2.18337154388, 2.19007062912, 1.15301978588, 0.733398318291, 0.568044781685, -1.27716053071, 0.0
1.17581439018, 3.23134565353, 2.43207740784, 2.15885543823, 2.16549634933, 1.15254354477, 0.733095347881, 0.567796468735, -1.28143497627, -0.000291044776119
1.17607402802, 3.20281267166, 2.40475988388, 2.13435506821, 2.14092946053, 1.15203797817, 0.732724785805, 0.56752127409, -1.28513715439, 0.000291044776119
1.17634046078, 3.15978527069, 2.3774023056, 2.10983896255, 2.11636614799, 1.15152609348, 0.732406020164, 0.567261815071, -1.28914744809, 0.0
1.17658996582, 3.13126635551, 2.3501188755, 2.0902428627, 2.09179449081, 1.15104079247, 0.732140481472, 0.567002475262, -1.29316707, 5.42101086243e-18
1.17687535286, 3.09552955627, 2.32278132439, 2.06083393097, 2.06721758842, 1.15055274963, 0.731814920902, 0.566739320755, -1.29719592236, 5.42101086243e-18
1.17711889744, 3.0597641468, 2.29543852806, 2.04122853279, 2.04268145561, 1.14996540546, 0.731452763081, 0.566475391388, -1.30123390575, 5.42101086243e-18
1.17733800411, 3.02378368378, 2.26802897453, 2.0167183876, 2.0181479454, 1.14932584763, 0.731065928936, 0.566201269627, -1.30447079897, 0.0
1.17761158943, 2.98792290688, 2.24066996574, 1.99219858646, 1.99357712269, 1.14887440205, 0.730721414089, 0.565940380096, -1.3085249625, 0.0
1.17787241936, 2.95207715034, 2.21880531311, 1.96769583225, 1.96901738644, 1.14834940434, 0.730365514755, 0.56572675705, -1.31258797002, 0.0
1.1781373024, 2.91633343697, 2.19148087502, 1.94318401814, 1.94935238361, 1.14781486988, 0.730036854744, 0.565470218658, -1.31665971592, 0.0
1.17839324474, 2.88772940636, 2.16413879395, 1.91866934299, 1.92478144169, 1.14725482464, 0.729729652405, 0.565197467804, -1.32074009298, 0.0
1.17865824699, 2.85192918777, 2.13679742813, 1.89906561375, 1.90021765232, 1.1467641592, 0.729336202145, 0.564933955669, -1.32482899236, 0.0
1.17893350124, 2.81613016129, 2.10945034027, 1.87455165386, 1.8756608963, 1.14619064331, 0.729043364525, 0.564669430256, -1.32892630365, 0.0
1.17913973331, 2.78035593033, 2.08212566376, 1.85004413128, 1.85599005222, 1.14582395554, 0.728712260723, 0.564393758774, -1.33221013404, 0.0
1.17946338654, 2.74456524849, 2.05476617813, 1.82553231716, 1.82651150227, 1.14524638653, 0.72834944725, 0.564137399197, -1.33714571235, 0.0
1.17967200279, 2.70880556107, 2.03291511536, 1.8010225296, 1.80684757233, 1.1447776556, 0.728032052517, 0.563926041126, -1.34044256718, 0.0
1.1799339056, 2.67314529419, 2.00562477112, 1.77652406693, 1.77735877037, 1.14431726933, 0.727703809738, 0.563663899899, -1.34044256718, 0.0
1.18020200729, 2.63745284081, 1.97831451893, 1.75691831112, 1.75769066811, 1.14383900166, 0.72734862566, 0.563390254974, -1.34457080887, 0.0
1.1804766655, 2.60150909424, 1.95089864731, 1.72748398781, 1.73312532902, 1.14314222336, 0.726966679096, 0.563119649887, -1.34840758583, 0.000291044776119
1.18074095249, 2.57280659676, 1.92355203629, 1.70788109303, 1.70858180523, 1.1425819397, 0.726681351662, 0.562846422195, -1.35255114523, 0.0
1.18101155758, 2.53707003593, 1.89624512196, 1.67847442627, 1.68400096893, 1.14211165905, 0.726363897324, 0.56258136034, -1.35670233405, 0.0
1.18127572536, 2.50137448311, 1.86893630028, 1.65887188911, 1.65941774845, 1.14164221287, 0.726033627987, 0.562316000462, -1.36086102991, 0.0
1.1815366745, 2.46576595306, 1.84163331985, 1.63436472416, 1.6348284483, 1.14117264748, 0.72565048933, 0.562047719955, -1.36502710896, 0.0
1.18175935745, 2.42992854118, 1.81975698471, 1.6098524332, 1.61029827595, 1.14057171345, 0.725276648998, 0.561759293079, -1.36836520394, 0.0
1.18204808235, 2.39405751228, 1.79238724709, 1.58533322811, 1.58571469784, 1.13995885849, 0.724906802177, 0.561480939388, -1.37254425597, 0.0
1.18232488632, 2.35820531845, 1.76501703262, 1.56081914902, 1.56115531921, 1.13934350014, 0.724510490894, 0.56126087904, -1.37673033667, 0.0
1.18260061741, 2.32232141495, 1.73764419556, 1.53629779816, 1.54150652885, 1.13873243332, 0.72413033247, 0.56096804142, -1.38092331672, 0.0
1.1828879118, 2.29361987114, 1.71028959751, 1.51178133488, 1.51693177223, 1.13818621635, 0.723772466183, 0.560699522495, -1.38512306538, 0.0
1.18315577507, 2.25790953636, 1.68295538425, 1.48725962639, 1.49235248566, 1.13759446144, 0.723486065865, 0.560432612896, -1.38932945057, 0.0
1.18343937397, 2.22213506699, 1.65563595295, 1.46766102314, 1.46778428555, 1.13705134392, 0.723126649857, 0.560150027275, -1.39354233881, 0.0
1.18370699883, 2.18636512756, 1.62829005718, 1.44314181805, 1.44319558144, 1.13652861118, 0.722772538662, 0.559871792793, -1.39776159533, 0.0
1.1839928627, 2.15073919296, 1.60099983215, 1.41863262653, 1.41859030724, 1.13611340523, 0.722410261631, 0.559573292732, -1.401987084, 0.0
1.18422949314, 2.11499905586, 1.5791271925, 1.39411473274, 1.39401221275, 1.13561236858, 0.722063601017, 0.559284031391, -1.4053718698, 5.42101086243e-18
1.18451905251, 2.07936739922, 1.55184221268, 1.3696154356, 1.3743544817, 1.13506376743, 0.721695184708, 0.559056580067, -1.40989079529, -0.00029104477612
1.18480098248, 2.0436732769, 1.52454376221, 1.34510469437, 1.34977138042, 1.13457846642, 0.721342802048, 0.558768391609, -1.41413318279, 4.33680868994e-19
1.18508803844, 2.01510238647, 1.49721729755, 1.32060611248, 1.32520294189, 1.13401138783, 0.720985531807, 0.558488965034, -1.41838126369, 4.33680868994e-19
1.18536973, 1.97940564156, 1.46991586685, 1.29609656334, 1.30061399937, 1.13351774216, 0.720638871193, 0.558209061623, -1.42263489581, 4.33680868994e-19
1.18564808369, 1.94373762608, 1.44262051582, 1.27648901939, 1.27602958679, 1.13307416439, 0.720379948616, 0.557931780815, -1.42689393584, 4.33680868994e-19
1.18592762947, 1.90805792809, 1.415325284, 1.24709868431, 1.25144517422, 1.13264369965, 0.720059275627, 0.557658195496, -1.43085866086, 0.00029104477612
1.18617761135, 1.87249016762, 1.38807046413, 1.22749531269, 1.22684943676, 1.13221240044, 0.71973824501, 0.557383298874, -1.43512790248, 0.0
1.18618130684, 1.83685851097, 1.36076319218, 1.20299005508, 1.20226359367, 1.13166022301, 0.719375669956, 0.557107269764, -1.43854688978, 5.16947595841e-16
1.57175993919, 1.80108106136, 1.33889091015, 1.17847931385, 1.1776996851, 1.13124060631, 0.719025850296, 0.556819438934, -1.44282499241, -8.67361737988e-19
2.40340256691, 1.76533472538, 1.30610847473, 1.15397596359, 1.1531265974, 1.13066267967, 0.718646585941, 0.556554555893, -1.44282499241, 0.0
3.23837852478, 1.72960281372, 1.28424692154, 1.12946200371, 1.12854731083, 1.13013899326, 0.718304336071, 0.556322574615, -1.44710781025, 0.0
5.0, 1.6939021349, 1.25693142414, 1.1049516201, 1.10397267342, 1.12958848476, 0.717925667763, 0.556037008762, -1.45139519372, 0.0
5.0, 1.65822899342, 1.22963511944, 1.0804476738, 1.08430373669, 1.12908959389, 0.717662155628, 0.555763065815, -1.45568699228, 0.0
5.0, 1.62966191769, 1.20232737064, 1.05594408512, 1.05972731113, 1.12858688831, 0.717247366905, 0.555489718914, -1.45998305438, 0.0
5.0, 1.59389305115, 1.17497932911, 1.03632962704, 1.03516113758, 1.1279759407, 0.716940283775, 0.555211484432, -1.46428322759, 0.0
5.0, 1.55814826488, 1.1476598978, 1.00692284107, 1.01057934761, 1.12744534016, 0.716583251953, 0.554928600788, -1.46858735855, 0.0
5.0, 1.52244758606, 1.12035596371, 0.987323284149, 0.986004292965, 1.12701332569, 0.716215312481, 0.554648399353, -1.47289529304, 0.0
5.0, 1.48672962189, 1.09850168228, 0.962822258472, 0.961438894272, 1.10253417492, 0.715854227543, 0.554358005524, -1.47634427501, 0.0
5.0, 1.45101726055, 1.07118761539, 0.938314020634, 0.936869382858, 1.0749168396, 0.715498387814, 0.554134607315, -1.48065866456, 0.0
5.0, 1.41536700726, 1.04390490055, 0.913822114468, 0.912275612354, 1.04726445675, 0.715154111385, 0.55385774374, -1.48497642148, 0.0
5.0, 1.37963104248, 1.01657640934, 0.889305591583, 0.892618536949, 1.01963746548, 0.714794635773, 0.553574323654, -1.48929738853, 0.0
5.0, 1.34393489361, 0.98926782608, 0.864800035954, 0.868041276932, 0.992039680481, 0.71444183588, 0.553289115429, -1.49390380156, -0.00029104477612
5.0, 1.3154040575, 0.961971521378, 0.84519970417, 0.843458354473, 0.9643907547, 0.714168906212, 0.553011715412, -1.49823080048, -4.55364912444e-18
5.0, 1.27970027924, 0.934662342072, 0.820690095425, 0.818879663944, 0.936752974987, 0.713819801807, 0.55282831192, -1.50399339661, 0.00029104477612
5.0, 1.26046597958, 0.927179038525, 0.807948410511, 0.804677903652, 0.905866742134, 0.746119558811, 0.556501626968, -1.49622230048, 0.00931343283582
5.0, 1.37604677677, 0.973110318184, 0.819705843925, 0.79754948616, 0.870529472828, 0.808674275875, 0.563730895519, -1.4401112977, 0.056171641791
2.5425286293, 1.53407382965, 1.03031480312, 0.837170302868, 0.795627176762, 0.847444653511, 0.886705815792, 0.574864506721, -1.36763257705, 0.0724701492537
1.72026348114, 1.73849117756, 1.10029494762, 0.860957145691, 0.79462903738, 0.825241148472, 0.983043253422, 0.59019869566, -1.29487143857, 0.0727611940299
1.28799116611, 2.01445627213, 1.18746995926, 0.891751825809, 0.798170685768, 0.808448255062, 0.932748794556, 0.60577249527, -1.22211031647, 0.0727611940299
1.23589110374, 2.39836335182, 1.27154147625, 0.930331110954, 0.806971371174, 0.797438919544, 0.891546308994, 0.629534900188, -1.10569252414, 0.116417910448
1.26143920422, 2.97785758972, 1.40295290947, 0.978855967522, 0.818059325218, 0.791601240635, 0.858187735081, 0.659102618694, -1.01837915985, 0.0873134328358
1.30209422112, 3.68883013725, 1.5708271265, 1.02568626404, 0.837258636951, 0.790730416775, 0.832131206989, 0.69510114193, -0.960170256173, 0.0582089552239
1.35288488865, 5.0, 1.77201831341, 1.0878226757, 0.850603282452, 0.77890753746, 0.811173319817, 0.724933445454, -0.932770091974, 0.0276492537313
1.35420072079, 5.0, 1.75521790981, 1.06380009651, 0.829276621342, 0.758613407612, 0.790424585342, 0.740164279938, -0.919874557691, 0.0160074626866
1.33759951591, 5.0, 1.71027600765, 1.04153430462, 0.807223975658, 0.738294303417, 0.76960426569, 0.755469024181, -0.923346503728, 1.11022302463e-16
1.32173800468, 5.0, 1.66767406464, 1.01435923576, 0.785355865955, 0.717914402485, 0.748587429523, 0.770850837231, -0.928939762391, 5.55111512313e-16
1.30932080746, 5.0, 1.63869774342, 0.998580515385, 0.774604380131, 0.710104048252, 0.733646035194, 0.79203993082, -0.929642230757, 0.0
1.34268832207, 5.0, 1.90609228611, 1.07234418392, 0.800865113735, 0.713936805725, 0.71990352869, 0.858706772327, -0.88198988739, 0.0483134328358
1.4175362587, 5.0, 2.21017217636, 1.17393636703, 0.837572038174, 0.722693920135, 0.711211562157, 0.913009226322, -0.809228850265, 0.0727611940299
1.51070094109, 5.0, 2.76119947433, 1.30243003368, 0.883197247982, 0.736811757088, 0.707668662071, 0.953701794147, -0.736467825594, 0.0727611940299
1.62651288509, 2.37685632706, 3.6709227562, 1.43136131763, 0.939482986927, 0.756479620934, 0.707676649094, 0.894683122635, -0.641758295091, 0.0942985074627
1.76963591576, 1.59985613823, 5.0, 1.63528728485, 0.989549040794, 0.764074683189, 0.696828901768, 0.859886527061, -0.612250296772, 0.0296865671642
1.78387439251, 1.59860885143, 5.0, 1.61245322227, 0.970541954041, 0.748131394386, 0.685242474079, 0.843350350857, -0.597012821206, 0.0174626865672
1.74924361706, 1.66134858131, 5.0, 1.57881069183, 0.950339019299, 0.732315003872, 0.670738458633, 0.826242148876, -0.599495313621, 0.0
1.7234095335, 1.71781504154, 5.0, 1.5478001833, 0.933158814907, 0.721330821514, 0.659605741501, 0.805980324745, -0.601780412337, -0.00029104477612
1.7405050993, 1.5538007021, 5.0, 1.69574081898, 0.993390977383, 0.742511868477, 0.662882447243, 0.767877340317, -0.586703517532, 0.0165895522388
1.93455278873, 1.23090612888, 5.0, 2.02928924561, 1.08760809898, 0.77688729763, 0.671227097511, 0.737517774105, -0.514238384287, 0.0724701492537
2.19178533554, 1.13568294048, 5.0, 2.52111196518, 1.20568966866, 0.819181203842, 0.684343457222, 0.718230366707, -0.441181885752, 0.073052238806
2.54037070274, 1.16090846062, 2.76147246361, 3.32611322403, 1.32427895069, 0.871545314789, 0.702755749226, 0.699602782726, -0.368420801632, 0.0727611940299
3.03588199615, 1.20065867901, 1.91310453415, 5.0, 1.51434957981, 0.936276376247, 0.72167891264, 0.686185836792, -0.281107504703, 0.0873134328358
3.72292423248, 1.25258398056, 1.52305078506, 5.0, 1.66338407993, 0.963403105736, 0.728952109814, 0.67826294899, -0.228398717115, 0.0529701492537
3.73393249512, 1.23236107826, 1.53860604763, 5.0, 1.64814078808, 0.954671919346, 0.722258865833, 0.672223389149, -0.223254415836, 0.00611194029851
3.66360497475, 1.20357811451, 1.56027746201, 5.0, 1.6335515976, 0.947775125504, 0.715562999249, 0.666049599648, -0.224047323274, -4.4408920985e-16
3.57908558846, 1.17516827583, 1.580950737, 5.0, 1.61942493916, 0.939267814159, 0.708913683891, 0.65989613533, -0.225851769428, 4.4408920985e-16
3.49516105652, 1.14970612526, 1.59010469913, 5.0, 1.67376482487, 0.952728390694, 0.719124615192, 0.654549896717, -0.226054028463, -6.66133814775e-16
5.0, 1.20129036903, 1.32064878941, 5.0, 2.00712275505, 1.04192125797, 0.753797769547, 0.651131272316, -0.178216084595, 0.0480223880597
5.0, 1.2834084034, 1.08687233925, 5.0, 2.39270806313, 1.1555775404, 0.796750843525, 0.650909364223, -0.105455011102, 0.0727611940299
3.99917054176, 1.36284005642, 1.04918420315, 2.78006100655, 3.14106559753, 1.30101025105, 0.847014904022, 0.654698908329, -0.0181417241036, 0.0873134328358
3.99787116051, 1.4539206028, 1.05905520916, 2.30616140366, 3.7033495903, 1.35088074207, 0.854538023472, 0.655307769775, 0.0272312154516, 0.0454029850746
3.99756360054, 1.42141866684, 1.03115272522, 2.31130433083, 3.69318294525, 1.35029888153, 0.854584634304, 0.655630707741, 0.0288090130171, 0.0014552238806
3.99727749825, 1.38461053371, 1.00352859497, 2.31262898445, 3.6899523735, 1.35016810894, 0.85468184948, 0.65582293272, 0.0289406000136, 0.0
3.99713969231, 1.34780848026, 0.975856721401, 2.31317186356, 3.68872213364, 1.35019874573, 0.854801118374, 0.655962467194, 0.0290467380267, 0.0
3.99700331688, 1.31142747402, 0.950555860996, 2.31326961517, 3.68856072426, 1.35037171841, 0.854957044125, 0.656077265739, 0.0291805100529, 0.0
3.99686336517, 1.27507793903, 0.929480612278, 2.31280255318, 3.68902683258, 1.35059738159, 0.855577468872, 0.656265854836, 0.0293698737341, 0.0
3.99631285667, 1.27520287037, 0.920386075974, 2.03821706772, 5.0, 1.46287310123, 0.904863119125, 0.659721970558, 0.0908339216176, 0.0614104477612
3.99202990532, 1.4045753479, 0.96278655529, 1.56328773499, 5.0, 1.67469227314, 0.9611364007, 0.666227340698, 0.105386110569, 0.014552238806
3.99778318405, 1.42451894283, 0.95743906498, 1.49081885815, 5.0, 1.69913327694, 0.965739250183, 0.669145643711, 0.140094005154, 0.0343432835821
3.99476575851, 1.38210904598, 0.927784144878, 1.48393619061, 5.0, 1.70419061184, 0.969364404678, 0.671994328499, 0.140747774554, 0.0
3.99177694321, 1.34848845005, 0.898398220539, 1.47768688202, 5.0, 1.71016895771, 0.972425401211, 0.674835085869, 0.141407633473, 0.0
3.98889613152, 1.30683147907, 0.869058847427, 1.46926653385, 5.0, 1.7143740654, 0.975536823273, 0.676358044147, 0.142207621986, 0.0
3.98612332344, 1.25357818604, 0.838489294052, 1.60771715641, 5.0, 1.56520926952, 0.916517853737, 0.670106887817, 0.142053056783, -0.000291044776119
3.97947382927, 1.12885904312, 0.814040780067, 2.00424098969, 5.0, 1.43936312199, 0.892386138439, 0.670057237148, 0.103772085361, -0.0384179104478
3.98091053963, 1.08451330662, 0.797205388546, 2.00777506828, 5.0, 1.44131612778, 0.893451809883, 0.670601129532, 0.0919998442866, -0.012223880597
3.98017477989, 1.04750525951, 0.776137948036, 2.00292682648, 5.0, 1.44319665432, 0.89452534914, 0.671358585358, 0.092439196176, 0.0
3.97941017151, 1.01017105579, 0.770280301571, 1.99952566624, 5.0, 1.44479453564, 0.895528674126, 0.672105669975, 0.0198992510058, -0.0727611940299
3.97865271568, 0.98025816679, 0.768894016743, 1.99620187283, 5.0, 1.44635927677, 0.89633256197, 0.67285835743, 0.0199950957066, 0.0
3.9779047966, 0.935347914696, 0.767536401749, 1.9936722517, 5.0, 1.44787657261, 0.897318720818, 0.673620223999, 0.0203827183194, 0.00029104477612
3.97713708878, 0.905463159084, 0.766140222549, 1.98969590664, 5.0, 1.44938993454, 0.898311078548, 0.674383163452, 0.0204818451216, 0.0
3.97652649879, 0.867992818356, 0.764790296555, 1.98726117611, 5.0, 1.45060014725, 0.899302303791, 0.675145864487, 0.0205618433733, -2.22044604925e-16
3.9756128788, 0.830635547638, 0.7634075284, 1.98394656181, 5.0, 1.45242404938, 0.900291144848, 0.675896406174, 0.00582938017354, -0.0148432835821
3.97501063347, 0.79319435358, 0.762069642544, 1.98093736172, 5.0, 1.45360398293, 0.901270449162, 0.676652848721, 0.0204074874786, 0.014552238806
3.97425365448, 0.755746483803, 0.760991275311, 1.97783195972, 5.0, 1.45509886742, 0.902247369289, 0.677419424057, 0.020508602207, 0.0
3.97348809242, 0.718269050121, 0.759649693966, 1.97478711605, 5.0, 1.45655572414, 0.903227925301, 0.67818236351, 0.0206107237859, 0.0
3.97272729874, 0.680839717388, 0.758275985718, 1.97170388699, 5.0, 1.45799326897, 0.904189705849, 0.678933799267, 0.020713867327, 0.0
3.97197771072, 0.643435657024, 0.756963610649, 1.96929562092, 5.0, 1.45943164825, 0.905151724815, 0.679542183876, 0.0208180483462, 0.0
3.97122764587, 0.605969965458, 0.755666434765, 1.96590602398, 5.0, 1.46089828014, 0.905925214291, 0.680290162563, 0.0209232824713, 0.0
3.9704709053, 0.576012611389, 0.754289031029, 1.96321380138, 5.0, 1.4624350071, 0.906921565533, 0.68105173111, 0.0210295857488, 0.0
3.96970820427, 0.538582265377, 0.752942025661, 1.96009659767, 5.0, 1.46396183968, 0.907913148403, 0.681809723377, 0.0211369744509, 4.4408920985e-16
3.96895885468, 0.501119911671, 0.751608252525, 1.9570940733, 5.0, 1.46509253979, 0.908879578114, 0.682561397552, 0.0212454653889, 0.0
3.96835136414, 0.485303491354, 0.750494003296, 1.95382738113, 5.0, 1.46665465832, 0.909881591797, 0.683328032494, 0.0213330631983, -4.4408920985e-16
3.96758174896, 0.469637691975, 0.749130606651, 1.95072436333, 5.0, 1.4681456089, 0.910867869854, 0.684094727039, 0.0214435813767, 0.0
3.96681690216, 0.467165112495, 0.747788131237, 1.94762599468, 5.0, 1.46961057186, 0.911826550961, 0.684698224068, 0.0215552504421, 0.0
3.96606278419, 0.466241776943, 0.746479809284, 1.94477045536, 5.0, 1.47101533413, 0.91279643774, 0.685456633568, 0.021668088463, 0.0
3.9653096199, 0.465300798416, 0.745112836361, 1.94155037403, 5.0, 1.4725703001, 0.913813769817, 0.686221897602, 0.0217821138882, 0.0
3.96452951431, 0.464521020651, 0.743707001209, 1.93894004822, 5.0, 1.47407507896, 0.914597809315, 0.686994731426, 0.0218973455564, 0.0
3.96377158165, 0.463587164879, 0.742346405983, 1.93581986427, 5.0, 1.47561645508, 0.915598988533, 0.687755823135, 0.0220138027071, 0.0
3.96300911903, 0.462640196085, 0.740978300571, 1.93256890774, 5.0, 1.47686970234, 0.916594207287, 0.688504397869, 0.0948335473543, 0.0727611940299
3.96225094795, 0.461705893278, 0.739893198013, 1.92947280407, 5.0, 1.4783039093, 0.917565643787, 0.689268052578, 0.0953412250821, 2.22044604925e-16
3.96164417267, 0.460776895285, 0.738278508186, 1.92634952068, 5.0, 1.47984743118, 0.918550431728, 0.690024316311, 0.0957512856603, 6.66133814775e-16
3.96073126793, 0.459831446409, 0.736933887005, 1.9232827425, 5.0, 1.48133993149, 0.919550597668, 0.690791010857, 0.00874771348919, -0.0873134328358
3.96011948586, 0.458893954754, 0.735576689243, 1.92014217377, 5.0, 1.48282945156, 0.920524120331, 0.691546618938, 0.00878567942917, 0.0
3.95936632156, 0.457976132631, 0.734537661076, 1.91728174686, 5.0, 1.4842145443, 0.921478450298, 0.692298352718, 0.00883360280222, 0.0
3.95861792564, 0.45704382658, 0.733185172081, 1.91420960426, 5.0, 1.48565709591, 0.922439754009, 0.692903637886, 0.00888205184554, 0.0
2.14226365089, 0.456103116274, 0.731830477715, 1.91119349003, 5.0, 1.48713970184, 0.923220932484, 0.693662405014, 0.00922198152581, 0.000291044776119
0.357325822115, 0.455365300179, 0.730487108231, 1.90856897831, 5.0, 1.48863756657, 0.924200057983, 0.694413542747, 0.00927312100915, 0.0
0.356578409672, 0.454445123672, 0.729170799255, 1.90500473976, 5.0, 1.49011361599, 0.925170600414, 0.69516825676, 0.00932483081547, 0.0
0.355816721916, 0.453500807285, 0.727804660797, 1.90244662762, 5.0, 1.49167633057, 0.926183283329, 0.69593667984, 0.00908597059779, -0.000291044776119
0.355055332184, 0.452555716038, 0.726435005665, 1.89923286438, 5.0, 1.49314713478, 0.92715638876, 0.696692883968, 0.00913720766429, 0.0
0.354445397854, 0.451612710953, 0.725073337555, 1.89612829685, 5.0, 1.49432659149, 0.928134441376, 0.697455227375, 0.00917861525481, 0.0
0.353683561087, 0.450686007738, 0.724006295204, 1.89310455322, 5.0, 1.49580383301, 0.92910605669, 0.69820702076, 0.00923090561142, -2.22044604925e-16
0.352932006121, 0.449769020081, 0.722692787647, 1.89008080959, 5.0, 1.49726843834, 0.930099904537, 0.698811233044, 0.00928379515705, -2.22044604925e-16
0.35217243433, 0.448812931776, 0.721287250519, 1.88674819469, 5.0, 1.49883067608, 0.931072056293, 0.699567914009, 0.00933729424981, -2.22044604925e-16
0.351423591375, 0.447895944118, 0.719967603683, 1.88369619846, 5.0, 1.5002938509, 0.932051002979, 0.700315952301, 0.00939141337206, 0.0
0.350672632456, 0.447149008512, 0.718617796898, 1.88048946857, 5.0, 1.50183141232, 0.933042883873, 0.701073527336, 0.00944616348366, -4.4408920985e-16
0.349913626909, 0.446207135916, 0.717246830463, 1.87801980972, 5.0, 1.50334501266, 0.93383872509, 0.701827645302, 0.00950155568428, 0.0
0.349154829979, 0.445256024599, 0.7158203125, 1.87448763847, 5.0, 1.50493454933, 0.934847652912, 0.702593028545, 0.00955760133549, 0.0
0.348383158445, 0.444300323725, 0.714477777481, 1.87143301964, 5.0, 1.50642478466, 0.935838341713, 0.703360497952, 0.00961431206845, 4.4408920985e-16
0.347777217627, 0.443372249603, 0.713139355183, 1.8684271574, 5.0, 1.50757968426, 0.936820447445, 0.704117357731, 0.00966016750691, 0.0
0.347020238638, 0.442430138588, 0.711759865284, 1.86517310143, 5.0, 1.50910902023, 0.937805831432, 0.704725146294, 0.00971810558931, 0.0
0.346264153719, 0.441504836082, 0.710698664188, 1.86216747761, 5.0, 1.51056039333, 0.938768982887, 0.705480337143, 0.00977674282485, 0.0
0.345505774021, 0.440757513046, 0.709336280823, 1.85906171799, 5.0, 1.51205420494, 0.939753890038, 0.706243634224, 0.00983609194522, 0.0
0.344749391079, 0.439632922411, 0.708000779152, 1.8559769392, 5.0, 1.51349973679, 0.940719664097, 0.706989526749, 0.00989616599312, 0.0
0.343989253044, 0.438887685537, 0.706654787064, 1.8535503149, 5.0, 1.51500189304, 0.941702902317, 0.707754135132, 0.082687507945, 0.0727611940299
0.343231379986, 0.437956809998, 0.705311655998, 1.8498493433, 5.0, 1.51650965214, 0.942495942116, 0.708512544632, 0.0831966089493, 0.0
0.342470169067, 0.437021046877, 0.703974783421, 1.84743225574, 5.0, 1.51796078682, 0.943465471268, 0.709272146225, 0.0837120030473, 0.0
0.341867029667, 0.436078131199, 0.702615618706, 1.8443056345, 5.0, 1.51947581768, 0.944459557533, 0.710036277771, 0.0257109937188, -0.0582089552239
0.341102540493, 0.435145676136, 0.701285421848, 1.84134864807, 5.0, 1.5205450058, 0.945385038853, 0.710785031319, 0.0258718317345, 0.0
0.340355157852, 0.434250324965, 0.700275182724, 1.83865427971, 5.0, 1.52196705341, 0.946338951588, 0.711377501488, 0.0260346942405, 0.0
0.33961340785, 0.433334320784, 0.698951900005, 1.83558738232, 5.0, 1.52342402935, 0.947313129902, 0.712133467197, 0.026199619694, 0.0
0.338853508234, 0.432395190001, 0.69759953022, 1.83246803284, 5.0, 1.52485573292, 0.948282003403, 0.712893784046, 0.0263666475322, 0.0
0.338102728128, 0.431471467018, 0.696267664433, 1.82946169376, 5.0, 1.52634048462, 0.949253559113, 0.713641762733, 0.0265358182034, 0.0
0.337352067232, 0.430538415909, 0.694923400879, 1.82638990879, 5.0, 1.52782428265, 0.950215935707, 0.714390695095, 0.0269978730585, 0.000291044776119
0.336595624685, 0.429798692465, 0.693573653698, 1.82387804985, 5.0, 1.52935576439, 0.951229155064, 0.715164482594, 0.0268819436057, -0.000291044776119
0.335828304291, 0.42885106802, 0.69222432375, 1.82024359703, 5.0, 1.5307264328, 0.952175140381, 0.715914845467, 0.0270577992426, 0.0
0.335076957941, 0.427934885025, 0.690908133984, 1.817912817, 5.0, 1.53222930431, 0.952958106995, 0.716680765152, 0.0272359702734, 0.0
0.334313482046, 0.426992803812, 0.689549088478, 1.81479883194, 5.0, 1.53369104862, 0.953930497169, 0.717435956001, 0.0274165028505, 0.0
0.333706557751, 0.426056832075, 0.688198328018, 1.81164503098, 5.0, 1.53490674496, 0.954921543598, 0.718182086945, 0.0275626608658, 0.0
0.332960516214, 0.425136685371, 0.686872780323, 1.80869972706, 5.0, 1.53629791737, 0.955855131149, 0.718932151794, 0.0277475639049, 0.0
0.332210689783, 0.424229264259, 0.685846269131, 1.80588555336, 5.0, 1.53772592545, 0.95681476593, 0.7195353508, 0.0279349637422, 0.0
0.33145955205, 0.42329838872, 0.684516072273, 1.80279660225, 5.0, 1.53918802738, 0.957803010941, 0.720293998718, 0.0281249114191, 0.0
0.330703884363, 0.422554850578, 0.683144390583, 1.80021500587, 5.0, 1.54075610638, 0.958596110344, 0.72103780508, 0.0283174592369, 0.0
0.32994928956, 0.421613365412, 0.681793391705, 1.79643261433, 5.0, 1.54220914841, 0.959557116032, 0.721791863441, 0.0285126609378, 0.0
0.329197227955, 0.420687407255, 0.680473804474, 1.7940864563, 5.0, 1.54364860058, 0.960519611835, 0.722553491592, 0.0287105717551, 0.0
0.328436017036, 0.419754445553, 0.679136037827, 1.79108679295, 5.0, 1.54477548599, 0.961471796036, 0.723306417465, 0.0289112484649, 0.0
0.327684223652, 0.418844103813, 0.677836239338, 1.78832733631, 5.0, 1.54615628719, 0.962429821491, 0.72391295433, 0.0291147494407, 0.0
0.327084958553, 0.417921751738, 0.676774322987, 1.78527700901, 5.0, 1.54766070843, 0.963402032852, 0.72466802597, 0.0292796239739, 0.0
0.326320797205, 0.416987746954, 0.675432145596, 1.78224003315, 5.0, 1.54913818836, 0.964379072189, 0.725418746471, 0.0294883610457, 0.0
0.325575381517, 0.416054338217, 0.674070835114, 1.77902138233, 5.0, 1.55063331127, 0.965357542038, 0.726166009903, 0.0297000948167, 0.0
0.324819713831, 0.415125012398, 0.672721624374, 1.7740342617, 5.0, 1.55219841003, 0.96637815237, 0.726925313473, 0.102568105702, 0.0727611940299
0.324071675539, 0.414184093475, 0.671339035034, 1.75000703335, 5.0, 1.55369412899, 0.967327713966, 0.727674603462, 0.103311362981, 2.22044604925e-16
0.323319077492, 0.413447856903, 0.670009613037, 1.73085331917, 5.0, 1.5548709631, 0.968121886253, 0.728428900242, 0.104065431687, 2.22044604925e-16
0.322563290596, 0.412509918213, 0.66864413023, 1.70689415932, 5.0, 1.5566637516, 0.969102203846, 0.729180276394, 0.0316854000833, -0.0727611940299
0.321963876486, 0.411589115858, 0.667342424393, 1.68288886547, 5.0, 1.55779159069, 0.970046758652, 0.729926943779, 0.0318724899149, 0.0
0.321218013763, 0.410676270723, 0.666003465652, 1.6589101553, 5.0, 1.55930626392, 0.971043884754, 0.730674684048, 0.0321094811767, 0.0
0.320469737053, 0.409740656614, 0.664916932583, 1.65502607822, 5.0, 1.56079113483, 0.972010374069, 0.731271207333, 0.0323500219488, 0.0
0.319726347923, 0.408805400133, 0.663285672665, 1.65182638168, 5.0, 1.56234073639, 0.972996473312, 0.732178926468, 0.0325941925481, 2.22044604925e-16
0.318964958191, 0.407879322767, 0.662224113941, 1.64877772331, 5.0, 1.56373214722, 0.973942697048, 0.732773780823, 0.0328420757319, -4.4408920985e-16
0.318214654922, 0.406957298517, 0.660904526711, 1.64584815502, 5.0, 1.56519889832, 0.974920809269, 0.733536720276, 0.033093756792, 0.0
0.317451357841, 0.406202286482, 0.659557282925, 1.64341270924, 5.0, 1.56664729118, 0.975884497166, 0.734293222427, 0.033057763804, -0.00029104477612
0.316704362631, 0.405286192894, 0.658229529858, 1.63976979256, 5.0, 1.56813561916, 0.976673185825, 0.735039770603, 0.0336055611228, 0.00029104477612
0.315953671932, 0.404364198446, 0.656912207603, 1.63741886616, 5.0, 1.56953883171, 0.977614223957, 0.735783398151, 0.0338691402292, 0.0
0.315199494362, 0.403431773186, 0.655556797981, 1.63428795338, 5.0, 1.57105875015, 0.978610634804, 0.73655039072, 0.0341368852301, 0.0
0.314443796873, 0.402498602867, 0.654224157333, 1.63123250008, 5.0, 1.57252943516, 0.97958111763, 0.737298667431, 0.0344088954734, 0.0
0.313847213984, 0.401578038931, 0.653156578541, 1.62823235989, 5.0, 1.57364714146, 0.980550169945, 0.738054871559, 0.0346296435762, 0.0
0.313091635704, 0.400638103485, 0.651792407036, 1.62513160706, 5.0, 1.57508039474, 0.981491863728, 0.738808393478, 0.0349095921182, 0.0
0.312339067459, 0.399724364281, 0.650490105152, 1.62213051319, 5.0, 1.57656550407, 0.982491791248, 0.73941552639, 0.0351941019132, 0.0
0.311583071947, 0.39879745245, 0.649142980576, 1.61897325516, 5.0, 1.57811188698, 0.983463466167, 0.740162551403, 0.0354832853058, 0.0
0.31083586812, 0.398051440716, 0.647803068161, 1.6159106493, 5.0, 1.57955491543, 0.9842274189, 0.740904986858, 0.0357772583586, 0.0
0.310092657804, 0.397139132023, 0.646496891975, 1.6135751009, 5.0, 1.58088743687, 0.985150575638, 0.741656243801, 0.0360761410078, 0.0
0.309337109327, 0.396218925714, 0.645170807838, 1.61063885689, 5.0, 1.58242917061, 0.986149013042, 0.742416322231, 0.036380057226, 0.0
0.308731079102, 0.395269781351, 0.643781006336, 1.60730159283, 5.0, 1.58397841454, 0.98714107275, 0.743162274361, 0.0366269003612, 0.0
0.307985186577, 0.394371658564, 0.642543911934, 1.60477256775, 5.0, 1.58523845673, 0.988046169281, 0.743916451931, 0.0369402029589, 0.0
0.307232320309, 0.39344394207, 0.641183853149, 1.60156834126, 5.0, 1.58644866943, 0.989013254642, 0.744655311108, 0.0372589092125, 0.0
0.30649381876, 0.392527371645, 0.640128433704, 1.59851944447, 5.0, 1.58788597584, 0.989988207817, 0.745416462421, 0.03758316007, 0.0
0.305732637644, 0.391594350338, 0.638774752617, 1.59527111053, 5.0, 1.58943378925, 0.99097442627, 0.746148109436, 0.110508368915, 0.0727611940299
0.304999768734, 0.390670359135, 0.637420237064, 1.592056036, 5.0, 1.59099817276, 0.991985678673, 0.746750414371, 0.111480993705, 0.0
0.304256558418, 0.389931112528, 0.636056244373, 1.5887401104, 5.0, 1.59256505966, 0.992972075939, 0.74749737978, 0.112470818493, 0.0
0.303504317999, 0.388998419046, 0.634705722332, 1.58584284782, 5.0, 1.59395301342, 0.993889451027, 0.748234391212, 0.040211129542, -0.0727611940299
0.302766412497, 0.388099521399, 0.633431792259, 1.58352553844, 5.0, 1.59537339211, 0.994658350945, 0.74897480011, 0.0405736279862, 0.0
0.30217307806, 0.387186855078, 0.6320951581, 1.58039104939, 5.0, 1.596539855, 0.995600998402, 0.749717354774, 0.0408683640327, 0.0
0.301430255175, 0.386265277863, 0.630781710148, 1.57741165161, 5.0, 1.59798276424, 0.996595263481, 0.750468790531, 0.0412428574699, 0.0
0.300678342581, 0.385336995125, 0.629687070847, 1.57415223122, 5.0, 1.59950828552, 0.997559964657, 0.751055777073, 0.0416242736501, 0.0
0.29994058609, 0.384416162968, 0.628347933292, 1.57100498676, 5.0, 1.60104775429, 0.998547792435, 0.75180888176, 0.0420128062068, 0.0
0.299190253019, 0.383470892906, 0.626990139484, 1.56792807579, 5.0, 1.60248064995, 0.999527454376, 0.752585411072, 0.0424086560585, 0.0
0.298424243927, 0.382544547319, 0.625664353371, 1.56494152546, 5.0, 1.6039583683, 1.00050008297, 0.753325819969, 0.0425201725732, -0.000291044776119
0.297664791346, 0.381794780493, 0.624293625355, 1.56171405315, 5.0, 1.60549890995, 1.00130569935, 0.754077613354, 0.0429284818812, 0.0
0.296924501657, 0.380881726742, 0.622962355614, 1.5592828989, 5.0, 1.60693097115, 1.00224173069, 0.754815638065, 0.0436349074528, 0.000291044776119
0.296177595854, 0.379958480597, 0.621655106544, 1.55560147762, 5.0, 1.60840344429, 1.00321030617, 0.755567848682, 0.0440621057764, 0.0
0.295579820871, 0.379038244486, 0.620318114758, 1.55322504044, 5.0, 1.6095457077, 1.00416338444, 0.75631570816, 0.0444099306724, 0.0
0.294832676649, 0.37812179327, 0.619272828102, 1.55022859573, 5.0, 1.61104285717, 1.0051651001, 0.757086336613, 0.0448525058012, 0.0
0.294061928988, 0.377173930407, 0.617653846741, 1.54725086689, 5.0, 1.61271095276, 1.00610280037, 0.757827877998, 0.0453039845454, 0.0
0.293321192265, 0.37627273798, 0.616339385509, 1.54428243637, 5.0, 1.61386299133, 1.00706148148, 0.758575677872, 0.0457646383358, 0.0
0.292573302984, 0.375354617834, 0.615296125412, 1.54122567177, 5.0, 1.61529624462, 1.0080242157, 0.7591817379, 0.0462347495276, 0.0
0.291821122169, 0.374602496624, 0.613980174065, 1.53827250004, 5.0, 1.6167191267, 1.00894427299, 0.759906768799, 0.0467146121735, 0.0
0.291091382504, 0.373705327511, 0.612659454346, 1.5359377861, 5.0, 1.61810457706, 1.00987970829, 0.760642647743, 0.0472045326348, 0.0
0.290346741676, 0.372791945934, 0.611352980137, 1.53245162964, 5.0, 1.61951577663, 1.01064157486, 0.761397004128, 0.0477048302321, 0.0
0.289597421885, 0.371870279312, 0.610023319721, 1.52991986275, 5.0, 1.62097752094, 1.01159977913, 0.762136876583, 0.0482158379373, 0.0
0.288867413998, 0.370971053839, 0.608747363091, 1.52704596519, 5.0, 1.62233638763, 1.01252090931, 0.762875497341, 0.0487379031103, 0.0
0.288137853146, 0.370078027248, 0.607715666294, 1.5241163969, 5.0, 1.62351572514, 1.01347064972, 0.763618826866, 0.049271388284, 0.0
0.287532687187, 0.369172543287, 0.606414556503, 1.52120554447, 5.0, 1.62528467178, 1.01446688175, 0.764216244221, 0.10769678269, 0.0582089552239
0.286798834801, 0.368236303329, 0.599728703499, 1.51810359955, 5.0, 1.62639605999, 1.01540660858, 0.764954566956, 0.108892061443, 0.0
0.286046206951, 0.367321103811, 0.582857012749, 1.51499533653, 5.0, 1.62786722183, 1.01638185978, 0.76570636034, 0.110114061192, 0.0
0.285297632217, 0.36639046669, 0.561762213707, 1.51258683205, 5.0, 1.62929427624, 1.01733005047, 0.766450166702, 0.0379741679493, -0.0727611940299
0.284562408924, 0.365677773952, 0.556538403034, 1.50912022591, 5.0, 1.63065898418, 1.01825106144, 0.76717376709, 0.0384083642629, 0.0
0.283822208643, 0.364766895771, 0.555203258991, 1.50674152374, 5.0, 1.63222062588, 1.01905500889, 0.767944157124, 0.0385606560626, -0.000291044776119
0.283208250999, 0.363842070103, 0.553830087185, 1.50341534615, 5.0, 1.63369858265, 1.02003121376, 0.768677473068, 0.0389207748684, -2.22044604925e-16
0.282333701849, 0.362921118736, 0.552535653114, 1.50048708916, 5.0, 1.63518869877, 1.02099454403, 0.769406557083, 0.0394737374565, 2.22044604925e-16
0.281745433807, 0.36199593544, 0.551168382168, 1.49716198444, 5.0, 1.63643753529, 1.02178561687, 0.770008444786, 0.0398511870458, 0.0
0.281002134085, 0.361264884472, 0.550107836723, 1.4946680069, 5.0, 1.63758087158, 1.02273917198, 0.770599842072, 0.0403332671021, 0.0
0.280552238226, 0.360530585051, 0.5493247509, 1.49231016636, 5.0, 1.63893604279, 1.02368378639, 0.771359682083, 0.0406281514209, 0.0
0.279652655125, 0.359431892633, 0.547755718231, 1.4888535738, 5.0, 1.64039206505, 1.02462434769, 0.772087275982, 0.0415210653992, 0.000291044776119
0.278907209635, 0.358543068171, 0.546476006508, 1.48597002029, 5.0, 1.64175057411, 1.02552628517, 0.772816300392, 0.0420409201195, 0.0
0.278178453445, 0.357810139656, 0.545171201229, 1.48376965523, 5.0, 1.64310920238, 1.02648615837, 0.773570895195, 0.042573949613, 0.0
0.277432143688, 0.356700628996, 0.543831706047, 1.48011314869, 5.0, 1.64454472065, 1.0274541378, 0.774318039417, 0.0431206605624, 0.0
0.276699721813, 0.3475073874, 0.542530059814, 1.4777162075, 5.0, 1.64601385593, 1.0282086134, 0.775042235851, 0.0436815862262, 0.0
0.276112526655, 0.331266492605, 0.541229665279, 1.47467005253, 5.0, 1.64749002457, 1.02917861938, 0.775790572166, 0.0441409373572, 0.0
0.275363892317, 0.323314487934, 0.540173530579, 1.47164320946, 5.0, 1.64866197109, 1.03014147282, 0.776524186134, 0.0447288838035, 0.0
0.274630367756, 0.32237637043, 0.538811326027, 1.46854484081, 5.0, 1.65016651154, 1.03110861778, 0.777273833752, 0.0453326934175, 0.0
0.273881018162, 0.321481406689, 0.537516415119, 1.46543586254, 5.0, 1.65157258511, 1.03203070164, 0.777854919434, 0.0459530165172, 0.0
0.273150712252, 0.320572823286, 0.536215424538, 1.46255195141, 5.0, 1.65294575691, 1.03298819065, 0.778599858284, 0.0465905394336, 0.0
0.272415310144, 0.319672137499, 0.534920930862, 1.45962178707, 5.0, 1.65432202816, 1.03391468525, 0.779339492321, 0.047245987037, 0.0
0.271671354771, 0.318941324949, 0.533622324467, 1.4567438364, 5.0, 1.65573513508, 1.03466570377, 0.7800745368, 0.0476277163164, -0.00029104477612
0.270932734013, 0.318031996489, 0.532273948193, 1.45419001579, 5.0, 1.657310009, 1.03566050529, 0.780822396278, 0.0483171068168, 0.0
0.270332723856, 0.317102611065, 0.530925631523, 1.45095157623, 5.0, 1.65881967545, 1.03664386272, 0.781562924385, 0.0488831452003, 4.4408920985e-16
0.269590288401, 0.316196262836, 0.529609680176, 1.44795513153, 5.0, 1.65994513035, 1.03757214546, 0.782148480415, 0.0496096050143, 0.0
0.268855124712, 0.315279483795, 0.528333604336, 1.4451649189, 5.0, 1.66128897667, 1.03849589825, 0.783030092716, 0.122741777183, 0.0727611940299
0.243136435747, 0.314380794764, 0.527031302452, 1.44220590591, 5.0, 1.66269111633, 1.03943955898, 0.783763945103, 0.124603294558, 2.22044604925e-16
0.242401748896, 0.313473433256, 0.525982201099, 1.43924307823, 5.0, 1.66410255432, 1.04039609432, 0.784361422062, 0.126521839292, 2.22044604925e-16
0.241663858294, 0.312562078238, 0.524661958218, 1.4362026453, 5.0, 1.66553342342, 1.04132282734, 0.785080552101, 0.0547421237632, -0.0727611940299
0.240926429629, 0.31164598465, 0.52334934473, 1.43321013451, 5.0, 1.66693758965, 1.04227626324, 0.785832762718, 0.0558959976109, 0.000291044776119
0.240183442831, 0.310931235552, 0.52205735445, 1.4309015274, 5.0, 1.66837728024, 1.04304468632, 0.786586940289, 0.0567929102719, 0.0
0.239434450865, 0.310010194778, 0.520742535591, 1.42794167995, 5.0, 1.66974830627, 1.04397344589, 0.787322878838, 0.0577190437397, 0.0
0.238701224327, 0.309111624956, 0.519445776939, 1.42503893375, 5.0, 1.67117738724, 1.04492068291, 0.788054943085, 0.0586758479828, 0.0
0.238113150001, 0.30820286274, 0.518159925938, 1.4220764637, 5.0, 1.67261600494, 1.04586398602, 0.788787186146, 0.0594644107049, 0.0
0.237380728126, 0.307305604219, 0.51683562994, 1.41898536682, 5.0, 1.67378926277, 1.04681825638, 0.789524912834, 0.0604803925429, 0.0
0.236643314362, 0.306393414736, 0.515526652336, 1.41601920128, 5.0, 1.67527616024, 1.04781389236, 0.790247380733, 0.0615316504744, 0.0
0.235919520259, 0.305471301079, 0.514423370361, 1.41263234615, 5.0, 1.67680990696, 1.04877722263, 0.790855824947, 0.0626200517506, 0.0
0.235160499811, 0.304546236992, 0.513093233109, 1.40966010094, 5.0, 1.67820930481, 1.04970741272, 0.79159361124, 0.063747597591, 0.0
0.23442953825, 0.303643316031, 0.511783242226, 1.4065592289, 5.0, 1.67978405952, 1.05071341991, 0.792331457138, 0.0649164357665, -2.22044604925e-16
0.233687594533, 0.302902042866, 0.510447144508, 1.40342748165, 5.0, 1.68123328686, 1.05165684223, 0.793063938618, 0.0661288730912, -2.22044604925e-16
0.232955083251, 0.301999151707, 0.509129464626, 1.40100240707, 5.0, 1.68264436722, 1.05240941048, 0.793800830841, 0.0673873916098, -2.22044604925e-16
0.232217386365, 0.301090955734, 0.507826626301, 1.39800345898, 5.0, 1.6841070652, 1.05336380005, 0.79454100132, 0.0684009590376, -0.000291044776119
0.231476917863, 0.300173848867, 0.506505310535, 1.39496064186, 5.0, 1.6856148243, 1.05434298515, 0.795278549194, 0.0697540176007, 0.0
0.230877891183, 0.299245655537, 0.505138576031, 1.39171230793, 5.0, 1.68713331223, 1.05532968044, 0.796023130417, 0.0708755605265, 0.0
0.23014357686, 0.298332005739, 0.503822386265, 1.3886244297, 5.0, 1.68823957443, 1.05626404285, 0.796764910221, 0.0723291563131, 0.0
0.229402303696, 0.297423452139, 0.502779662609, 1.38570737839, 5.0, 1.68968009949, 1.05721974373, 0.797358691692, 0.0738435138234, 4.4408920985e-16
0.228662461042, 0.296512752771, 0.501469433308, 1.3828163147, 5.0, 1.69112896919, 1.05817520618, 0.798089325428, 0.0754225168308, 0.0
0.227942481637, 0.295621305704, 0.500168859959, 1.37964785099, 5.0, 1.69256854057, 1.0589183569, 0.79881221056, 0.07707038663, 0.0
0.227201834321, 0.294715076685, 0.498868256807, 1.37678515911, 5.0, 1.69394934177, 1.06003785133, 0.799549221992, 0.0787917194385, 0.0
0.226618617773, 0.294001191854, 0.497596561909, 1.37450933456, 5.0, 1.69529891014, 1.06076562405, 0.800269901752, 0.080225032975, -4.4408920985e-16
0.225757673383, 0.293117910624, 0.496299535036, 1.37149977684, 5.0, 1.69670319557, 1.06170165539, 0.801003813744, 0.0827624788447, 0.000291044776119
0.225164890289, 0.29219570756, 0.495001405478, 1.36867260933, 5.0, 1.69808042049, 1.06264233589, 0.801757991314, 0.141751933527, 0.0582089552239
0.224411085248, 0.291279673576, 0.493653059006, 1.36553609371, 5.0, 1.69934368134, 1.06364142895, 0.802361488342, 0.145168610432, 0.0
0.223656758666, 0.290358990431, 0.492327332497, 1.36247110367, 5.0, 1.70079159737, 1.0646045208, 0.803245902061, 0.148752814952, 0.0
0.222923368216, 0.289442360401, 0.491267859936, 1.3594083786, 5.0, 1.70223462582, 1.06554234028, 0.803832471371, 0.0778504146289, -0.0727611940299
0.222189664841, 0.288540452719, 0.489967077971, 1.356341362, 5.0, 1.70369338989, 1.06650161743, 0.804573833942, 0.0798512858731, 0.0
0.22145435214, 0.287813901901, 0.48860758543, 1.35386157036, 5.0, 1.70518887043, 1.06746327877, 0.805315613747, 0.0819574845557, 0.0
0.220707789063, 0.286891102791, 0.48732405901, 1.35030806065, 5.0, 1.7065782547, 1.0682220459, 0.8060516119, 0.0841775320174, 0.0
0.219968408346, 0.285978794098, 0.486025720835, 1.34797823429, 5.0, 1.70800697803, 1.06917369366, 0.806785166264, 0.0865208918992, 2.22044604925e-16
0.219239726663, 0.285086214542, 0.484722614288, 1.34505748749, 5.0, 1.70940732956, 1.07010710239, 0.807527065277, 0.0889981037358, 0.0
0.218501076102, 0.284173965454, 0.483417779207, 1.34207606316, 5.0, 1.71047186852, 1.07100617886, 0.808271467686, 0.0913244955801, -0.00029104477612
0.217899858952, 0.28326267004, 0.482377946377, 1.33923244476, 5.0, 1.7118293047, 1.07196903229, 0.809014499187, 0.0935291567077, 0.0
0.21715657413, 0.282343089581, 0.481054067612, 1.33620500565, 5.0, 1.71330606937, 1.07294809818, 0.809623003006, 0.0964388506755, 0.0
0.216400355101, 0.281413704157, 0.479709923267, 1.33302724361, 3.97791719437, 1.71481311321, 1.07391226292, 0.810368716717, 0.0995347816308, 0.0
0.215655133128, 0.280492901802, 0.478380262852, 1.33005607128, 3.95347738266, 1.71617972851, 1.07482779026, 0.811107218266, 0.102835356224, 0.0
0.214918062091, 0.279775768518, 0.477100014687, 1.32723200321, 3.92906451225, 1.7175590992, 1.07577872276, 0.811842441559, 0.106361478293, 0.0
0.214184328914, 0.278872609138, 0.47578895092, 1.32487177849, 3.90463614464, 1.71889209747, 1.07669270039, 0.812576711178, 0.110136987757, 0.0
0.213447019458, 0.277969777584, 0.474526405334, 1.32208228111, 3.88021540642, 1.71999764442, 1.07743179798, 0.813309371471, 0.114189190876, 0.0
0.212864771485, 0.277071833611, 0.47321870923, 1.31915521622, 3.85578680038, 1.7214127779, 1.07838058472, 0.814048826694, 0.117651132912, 0.0
0.212125688791, 0.276170939207, 0.471924960613, 1.3162394762, 3.83134889603, 1.72312653065, 1.0793337822, 0.814786612988, 0.122565260152, 0.000291044776119
0.211387872696, 0.27526140213, 0.470883727074, 1.31335139275, 3.80694794655, 1.72416913509, 1.08025467396, 0.815527796745, 0.127586780083, 0.0
0.210647150874, 0.274358868599, 0.469323396683, 1.31040477753, 3.78251791, 1.72555017471, 1.08116436005, 0.816267192364, 0.133034810319, 0.0
0.20990934968, 0.273454040289, 0.468301355839, 1.30754101276, 3.75810337067, 1.72693276405, 1.08210659027, 0.816853642464, 0.138965731384, 0.0
0.209165394306, 0.272527873516, 0.466956317425, 1.30444192886, 3.73854827881, 1.72840023041, 1.08306968212, 0.817595601082, 0.145446243838, 0.0
0.208440616727, 0.271645456553, 0.465690761805, 1.30219888687, 3.7141251564, 1.72973549366, 1.08399784565, 0.818333804607, 0, 0.0
0.207703858614, 0.270913988352, 0.464378893375, 1.29859280586, 3.68967962265, 1.73113763332, 1.08492910862, 0.819056689739, 0, 0.0
0.206975027919, 0.270017892122, 0.46308401227, 1.29626786709, 3.6652534008, 1.73255610466, 1.08568000793, 0.819790542126, 0, 0.0727611940299
0.206239700317, 0.269109278917, 0.461761385202, 1.29320335388, 3.64080786705, 1.73373925686, 1.08664143085, 0.820537984371, 0, -0.00029104477612
0.205639868975, 0.268190294504, 0.460711300373, 1.29024028778, 3.6163213253, 1.73512387276, 1.08759403229, 0.821276903152, 0, 4.4408920985e-16
0.204901248217, 0.267282992601, 0.459124058485, 1.28714156151, 3.59185051918, 1.73650527, 1.08850586414, 0.821867644787, 0, 0.0
0.204159364104, 0.266379326582, 0.458113223314, 1.28438293934, 3.56740951538, 1.73790407181, 1.08946192265, 0.822612643242, 0, -0.0727611940299
0.203421324492, 0.265473484993, 0.456809014082, 1.28139698505, 3.54294538498, 1.73933589458, 1.09040021896, 0.823341667652, 0, 0.0
0.202693581581, 0.264746457338, 0.455504238605, 1.27841556072, 3.52341198921, 1.74075841904, 1.09134864807, 0.824076592922, 0, 0.0
0.201959207654, 0.263839483261, 0.454176008701, 1.27526962757, 3.49888443947, 1.74222457409, 1.09231519699, 0.824818253517, 0, 0.0
0.2012155056, 0.262921452522, 0.452869325876, 1.27298104763, 3.47446656227, 1.74361014366, 1.0930519104, 0.825554430485, 0, 2.22044604925e-16
0.200625881553, 0.262009888887, 0.451542824507, 1.26992607117, 3.45000743866, 1.74502265453, 1.09398961067, 0.826286971569, 0, -4.4408920985e-16
0.199893549085, 0.261119902134, 0.450248032808, 1.26698923111, 3.42556214333, 1.74617660046, 1.09494042397, 0.827017784119, 0, 0.0
0.199162602425, 0.260217040777, 0.449226617813, 1.26408648491, 3.40111112595, 1.7475938797, 1.09588968754, 0.82760989666, 0, 0.0
0.198433116078, 0.259311944246, 0.447657674551, 1.26108705997, 3.3766348362, 1.7489836216, 1.09682476521, 0.828488647938, 0, 0.0
0.197691828012, 0.258390516043, 0.446570128202, 1.25778102875, 3.35217499733, 1.75060713291, 1.09782087803, 0.829075992107, 0, 0.0
0.19696226716, 0.257475942373, 0.445236474276, 1.25464296341, 3.3326177597, 1.75110077858, 1.09907460213, 0.831192731857, 0, 0.0
0.194082543254, 0.253567248583, 0.44063141942, 1.25106537342, 3.31297636032, 1.75143373013, 1.10230028629, 0.834848403931, 0, -0.000291044776119
0.190812051296, 0.250404387712, 0.436200469732, 1.24362134933, 3.29007315636, 1.75435829163, 1.10366082191, 0.835959911346, 0, 0.00029104477612
0.189929559827, 0.249701932073, 0.434998512268, 1.24081206322, 3.26568675041, 1.75526332855, 1.10440945625, 0.836641311646, 0, 0.0
0.189247876406, 0.248871818185, 0.433782488108, 1.23841190338, 3.24125313759, 1.75669622421, 1.10532021523, 0.837323307991, 0, 0.0
0.188565447927, 0.248017176986, 0.432515770197, 1.23527216911, 3.21679711342, 1.75828361511, 1.10628032684, 0.83800548315, 0, 0.0
0.18801946938, 0.247152298689, 0.431225270033, 1.23198616505, 3.19234371185, 1.75990235806, 1.10725271702, 0.838690638542, 0, 0.0
0.187332496047, 0.246281564236, 0.429926365614, 1.2286298275, 3.16788172722, 1.76117861271, 1.10821032524, 0.839365422726, 0, 0.0
0.186655431986, 0.245417669415, 0.428888171911, 1.22527325153, 3.14342284203, 1.76279807091, 1.10919427872, 0.839924156666, 0, 0.0
0.185959875584, 0.24454729259, 0.427595376968, 1.22210001945, 3.11897420883, 1.76422739029, 1.11006999016, 0.840599358082, 0, 0.0
0.185276031494, 0.243709146976, 0.42642185092, 1.2202848196, 3.0994644165, 1.76463854313, 1.10880112648, 0.841175317764, 0, 0.0
0.184914395213, 0.244532570243, 0.43036583066, 1.25077879429, 3.0731844902, 1.74732780457, 1.10536551476, 0.841743707657, 0, -0.00261940298508
