1.1676762104, 1.49330866337, 3.38155221939, 3.00015211105, 3.00183486938, 1.18467342854, 0.748922526836, 0.576230585575, -1.1544014864, -0.000237112089524
1.16764438152, 1.49344968796, 3.35381507874, 2.98050284386, 2.97743725777, 1.18442332745, 0.748918354511, 0.576371610165, -1.15731741764, 0.0
1.16751813889, 1.49359881878, 3.32591056824, 2.95595836639, 2.95802998543, 1.18412661552, 0.748976945877, 0.576641738415, -1.16024082949, 2.5890747879e-16
1.16724693775, 1.4937530756, 3.29810905457, 2.93157076836, 2.92911410332, 1.18379700184, 0.748912215233, 0.576723277569, -1.16390558132, 0.0
1.16716265678, 1.49494159222, 3.27443265915, 2.90637087822, 2.9099984169, 1.1800121069, 0.747630298138, 0.576658785343, -1.16758194517, -2.5890747879e-16
1.16721642017, 1.49671375751, 3.24434566498, 2.881316185, 2.8808889389, 1.17836213112, 0.747172474861, 0.576653778553, -1.17126987645, 0.0
1.16723382473, 1.49745714664, 3.21595239639, 2.85652637482, 2.86129617691, 1.17767012119, 0.746907234192, 0.576540291309, -1.17496932907, 0.0
1.16737377644, 1.49774539471, 3.18826293945, 2.83197617531, 2.8367805481, 1.17721605301, 0.746702492237, 0.576409757137, -1.17868025536, -2.5890747879e-16
1.16749179363, 1.49800252914, 3.16078305244, 2.81229019165, 2.81221961975, 1.17696368694, 0.746543884277, 0.576267063618, -1.18240260611, 5.17814957579e-16
1.16763198376, 1.4981584549, 3.13349270821, 2.78781723976, 2.78765153885, 1.17666625977, 0.74633872509, 0.576108753681, -1.18613633051, 0.0
1.16776001453, 1.49838900566, 3.10604977608, 2.76328349113, 2.76311182976, 1.17635667324, 0.746136724949, 0.575938880444, -1.18913146393, 0.0
1.16792941093, 1.49859786034, 3.07865095139, 2.7387650013, 2.73855304718, 1.17610526085, 0.745950162411, 0.575800716877, -1.19288552789, 0.0
1.16806817055, 1.49877524376, 3.05675697327, 2.71424365044, 2.71891379356, 1.1758313179, 0.745750963688, 0.575666904449, -1.19665081487, 0.0
1.16820073128, 1.4990247488, 3.02379393578, 2.68969702721, 2.68945884705, 1.17547810078, 0.745579242706, 0.575570046902, -1.20042726803, 4.96022493912e-18
1.16833412647, 1.49921953678, 3.00188040733, 2.66517162323, 2.6648952961, 1.17521095276, 0.745378434658, 0.575414955616, -1.20419965663, -5.12014475956e-16
1.16848874092, 1.4993622303, 2.97452640533, 2.64065504074, 2.64525842667, 1.17492091656, 0.745173037052, 0.575255811214, -1.20799822111, -4.55364912444e-18
1.16863179207, 1.49955296516, 2.94714140892, 2.61613893509, 2.62069964409, 1.17458713055, 0.744982659817, 0.575113236904, -1.21180777182, 4.06575814682e-19
1.16878271103, 1.49977326393, 2.91973805428, 2.59652233124, 2.59614753723, 1.1743080616, 0.74477905035, 0.574961185455, -1.21562824542, 4.06575814682e-19
1.16893780231, 1.49998736382, 2.89230871201, 2.57198548317, 2.57159161568, 1.17396521568, 0.744615256786, 0.574813842773, -1.21945957696, 4.06575814682e-19
1.16905415058, 1.5002065897, 2.86489057541, 2.54746294022, 2.54705500603, 1.17362248898, 0.744403958321, 0.57465839386, -1.2225324152, 5.17408381764e-16
1.16920912266, 1.50045669079, 2.837474823, 2.5229370594, 2.52250599861, 1.17335247993, 0.744200527668, 0.574489355087, -1.22638312208, -4.06575814682e-19
1.16937756538, 1.50063931942, 2.81558418274, 2.49842476845, 2.4979569912, 1.17309367657, 0.744004189968, 0.574375092983, -1.23024449623, -4.06575814682e-19
1.16951799393, 1.50085115433, 2.78819012642, 2.4739074707, 2.47832369804, 1.17274951935, 0.743783712387, 0.574219286442, -1.23411646644, -4.06575814682e-19
1.16968119144, 1.50106739998, 2.7607614994, 2.44937610626, 2.45377182961, 1.17236220837, 0.743553757668, 0.574059128761, -1.23799895979, -4.06575814682e-19
1.16984796524, 1.50134539604, 2.73334002495, 2.4297516346, 2.42922234535, 1.17202448845, 0.743390262127, 0.573888719082, -1.24189190172, -4.06575814682e-19
1.17000865936, 1.50160992146, 2.70590186119, 2.40030550957, 2.40468072891, 1.17160749435, 0.743118643761, 0.573736071587, -1.24579521599, -4.06575814682e-19
1.17016708851, 1.50178992748, 2.6785159111, 2.38070583344, 2.38013887405, 1.17128527164, 0.742938399315, 0.573584854603, -1.24579521599, 0.0
1.17030990124, 1.50199592113, 2.65112376213, 2.35618281364, 2.35557579994, 1.17108786106, 0.742785811424, 0.57343184948, -1.24970882472, 0.0
1.17043447495, 1.50214672089, 2.62381649017, 2.33168435097, 2.33100652695, 1.17083930969, 0.742601215839, 0.57327747345, -1.25284707027, 2.5890747879e-16
1.17058825493, 1.50236451626, 2.59641981125, 2.30715990067, 2.3064558506, 1.17051947117, 0.742399394512, 0.573135435581, -1.25677900733, 0.0
1.1707303524, 1.50253486633, 2.56906437874, 2.28264141083, 2.28186917305, 1.17037308216, 0.742232084274, 0.5729778409, -1.2607210118, 0.0
1.17088937759, 1.50265860558, 2.54172348976, 2.25811243057, 2.25731110573, 1.17012429237, 0.742045521736, 0.572817802429, -1.26467299941, 0.0
1.17104792595, 1.50291514397, 2.51977562904, 2.23359584808, 2.23767018318, 1.16979253292, 0.741813898087, 0.572696208954, -1.26863488422, 0.0
1.17118835449, 3.31843614578, 2.49238038063, 2.2090780735, 2.21312689781, 1.1694303751, 0.741616845131, 0.572539865971, -1.27288967028, -0.000291044776119
1.17135262489, 3.28248977661, 2.46498012543, 2.18455219269, 2.18857312202, 1.16911935806, 0.741459965706, 0.572393059731, -1.276871417, 0.0
1.17150330544, 3.25372838974, 2.43758511543, 2.16001987457, 2.16400814056, 1.16880440712, 0.74125623703, 0.572234511375, -1.28086278481, 0.0
1.17165219784, 3.21779608727, 2.41015291214, 2.14039492607, 2.13947343826, 1.16841518879, 0.741032838821, 0.572089016438, -1.28456462498, 0.000291044776119
1.17179656029, 3.18181037903, 2.3827559948, 2.11587023735, 2.11491417885, 1.16810202599, 0.740827620029, 0.571929872036, -1.28857459775, 0.0
1.17193543911, 3.1458568573, 2.35537552834, 2.09135580063, 2.09036016464, 1.16786181927, 0.740641057491, 0.571778833866, -1.29178931031, 0.0
1.17208611965, 3.10993003845, 2.33346223831, 2.06681990623, 2.06578445435, 1.16757404804, 0.740429639816, 0.571649849415, -1.29581603708, -5.3668007538e-18
1.17226004601, 3.07400131226, 2.30606627464, 2.04229998589, 2.04614114761, 1.16727852821, 0.740239322186, 0.571493923664, -1.29985193376, -5.3668007538e-18
1.17241001129, 3.04532623291, 2.27869701385, 2.01776647568, 2.02155804634, 1.16697371006, 0.740025818348, 0.571332037449, -1.30389689979, -5.3668007538e-18
1.17255699635, 3.00937318802, 2.25129771233, 1.99815905094, 1.99702274799, 1.16661906242, 0.739789605141, 0.57116317749, -1.30795083296, 0.0
1.17272949219, 2.97338223457, 2.22388219833, 1.96873021126, 1.97247743607, 1.16625738144, 0.739627599716, 0.571000397205, -1.31201362943, 0.0
1.17288053036, 2.93742275238, 2.19649028778, 1.94911825657, 1.94792163372, 1.16591393948, 0.739412307739, 0.570834755898, -1.31608518375, 0.0
1.17305314541, 2.90156555176, 2.16912078857, 1.92458987236, 1.92334187031, 1.16564106941, 0.739215731621, 0.570679187775, -1.32016538883, 0.0
1.17318487167, 2.86566376686, 2.14171290398, 1.90006649494, 1.89881980419, 1.16529893875, 0.738970518112, 0.570525825024, -1.32343570847, -4.06575814682e-19
1.1733366251, 2.8295340538, 2.11975669861, 1.8755440712, 1.87429285049, 1.16489446163, 0.73874270916, 0.570366859436, -1.32753120997, -4.06575814682e-19
1.17349612713, 2.79367995262, 2.09239268303, 1.85105156898, 1.84971952438, 1.16469907761, 0.738592267036, 0.570247292519, -1.3316350539, -4.06575814682e-19
1.17366993427, 2.75791478157, 2.06505894661, 1.82652902603, 1.83006167412, 1.16442096233, 0.738400816917, 0.570083081722, -1.33602993941, -0.00029104477612
1.17380964756, 2.72208189964, 2.03770971298, 1.8020209074, 1.80551183224, 1.16409194469, 0.738157570362, 0.569907367229, -1.34015039319, 4.33680868994e-19
1.17397153378, 2.69329333305, 2.01033353806, 1.77750396729, 1.78095030785, 1.163839221, 0.737977564335, 0.569745123386, -1.34015039319, 0.0
1.17415297031, 2.65762734413, 1.98302614689, 1.75790655613, 1.75638926029, 1.16362941265, 0.737850189209, 0.569585561752, -1.34427883615, 0.0
1.17430055141, 2.62182497978, 1.95568203926, 1.72849357128, 1.73181939125, 1.16344082355, 0.737686038017, 0.569446623325, -1.34841515043, 0.0
1.17441833019, 2.58605265617, 1.9283015728, 1.70886600018, 1.70719730854, 1.1631308794, 0.737459361553, 0.569282770157, -1.3514304515, 0.000291044776119
1.17461752892, 2.550126791, 1.90094578266, 1.6843662262, 1.68270289898, 1.16273009777, 0.737247169018, 0.569113969803, -1.35641124233, 2.5890747879e-16
1.1747494936, 2.51414990425, 1.8735127449, 1.65982747078, 1.65814888477, 1.16240644455, 0.73699516058, 0.568953156471, -1.3597377974, -2.5890747879e-16
1.17491030693, 2.47808504105, 1.85157370567, 1.63530862331, 1.63360345364, 1.16204309464, 0.736780524254, 0.568788290024, -1.36390266135, 0.0
1.17507445812, 2.44216227531, 1.82419037819, 1.61079585552, 1.60906922817, 1.16167616844, 0.736564040184, 0.568668484688, -1.3680748198, 2.5890747879e-16
1.17524254322, 2.40614271164, 1.79676389694, 1.58626103401, 1.58942317963, 1.16136479378, 0.736354291439, 0.568500936031, -1.37225414631, 0.0
1.17539644241, 2.37749648094, 1.7694196701, 1.56174874306, 1.56485402584, 1.16106212139, 0.736159741879, 0.568335056305, -1.37644051299, 0.0
1.17556262016, 2.34168124199, 1.74205875397, 1.53720784187, 1.54027283192, 1.16078269482, 0.735946655273, 0.568162977695, -1.38063379054, 0.0
1.17572438717, 2.30585384369, 1.71469771862, 1.51761639118, 1.51572036743, 1.16047477722, 0.735780835152, 0.567999839783, -1.38483384827, 0.0
1.17588853836, 2.26991796494, 1.68729829788, 1.49309647083, 1.49117600918, 1.16018366814, 0.735560536385, 0.567847490311, -1.38904055409, 0.0
1.17601525784, 2.23399829865, 1.65993118286, 1.46857750416, 1.466604352, 1.15987563133, 0.735350310802, 0.567668735981, -1.39241061575, -4.06575814682e-19
1.17619395256, 2.19808530807, 1.63801550865, 1.44406962395, 1.4420773983, 1.15937685966, 0.735108911991, 0.56754809618, -1.39691155262, -0.00029104477612
1.17634129524, 2.16215658188, 1.61062765121, 1.41956245899, 1.41753923893, 1.15916979313, 0.734892904758, 0.56733417511, -1.40113635752, 5.42101086243e-18
1.17652797699, 2.12634849548, 1.58328723907, 1.39503455162, 1.39786672592, 1.15891671181, 0.734709322453, 0.567205905914, -1.40536728656, 5.42101086243e-18
1.17668616772, 2.09047055244, 1.55590999126, 1.37052428722, 1.36840987206, 1.15852081776, 0.734491467476, 0.567046642303, -1.40960420125, 0.0
1.1768528223, 2.05460786819, 1.52853620052, 1.34599292278, 1.34873759747, 1.1582955122, 0.734299242496, 0.566870868206, -1.41384696188, 4.33680868994e-19
1.17702662945, 2.02598428726, 1.50119614601, 1.32639622688, 1.32418227196, 1.15796625614, 0.734069705009, 0.566697120667, -1.41809542748, 4.33680868994e-19
1.17719626427, 1.9900932312, 1.47381091118, 1.30187320709, 1.29961693287, 1.15763390064, 0.733896255493, 0.566525816917, -1.42234945592, 4.33680868994e-19
1.17736887932, 1.95412957668, 1.44640016556, 1.27733254433, 1.2750620842, 1.15726923943, 0.733657717705, 0.566346883774, -1.426309335, 0.000291044776119
1.17751646042, 1.91827952862, 1.41903722286, 1.25281703472, 1.25048279762, 1.15701639652, 0.733453512192, 0.566186189651, -1.42972054904, 4.06575814682e-19
1.17767560482, 1.88232326508, 1.39162814617, 1.22827708721, 1.22590720654, 1.15659403801, 0.733228802681, 0.566026210785, -1.43398921023, 4.06575814682e-19
1.17769658566, 1.84643721581, 1.36972177029, 1.20375716686, 1.20134067535, 1.15638875961, 0.733038902283, 0.565893411636, -1.43826289429, 4.06575814682e-19
1.34554135799, 1.81061851978, 1.34237492085, 1.17923271656, 1.18169784546, 1.15605425835, 0.732810616493, 0.56572085619, -1.4425414537, 4.06575814682e-19
2.06749272346, 1.77470052242, 1.31498086452, 1.15470731258, 1.15713024139, 1.1557393074, 0.732609272003, 0.565555810928, -1.4425414537, 0.0
2.78568458557, 1.74605560303, 1.28761684895, 1.13019275665, 1.132568717, 1.15545117855, 0.732402920723, 0.565389931202, -1.44682473989, 0.0
3.50883984566, 1.71012353897, 1.26022791862, 1.1056637764, 1.10799992085, 1.15512132645, 0.732228159904, 0.565224647522, -1.4511126033, 0.0
5.0, 1.67422485352, 1.23283648491, 1.08604311943, 1.08344125748, 1.15483272076, 0.732003450394, 0.565059483051, -1.45540489333, 0.0
5.0, 1.63832831383, 1.2054554224, 1.06151890755, 1.05886340141, 1.15445840359, 0.731785356998, 0.564880132675, -1.45970145845, 0.0
5.0, 1.60246872902, 1.17809295654, 1.03699612617, 1.03429436684, 1.15422964096, 0.731578588486, 0.564707815647, -1.46314168617, 2.5890747879e-16
5.0, 1.56658768654, 1.15070199966, 1.01246070862, 1.009719491, 1.1539208889, 0.731366693974, 0.564538121223, -1.4674455616, 0.0
5.0, 1.53069472313, 1.12879884243, 0.987931013107, 0.985149145126, 1.12137818336, 0.731145143509, 0.564375698566, -1.47175328294, 0.0
5.0, 1.49480926991, 1.10141921043, 0.963416993618, 0.960581183434, 1.09930288792, 0.730951786041, 0.564208686352, -1.47606469525, 0.0
5.0, 1.45898842812, 1.07406711578, 0.93889182806, 0.936014890671, 1.07173717022, 0.730739891529, 0.564037203789, -1.48037964281, 0.0
5.0, 1.4231171608, 1.04668879509, 0.914373457432, 0.911450624466, 1.04417169094, 0.730517625809, 0.56389349699, -1.48498037395, -0.00029104477612
5.0, 1.38723051548, 1.01931917667, 0.894765198231, 0.891805291176, 1.01662158966, 0.730328023434, 0.5637332201, -1.48930201835, 0.0
5.0, 1.35856711864, 0.991972744465, 0.865341305733, 0.867237508297, 0.989042282104, 0.730167090893, 0.563633084297, -1.49535741397, 5.12177106282e-16
5.0, 1.3391418457, 0.984288930893, 0.857191801071, 0.852578580379, 0.956904470921, 0.763225197792, 0.567253291607, -1.48788438749, 0.0090223880597
3.43191766739, 1.46198558807, 1.03351354599, 0.870074272156, 0.845623552799, 0.920469403267, 0.827459156513, 0.574746787548, -1.41810285886, 0.0698507462687
2.17846035957, 1.6307516098, 1.09444653988, 0.888906776905, 0.844099521637, 0.896493554115, 0.908914029598, 0.586536884308, -1.31623722038, 0.101865671642
1.46903765202, 1.85286819935, 1.16246414185, 0.909570813179, 0.835296452045, 0.868245720863, 0.979883790016, 0.597539067268, -1.28713275524, 0.0291044776119
1.32796788216, 1.88695752621, 1.14330482483, 0.889447748661, 0.812075912952, 0.843859910965, 0.988530397415, 0.603646099567, -1.25737260273, 0.0328880597015
1.41922926903, 1.83510410786, 1.11116123199, 0.863891303539, 0.788532733917, 0.819777131081, 0.985032320023, 0.609254598618, -1.26399869147, -4.99600361081e-16
1.49902808666, 1.81493425369, 1.09865522385, 0.85454082489, 0.779699206352, 0.802929341793, 0.947270333767, 0.620641827583, -1.26442921988, 0.000873134328359
1.23367547989, 2.08893704414, 1.17796957493, 0.886307895184, 0.783509075642, 0.788680493832, 0.900876939297, 0.641552090645, -1.20271082787, 0.0619925373134
1.21324634552, 2.41975688934, 1.28796803951, 0.918460845947, 0.792853057384, 0.779468297958, 0.862818837166, 0.668003499508, -1.12994972627, 0.0727611940299
1.24427485466, 3.02298331261, 1.4278781414, 0.978584706783, 0.807811141014, 0.775380313396, 0.837882518768, 0.700556576252, -0.998979733453, 0.130970149254
1.28733277321, 5.0, 1.60485744476, 1.02611243725, 0.823576509953, 0.768191039562, 0.809699356556, 0.73285472393, -0.98442750755, 0.014552238806
1.30296301842, 5.0, 1.62347209454, 1.02026760578, 0.805149137974, 0.751691520214, 0.787904441357, 0.747015655041, -0.955327419452, 0.0311417910448
1.28792309761, 5.0, 1.5808814764, 0.992814362049, 0.78287756443, 0.730901360512, 0.766473710537, 0.760983169079, -0.958599304788, 0.00029104477612
1.27314257622, 5.0, 1.53961229324, 0.96575653553, 0.76081854105, 0.710085570812, 0.744787037373, 0.775339603424, -0.962186605553, 0.0
1.25862824917, 5.0, 1.50714349747, 0.938924372196, 0.738790869713, 0.689261496067, 0.724581122398, 0.785750150681, -0.966515163469, 0.0
1.25116181374, 5.0, 1.52357661724, 0.953617095947, 0.74819457531, 0.684683203697, 0.708764910698, 0.822878539562, -0.961304236295, 0.00727611940299
1.30374133587, 5.0, 1.76666533947, 1.01416790485, 0.770986795425, 0.68807464838, 0.694892525673, 0.878989815712, -0.89152583124, 0.0698507462687
1.37609100342, 5.0, 2.11631345749, 1.12859988213, 0.806181907654, 0.696310639381, 0.686169326305, 0.946954548359, -0.81876479298, 0.0727611940299
1.46585476398, 5.0, 2.63767433167, 1.22465538979, 0.850025057793, 0.70664703846, 0.682830572128, 0.923383235931, -0.7524765122, 0.0654850746269
1.55119085312, 2.64362215996, 3.30800867081, 1.34012818336, 0.874706566334, 0.705723643303, 0.67065936327, 0.88770955801, -0.723897717393, 0.0288134328358
1.56278443336, 2.60100078583, 3.26119375229, 1.31450414658, 0.85421204567, 0.692109763622, 0.654490590096, 0.867537140846, -0.708710545249, 0.0177537313433
1.53503143787, 2.69805312157, 3.20200705528, 1.28462970257, 0.834018707275, 0.675230979919, 0.639511108398, 0.8519307971, -0.712751123814, 2.22044604925e-16
1.52285957336, 2.53230857849, 3.37801194191, 1.30605399609, 0.851584911346, 0.683058798313, 0.638070881367, 0.808869898319, -0.70831875746, 0.00552985074627
1.64753246307, 1.82390403748, 5.0, 1.54095971584, 0.930378079414, 0.706930458546, 0.639261245728, 0.765567243099, -0.640592074319, 0.0678134328358
1.82145953178, 1.41407847404, 5.0, 1.75562596321, 0.995332837105, 0.737199246883, 0.643871188164, 0.731595873833, -0.567830978734, 0.0727611940299
2.04607796669, 1.19629752636, 5.0, 2.22031092644, 1.09466159344, 0.774988174438, 0.653733670712, 0.704755365849, -0.49506988783, 0.0727611940299
2.34715747833, 1.13011777401, 3.53417682648, 2.69571948051, 1.221124053, 0.821671366692, 0.672001361847, 0.684286355972, -0.42230880106, 0.0727611940299
2.76536870003, 1.16299164295, 2.30375552177, 3.95370316505, 1.38520169258, 0.87920665741, 0.688432633877, 0.669397890568, -0.291626257742, 0.130679104478
3.38042211533, 1.21743762493, 1.69493281841, 5.0, 1.60458695889, 0.950414896011, 0.714358210564, 0.659590899944, -0.218919469376, 0.0727072613433
5.0, 1.28481030464, 1.33334851265, 5.0, 1.90961229801, 1.03907775879, 0.747031331062, 0.654495298862, -0.160656317952, 0.0582628879105
5.0, 1.36797893047, 1.12514579296, 5.0, 2.35880351067, 1.12629902363, 0.787614166737, 0.653836071491, -0.102447457503, 0.0582089552239
4.00003910065, 1.45905923843, 1.12016522884, 3.38559961319, 2.78380870819, 1.21007680893, 0.807618141174, 0.653222382069, -0.0730837808422, 0.0293955223881
3.99782586098, 1.43758392334, 1.09514737129, 3.38655161858, 2.7630212307, 1.2049612999, 0.804901897907, 0.651677131653, -0.0570744442515, 0.0162985074627
3.99932813644, 1.40111601353, 1.07820701599, 3.42663836479, 2.74850678444, 1.20085048676, 0.802812814713, 0.650504112244, -0.0573299558054, 0.0
4.00082015991, 1.3670321703, 1.05704689026, 3.43672084808, 2.7433180809, 1.19815886021, 0.800951182842, 0.649010896683, -0.0577435617891, -6.66133814775e-16
5.0, 1.34333789349, 1.04009127617, 3.09620022774, 2.91705727577, 1.2582410574, 0.822236478329, 0.652053415775, -0.0560765559776, 0.00174626865672
3.99996805191, 1.43268156052, 1.0614862442, 2.26514554024, 5.0, 1.43639850616, 0.881262242794, 0.656257212162, 0.00619071214648, 0.0622835820896
3.99442052841, 1.57448816299, 1.11414647102, 1.68758058548, 5.0, 1.67488861084, 0.953708648682, 0.664155602455, 0.10805604328, 0.101865671642
5.0, 1.75362730026, 1.17297375202, 1.33961379528, 5.0, 1.88309264183, 1.01571857929, 0.672259807587, 0.137160424139, 0.0291044776119
5.0, 1.77821314335, 1.15357661247, 1.29610133171, 5.0, 1.90076065063, 1.02094364166, 0.676459848881, 0.171957374914, 0.0343432835821
5.0, 1.73094248772, 1.12875008583, 1.28749406338, 5.0, 1.90802514553, 1.02617645264, 0.680467486382, 0.172736651888, 0.0
5.0, 1.68578708172, 1.09833407402, 1.27782273293, 5.0, 1.91707789898, 1.03180742264, 0.684433579445, 0.17323032925, -0.00029104477612
5.0, 1.64162671566, 1.0682529211, 1.26727688313, 5.0, 1.9269554615, 1.03749978542, 0.687594532967, 0.174022416801, 0.0
3.99901580811, 1.60631811619, 1.03813505173, 1.25671219826, 5.0, 1.93688809872, 1.04201948643, 0.691114246845, 0.175143461494, 4.4408920985e-16
3.99387788773, 1.55832993984, 1.0073312521, 1.30495715141, 5.0, 1.75153958797, 0.974593341351, 0.683080554008, 0.145206692159, -0.0302686567164
3.97429180145, 1.39703476429, 0.945830821991, 1.65965235233, 5.0, 1.53978121281, 0.929554224014, 0.680059492588, 0.102478252543, -0.0427835820896
3.97038316727, 1.30549037457, 0.908892810345, 1.76335322857, 5.0, 1.5392677784, 0.930337011814, 0.681428134441, 0.0794991172973, -0.0232835820896
3.96906518936, 1.26792359352, 0.880981087685, 1.7540551424, 5.0, 1.54284060001, 0.932570934296, 0.682826638222, 0.0798700270075, 0.0
3.967700243, 1.22975230217, 0.858399689198, 1.74764168262, 5.0, 1.54609441757, 0.934557318687, 0.683979153633, 0.0802444064945, 0.0
3.96627616882, 1.19119751453, 0.830076038837, 1.74209618568, 5.0, 1.5491297245, 0.936459302902, 0.68540084362, 0.0806223045691, 0.0
3.96484398842, 1.15258467197, 0.802572607994, 1.7367181778, 5.0, 1.55211055279, 0.93836504221, 0.686830818653, 0.15357365599, 0.0727611940299
3.96341729164, 1.11389136314, 0.78146481514, 1.73140561581, 5.0, 1.55505728722, 0.940244495869, 0.688266992569, 0.154299910171, 0.0
3.96197462082, 1.07513678074, 0.760345578194, 1.72738277912, 5.0, 1.55798768997, 0.942174077034, 0.689710438251, 0.0819044046221, -0.0727611940299
3.96053767204, 1.04430043697, 0.739289224148, 1.72073626518, 5.0, 1.56104648113, 0.943715751171, 0.691147863865, 0.0825858522187, 0.00029104477612
3.95909881592, 1.00567018986, 0.71821898222, 1.71653091908, 5.0, 1.56397426128, 0.945603072643, 0.692573070526, 0.0829821732172, 0.0
3.95796203613, 0.96702170372, 0.69952249527, 1.71123349667, 5.0, 1.56709754467, 0.94754999876, 0.694009840488, 0.08330197295, 0.0
3.95624375343, 0.928449630737, 0.697008311749, 1.70562398434, 5.0, 1.5694643259, 0.94945192337, 0.695445179939, 0.0837863102485, 0.0
3.95509600639, 0.889815509319, 0.695044517517, 1.70024633408, 5.0, 1.5724093914, 0.951352536678, 0.696879327297, 0.084112335491, 0.0
3.95366120338, 0.851137876511, 0.692577958107, 1.69500637054, 5.0, 1.57536816597, 0.953243970871, 0.698033690453, 0.0845234439173, 0.0
3.95221924782, 0.820118367672, 0.690159201622, 1.68982732296, 5.0, 1.57829940319, 0.955148875713, 0.699477016926, 0.0849385810421, 0.0
3.95077395439, 0.781474590302, 0.687668502331, 1.68554496765, 5.0, 1.58133327961, 0.957075417042, 0.700914680958, 0.0853578062314, 0.0
3.9493393898, 0.742863059044, 0.685185313225, 1.67898476124, 5.0, 1.58431589603, 0.958602070808, 0.702344179153, 0.0857811800202, 0.0
3.94790148735, 0.704211711884, 0.682708978653, 1.6746622324, 5.0, 1.58745062351, 0.960962891579, 0.703794360161, 0.0859168599539, -0.00029104477612
3.94646811485, 0.665650546551, 0.680145561695, 1.66890859604, 5.0, 1.5905110836, 0.962497591972, 0.705236017704, 0.0863472545521, 0.0
3.94502782822, 0.627005457878, 0.677676260471, 1.66357791424, 5.0, 1.5934689045, 0.964403390884, 0.706667721272, 0.0867819720389, 0.0
3.94387984276, 0.588311135769, 0.675262749195, 1.65852677822, 5.0, 1.59577894211, 0.966285526752, 0.708106160164, 0.0871329022586, 4.4408920985e-16
3.94243979454, 0.549564063549, 0.673306107521, 1.65325415134, 5.0, 1.59873080254, 0.9681879282, 0.709543347359, 0.0875755662599, -4.4408920985e-16
3.94100213051, 0.51094186306, 0.670837759972, 1.64795553684, 5.0, 1.60169398785, 0.970067620277, 0.710977256298, 0.0880227393063, 0.0
3.93956661224, 0.472295284271, 0.668385624886, 1.64371681213, 5.0, 1.60464417934, 0.971988081932, 0.712128639221, 0.0884744904635, 0.0
3.93812894821, 0.442816823721, 0.665894985199, 1.63715803623, 5.0, 1.60770356655, 0.973927557468, 0.713575720787, 0.0889308902115, 0.0
3.9366850853, 0.430286377668, 0.66341906786, 1.63291239738, 5.0, 1.6106235981, 0.97580999136, 0.715009570122, 0.0893920104802, 0.0
3.93525290489, 0.419114857912, 0.660999894142, 1.62779557705, 5.0, 1.61355233192, 0.977326750755, 0.716440021992, 0.0898579246874, 0.0
3.93382024765, 0.417392581701, 0.658582031727, 1.62269890308, 5.0, 1.61581087112, 0.979184150696, 0.717870473862, 0.0903287077771, 0.0
3.93267011642, 0.415657401085, 0.656099677086, 1.61728191376, 5.0, 1.61884605885, 0.981108129025, 0.719312369823, 0.0907088912051, 4.4408920985e-16
3.93123245239, 0.413900136948, 0.653634607792, 1.61194932461, 5.0, 1.62179934978, 0.983029723167, 0.720749557018, 0.0911886321663, 0.0
3.92979431152, 0.412162333727, 0.651155889034, 1.60660707951, 5.0, 1.62483239174, 0.984946906567, 0.722197592258, 0.0916734603154, 0.0
3.9283452034, 0.410424083471, 0.649199485779, 1.60135173798, 5.0, 1.62773454189, 0.986838102341, 0.723341166973, 0.164678858552, 0.0727611940299
3.92691469193, 0.408682405949, 0.646726250648, 1.59598064423, 5.0, 1.63076496124, 0.988765895367, 0.724787175655, 0.16555862618, 0.0
3.92546272278, 0.40693411231, 0.644266545773, 1.59080135822, 5.0, 1.633664608, 0.99066144228, 0.726227223873, 0.0932408179373, -0.0727611940299
3.92402076721, 0.405535757542, 0.641810417175, 1.58560693264, 5.0, 1.63657581806, 0.992536365986, 0.72766327858, 0.0940345305698, 0.00029104477612
3.9225935936, 0.403814405203, 0.639362871647, 1.58130860329, 5.0, 1.6395522356, 0.994058787823, 0.729090154171, 0.094545231192, 0.0
3.92116928101, 0.402082085609, 0.636895596981, 1.57593691349, 5.0, 1.64257252216, 0.995980679989, 0.730527758598, 0.0950614925156, 0.0
3.91972899437, 0.400335162878, 0.634424984455, 1.57054340839, 5.0, 1.64550316334, 0.997865319252, 0.731961727142, 0.0955834055786, 0.0
0.319071769714, 0.398603498936, 0.63247781992, 1.56539547443, 5.0, 1.64792871475, 0.999779105186, 0.73339921236, 0.0961110634108, 0.0
0.317922383547, 0.396868109703, 0.629538714886, 1.56013071537, 5.0, 1.65077233315, 1.00165760517, 0.734548211098, 0.0965373897315, -2.22044604925e-16
0.316490888596, 0.39513322711, 0.627572894096, 1.55489444733, 5.0, 1.65373301506, 1.00356996059, 0.735982060432, 0.097075629152, -2.22044604925e-16
0.315050542355, 0.393380731344, 0.625080108643, 1.54948937893, 5.0, 1.65673935413, 1.00543618202, 0.737408995628, 0.097619884894, 0.0
0.313622176647, 0.392021209002, 0.622698426247, 1.54446732998, 5.0, 1.65953218937, 1.00731563568, 0.738841116428, 0.0981702580701, 0.0
0.312189996243, 0.390291780233, 0.620256006718, 1.53936576843, 5.0, 1.66242170334, 1.00881385803, 0.740264236927, 0.0987268521772, 0.0
0.310770153999, 0.388583004475, 0.617877781391, 1.53429567814, 5.0, 1.66521918774, 1.01065766811, 0.741695582867, 0.0989975964326, -0.000291044776119
0.309621870518, 0.386847764254, 0.61541467905, 1.53005206585, 5.0, 1.66814672947, 1.01254546642, 0.743114590645, 0.0994512211104, 4.4408920985e-16
0.30791541934, 0.385150432587, 0.613046169281, 1.52518212795, 5.0, 1.67094957829, 1.01440012455, 0.744556069374, 0.100139480357, -4.4408920985e-16
0.306759536266, 0.383409798145, 0.611064374447, 1.51991772652, 5.0, 1.67330420017, 1.01631104946, 0.745989441872, 0.100603618822, 6.66133814775e-16
0.305326610804, 0.381672769785, 0.608603060246, 1.51459944248, 5.0, 1.67630708218, 1.01820850372, 0.747135162354, 0.101189856753, 0.0
0.303892970085, 0.379940837622, 0.605655491352, 1.50921571255, 5.0, 1.67929708958, 1.0201164484, 0.748568594456, 0.10178294324, 0.0
0.302461028099, 0.378203481436, 0.603681445122, 1.50379955769, 5.0, 1.6822810173, 1.02201831341, 0.749994039536, 0.102382998574, 0.0
0.301039814949, 0.376470446587, 0.601204097271, 1.49818909168, 5.0, 1.68538665771, 1.02394974232, 0.75142455101, 0.102990145868, 0.0
0.299607425928, 0.375082105398, 0.598762869835, 1.49307191372, 5.0, 1.68824863434, 1.02545082569, 0.752850294113, 0.103604511142, 0.0
0.298169225454, 0.373344421387, 0.596305012703, 1.48890733719, 5.0, 1.69112849236, 1.02732777596, 0.754290223122, 0.104226223407, 0.0
0.296736687422, 0.371614873409, 0.593849539757, 1.48364233971, 5.0, 1.6940997839, 1.02923607826, 0.755723059177, 0.104855414759, 0.0
0.295593589544, 0.369884699583, 0.591411828995, 1.47848117352, 5.0, 1.69702029228, 1.03112459183, 0.757163822651, 0.105364243573, 0.0
0.294152349234, 0.368151932955, 0.588962137699, 1.4731708765, 5.0, 1.70000624657, 1.03302645683, 0.758586227894, 0.17844579883, 0.0727611940299
0.292730212212, 0.366416245699, 0.586511731148, 1.46782791615, 5.0, 1.70237660408, 1.0349189043, 0.760007560253, 0.179534260114, 0.0
0.291309952736, 0.364696860313, 0.584550440311, 1.46255517006, 5.0, 1.70529413223, 1.03681612015, 0.761157810688, 0.180635935806, 0.0
0.289866119623, 0.362972021103, 0.582120597363, 1.45741724968, 5.0, 1.70815086365, 1.03864979744, 0.762863993645, 0.108430609672, -0.0727611940299
0.288450688124, 0.361255079508, 0.579260528088, 1.45251166821, 5.0, 1.71090734005, 1.04050660133, 0.764290332794, 0.109104427065, 0.0
0.287024646997, 0.359541982412, 0.577293634415, 1.44715774059, 5.0, 1.71391272545, 1.04243040085, 0.765433132648, 0.109786637514, 0.0
0.285595595837, 0.357806384563, 0.574826717377, 1.44177389145, 5.0, 1.71692276001, 1.04431951046, 0.766851484776, 0.110767052784, 0.00029104477612
0.284170657396, 0.35608291626, 0.572381973267, 1.43753039837, 5.0, 1.71985352039, 1.04620575905, 0.768285214901, 0.111468342152, -2.22044604925e-16
0.2827450037, 0.354700744152, 0.569947779179, 1.43132174015, 5.0, 1.72274506092, 1.04809808731, 0.769716858864, 0.112178530604, 0.0
0.281312525272, 0.35297191143, 0.567504346371, 1.42713725567, 5.0, 1.72570157051, 1.04961371422, 0.771151185036, 0.112897787878, 0.0
0.279876440763, 0.351238459349, 0.565044403076, 1.42184865475, 5.0, 1.72860503197, 1.05149400234, 0.772581160069, 0.113626288042, 2.22044604925e-16
0.278449743986, 0.349509775639, 0.562608838081, 1.4166020155, 5.0, 1.73156380653, 1.05338275433, 0.774006307125, 0.114364209624, -4.4408920985e-16
0.277307331562, 0.347783654928, 0.560163378716, 1.4113380909, 5.0, 1.73386228085, 1.05525445938, 0.775146842003, 0.114961453219, 4.4408920985e-16
0.275873929262, 0.346047133207, 0.558201849461, 1.40604948997, 5.0, 1.73685288429, 1.05717885494, 0.776871442795, 0.115424233554, -0.000291044776119
0.274442195892, 0.344318836927, 0.555747628212, 1.40070223808, 5.0, 1.73985517025, 1.05906701088, 0.778009414673, 0.116187588657, 0.0
0.273019164801, 0.342587739229, 0.553298532963, 1.39545619488, 5.0, 1.74273526669, 1.06095004082, 0.779435098171, 0.116961061448, 0.0
0.271591842175, 0.341210067272, 0.550858557224, 1.39029526711, 5.0, 1.74570477009, 1.06284415722, 0.780860424042, 0.117744853346, 0.0
0.270166933537, 0.339136689901, 0.548411428928, 1.38596832752, 5.0, 1.74866139889, 1.06473696232, 0.782285094261, 0.118539171396, 0.0
0.268740206957, 0.337753564119, 0.545956134796, 1.37957835197, 5.0, 1.75162041187, 1.06625783443, 0.783718943596, 0.119344228056, 0.0
0.267594963312, 0.336028546095, 0.543534636497, 1.3754966259, 5.0, 1.75445342064, 1.06811392307, 0.785139560699, 0.119996151605, 0.0
0.266172885895, 0.334313154221, 0.541117608547, 1.3703930378, 5.0, 1.75671553612, 1.06996273994, 0.786558568478, 0.120821091558, 0.0
0.264753848314, 0.33260628581, 0.538679718971, 1.36510133743, 5.0, 1.7596899271, 1.07187736034, 0.787989497185, 0.121657396092, 0.0
0.263322770596, 0.330873042345, 0.536744058132, 1.35987401009, 5.0, 1.76258111, 1.07374405861, 0.789415717125, 0.122505300486, 0.0
0.261896580458, 0.329147011042, 0.534299731255, 1.35463166237, 5.0, 1.76551806927, 1.07562863827, 0.790557086468, 0.123365046519, 0.0
0.260473012924, 0.327770024538, 0.531865537167, 1.3494592905, 5.0, 1.7684160471, 1.07751822472, 0.791980803013, 0.124236882706, 0.0
0.259054809809, 0.325700640678, 0.529415428638, 1.34517514706, 5.0, 1.77140641212, 1.07941520214, 0.79340171814, 0.125121064525, 0.0
0.257629185915, 0.324325859547, 0.527005732059, 1.33904147148, 5.0, 1.77417695522, 1.08086931705, 0.794818878174, 0.198328870211, 0.0727611940299
0.256199091673, 0.322601735592, 0.524540662766, 1.33470475674, 5.0, 1.77720785141, 1.08278155327, 0.796242773533, 0.199749703377, 2.22044604925e-16
0.254780769348, 0.320879817009, 0.522105455399, 1.32945263386, 5.0, 1.78007125854, 1.08464598656, 0.797665834427, 0.127706484717, -0.0727611940299
0.253645300865, 0.319167137146, 0.519701242447, 1.32434546947, 5.0, 1.78294622898, 1.08651483059, 0.799095630646, 0.128448081825, -2.22044604925e-16
0.252215147018, 0.317444771528, 0.517257273197, 1.31911158562, 5.0, 1.78531455994, 1.08841216564, 0.80023419857, 0.129387210612, 0.0
0.250791490078, 0.315720051527, 0.515309751034, 1.31384336948, 5.0, 1.78822779655, 1.09029078484, 0.80166298151, 0.13034009472, 0.0
0.249357685447, 0.313991248608, 0.512872695923, 1.30868697166, 5.0, 1.79112505913, 1.09216487408, 0.803081214428, 0.131307036819, 0.0
0.247933775187, 0.312255144119, 0.510407447815, 1.30329203606, 5.0, 1.79410278797, 1.09405791759, 0.804507374763, 0.13257741607, 0.00029104477612
0.246521607041, 0.310897231102, 0.508001804352, 1.29816699028, 5.0, 1.79695951939, 1.09554588795, 0.805915355682, 0.133575566465, 0.0
0.24510140717, 0.308819115162, 0.505531311035, 1.29376828671, 5.0, 1.80005216599, 1.09747707844, 0.807349026203, 0.134588769107, 0.0
0.243673011661, 0.307437360287, 0.503071725368, 1.28738892078, 5.0, 1.80301833153, 1.0993783474, 0.808779239655, 0.135617364941, 0.0
0.24223844707, 0.305697768927, 0.500620543957, 1.28311550617, 5.0, 1.80602264404, 1.10129249096, 0.810217738152, 0.136661705219, 0.0
0.241094827652, 0.303953886032, 0.498136430979, 1.27764034271, 5.0, 1.80851340294, 1.10323786736, 0.811647891998, 0.137215580888, -0.00029104477612
0.239382401109, 0.302222937346, 0.495659291744, 1.27220630646, 5.0, 1.81207859516, 1.10512638092, 0.813072085381, 0.138503149513, 4.4408920985e-16
0.238241434097, 0.300496250391, 0.493212282658, 1.26695394516, 5.0, 1.81510686874, 1.10705089569, 0.814508080482, 0.139374949977, -4.4408920985e-16
0.236805006862, 0.29876434803, 0.491269499063, 1.26182830334, 5.0, 1.81729185581, 1.10886573792, 0.815933167934, 0.140480153893, 0.0
0.235378012061, 0.297049164772, 0.488865107298, 1.25673174858, 5.0, 1.82017886639, 1.11076200008, 0.817075610161, 0.141602907587, 4.4408920985e-16
0.233949571848, 0.295328736305, 0.486425817013, 1.25143826008, 5.0, 1.82307767868, 1.11264431477, 0.81849783659, 0.142743629521, 0.0
0.232529044151, 0.293940544128, 0.483956992626, 1.24605739117, 5.0, 1.82604598999, 1.1141513586, 0.819915890694, 0.143902751471, 0.0
0.231115609407, 0.292231857777, 0.481551736593, 1.24198353291, 5.0, 1.82884705067, 1.11599218845, 0.821326136589, 0.145080719057, 0.0
0.229703739285, 0.290531396866, 0.479144960642, 1.23582851887, 5.0, 1.83117210865, 1.117857337, 0.822743952274, 0.1462779923, 0.0
0.228567034006, 0.288812279701, 0.47672227025, 1.23162937164, 5.0, 1.83466887474, 1.11974096298, 0.824171304703, 0.14725002965, -4.4408920985e-16
0.227139055729, 0.287078052759, 0.474265545607, 1.22634387016, 5.0, 1.83703994751, 1.12163877487, 0.825591146946, 0.148483260537, 0.0
0.225719943643, 0.285351604223, 0.471824735403, 1.21563744545, 5.0, 1.84002220631, 1.12353920937, 0.827021121979, 0.149737166806, 0.0
0.224289923906, 0.283641070127, 0.469378679991, 1.19166600704, 5.0, 1.84295964241, 1.12541675568, 0.82815527916, 0.15101226875, 0.0
0.222867399454, 0.28190279007, 0.467418849468, 1.16768991947, 5.0, 1.84583330154, 1.12728011608, 0.829574108124, 0.211042819097, 0.0582089552239
0.221462458372, 0.280430048704, 0.465467244387, 1.14859390259, 5.0, 1.79858767986, 1.0981566906, 0.828178882599, 0.211405825294, -6.66133814775e-16
0.223916113377, 0.299858361483, 0.521172702312, 1.55748617649, 5.0, 1.58058357239, 1.04065275192, 0.82350486517, 0.15358318602, -0.0582089552239
0.228133782744, 0.323790162802, 0.593998014927, 2.06679439545, 3.42575192451, 1.50195527077, 1.01279532909, 0.821844577789, 0.103682728203, -0.0503507462687
0.229833334684, 0.326032549143, 0.599387228489, 2.07165908813, 3.42511963844, 1.5005017519, 1.0115647316, 0.820159316063, 0.0999055401823, -0.00465671641791
0.231149703264, 0.328022032976, 0.602145195007, 2.07634186745, 3.42228651047, 1.49825036526, 1.00984358788, 0.818661630154, 0.100610949673, 0.0
0.232937693596, 0.32994645834, 0.605107843876, 2.0849378109, 3.41752910614, 1.49586474895, 1.00812542439, 0.817223966122, 0.0138331236747, -0.0873134328358
0.234080672264, 0.331823378801, 0.608015954494, 2.09377598763, 3.41238880157, 1.49392974377, 1.00639426708, 0.815793812275, 0.0139321789289, 2.22044604925e-16
0.235511094332, 0.333737611771, 0.610425829887, 2.10351371765, 3.4066927433, 1.49139308929, 1.00464677811, 0.814374506474, 0.0140580108101, 0.0
0.23693113029, 0.335626959801, 0.613378942013, 2.11276197433, 3.40115499496, 1.48890912533, 1.0029027462, 0.81322479248, 0.014476922411, 0.000291044776119
0.238370716572, 0.337546408176, 0.616383016109, 2.12222838402, 3.3968307972, 1.48641562462, 1.00115716457, 0.811788678169, 0.0146100765938, 0.0
0.239800855517, 0.339444965124, 0.619348466396, 2.13153505325, 3.39141988754, 1.48393082619, 0.999748826027, 0.810340940952, 0.0147457027562, 0.0
0.2412417382, 0.340967267752, 0.622326076031, 2.13900446892, 3.38594818115, 1.48146593571, 0.998015463352, 0.808925390244, 0.0148838703757, -2.22044604925e-16
0.242663562298, 0.342858880758, 0.625282764435, 2.15013813972, 3.38059282303, 1.47902071476, 0.996300697327, 0.807504057884, 0.015024651558, 0.0
0.244098991156, 0.344769120216, 0.628251671791, 2.15781736374, 3.37509846687, 1.4765253067, 0.994551360607, 0.806085705757, 0.0151681213529, 0.0
0.24551589787, 0.346647530794, 0.631180465221, 2.16681623459, 3.36977601051, 1.47407078743, 0.992823183537, 0.804652869701, 0.0153143573186, 0.0
0.24665620923, 0.348544806242, 0.633540630341, 2.1758043766, 3.36477828026, 1.47168242931, 0.991115391254, 0.803226530552, 0.0154333919464, 4.4408920985e-16
0.248080894351, 0.350429922342, 0.636470973492, 2.18493890762, 3.35941338539, 1.4697009325, 0.989389002323, 0.801789700985, 0.0155848126941, -2.22044604925e-16
0.249518617988, 0.352320194244, 0.639416277409, 2.19414329529, 3.35403299332, 1.46724188328, 0.987651705742, 0.800378084183, 0.0154478791495, -0.000291044776119
0.250930517912, 0.354215949774, 0.642382800579, 2.20351338387, 3.34857821465, 1.46476316452, 0.985904455185, 0.799230337143, 0.0156024720381, 0.0
0.252375930548, 0.356113672256, 0.645352423191, 2.21293878555, 3.34429073334, 1.4623234272, 0.984189271927, 0.79779368639, 0.0157601900867, 0.0
0.253809273243, 0.357632160187, 0.648300290108, 2.22171258926, 3.33932328224, 1.4598916769, 0.982796609402, 0.796350598335, 0.0159211290193, 0.0
0.255231559277, 0.359881788492, 0.651187300682, 2.22876930237, 3.3342256546, 1.45749855042, 0.981094241142, 0.794947087765, 0.0160853885096, 0.0
0.256638228893, 0.361381828785, 0.654082596302, 2.23770523071, 3.32896327972, 1.45505845547, 0.979380309582, 0.793537676334, 0.0162530723862, 0.0
0.258060663939, 0.363271802664, 0.65708309412, 2.24732518196, 3.32320308685, 1.45252001286, 0.977615058422, 0.79210793972, 0.0164242888517, 0.0
0.259479045868, 0.365169912577, 0.655595123768, 2.25716495514, 3.31752872467, 1.45002567768, 0.975888252258, 0.790704131126, 0.00202937308256, -0.014552238806
0.260607153177, 0.367067039013, 0.634499669075, 2.26663637161, 3.31203985214, 1.44803857803, 0.974127590656, 0.789235591888, 0.0166011092073, 0.014552238806
0.262075811625, 0.368989378214, 0.614432275295, 2.27576327324, 3.30678462982, 1.44557845592, 0.972401857376, 0.787904858589, 0.090034065801, 0.0727611940299
0.26338711381, 0.367980539799, 0.608619332314, 2.06685733795, 3.70955586433, 1.51376020908, 1.00893223286, 0.791618645191, 0.0917931852938, 0.0014552238806
0.259898543358, 0.338792711496, 0.57114303112, 1.4074845314, 5.0, 1.71407735348, 1.0701161623, 0.793900191784, 0.151543155882, 0.0596641791045
0.256955116987, 0.325000226498, 0.531326234341, 1.27401399612, 5.0, 1.75496590137, 1.0756418705, 0.795133471489, 0.201045644667, 0.0486044776119
0.255734533072, 0.323828548193, 0.529386520386, 1.27093446255, 5.0, 1.75659155846, 1.07717776299, 0.796489715576, 0.20326162008, 0.0
0.254363894463, 0.322217196226, 0.527195572853, 1.26746177673, 5.0, 1.75878894329, 1.07843518257, 0.797800898552, 0.131626577007, -0.0727611940299
0.253042370081, 0.320651084185, 0.520461499691, 1.26320624352, 5.0, 1.76110434532, 1.08004307747, 0.799067497253, 0.133107337151, 0.0
0.251786053181, 0.319137603045, 0.499372422695, 1.25858807564, 5.0, 1.76360535622, 1.08167910576, 0.80032646656, 0.13462158882, 0.0
0.250781536102, 0.317616909742, 0.478301465511, 1.25387966633, 5.0, 1.76614511013, 1.08332836628, 0.801584243774, 0.135857869792, 0.0
0.249523684382, 0.316094309092, 0.47578778863, 1.24920129776, 5.0, 1.76815724373, 1.08494532108, 0.802820563316, 0.137435319181, 0.0
0.248287558556, 0.314569562674, 0.473215907812, 1.24448645115, 5.0, 1.77069795132, 1.08660697937, 0.804071545601, 0.139049591384, 0.0
0.24703681469, 0.313070327044, 0.471485823393, 1.23974609375, 5.0, 1.77324450016, 1.08824443817, 0.80506837368, 0.140407593766, -0.00029104477612
0.24578641355, 0.311529934406, 0.469299912453, 1.23502898216, 5.0, 1.77576649189, 1.08988547325, 0.806331753731, 0.142095904231, 2.22044604925e-16
0.24452060461, 0.310313731432, 0.467158615589, 1.23043489456, 5.0, 1.77822744846, 1.09119224548, 0.807611644268, 0.143825026828, 0.0
0.243245780468, 0.308459252119, 0.464934676886, 1.22554409504, 5.0, 1.78081023693, 1.09286344051, 0.808881342411, 0.145596448786, 0.0
0.241988912225, 0.307243078947, 0.462780714035, 1.2218375206, 5.0, 1.78333294392, 1.09451186657, 0.810114979744, 0.147699098216, 0.000291044776119
0.240740120411, 0.305717915297, 0.460621982813, 1.21609854698, 5.0, 1.78594267368, 1.09617805481, 0.811371088028, 0.149563429017, 0.0
0.239476963878, 0.304181963205, 0.458855241537, 1.21225368977, 5.0, 1.7884708643, 1.09781682491, 0.812614798546, 0.15264549421, 0.0
0.238491982222, 0.303015887737, 0.461299151182, 1.23313438892, 5.0, 1.70008552074, 1.0695374012, 0.810112059116, 0.105985062736, -0.0474402985075
0.241363674402, 0.297765702009, 0.513486385345, 1.70816707611, 3.93995308876, 1.53701245785, 1.00682103634, 0.805933833122, 0.10598404393, 2.22044604925e-16
0.245080947876, 0.310497403145, 0.56891644001, 2.04817461967, 3.48218631744, 1.49420309067, 0.999462783337, 0.804840505123, 0.0513777734636, -0.0552985074627
0.246526345611, 0.312295109034, 0.57100123167, 2.05247068405, 3.48126149178, 1.49231278896, 0.997841060162, 0.803386330605, 0.0511809916943, -0.000873134328358
0.247917935252, 0.314031928778, 0.573621749878, 2.05924487114, 3.47698402405, 1.49032282829, 0.996390044689, 0.802140772343, 0.0518679035417, 0.0
0.249141618609, 0.315596461296, 0.575983285904, 2.0643465519, 3.47346115112, 1.48826038837, 0.994926035404, 0.800930142403, 0.0525734874034, 0.0
0.250348567963, 0.316874444485, 0.578475773335, 2.07183003426, 3.46896910667, 1.48617482185, 0.993760406971, 0.799729764462, 0.0532985143669, 0.0
0.251312881708, 0.31845510006, 0.580397367477, 2.07751083374, 3.46532177925, 1.48493552208, 0.992583870888, 0.798766374588, 0.0538930805216, 0.0
0.252276420593, 0.319725006819, 0.582361757755, 2.08488631248, 3.4615418911, 1.4828363657, 0.991418778896, 0.797807574272, 0.0545010482846, 4.4408920985e-16
0.253235250711, 0.32097440958, 0.584803462029, 2.09077000618, 3.45779895782, 1.48114097118, 0.990240871906, 0.796842873096, 0.055122875467, 4.4408920985e-16
0.254200935364, 0.322260677814, 0.58631426096, 2.0971186161, 3.45261621475, 1.47937715054, 0.988747179508, 0.795650362968, 0.0557590409504, -4.4408920985e-16
0.231373220682, 0.323844581842, 0.589279711246, 2.10612511635, 3.44785737991, 1.47682642937, 0.986966490746, 0.794436991215, 0.143558839101, 0.0873134328358
0.231864541769, 0.32574531436, 0.591696023941, 2.11317586899, 3.4425740242, 1.47478973866, 0.985516786575, 0.793233752251, 0.145672228836, 0.0
0.233060136437, 0.327328115702, 0.594127893448, 2.12032461166, 3.43903231621, 1.47270703316, 0.984041631222, 0.792022824287, 0.147848311764, 0.0
0.234273299575, 0.328599303961, 0.596563816071, 2.127597332, 3.43446660042, 1.47066068649, 0.982892155647, 0.790824770927, 0.150089897995, 0.0
0.235477894545, 0.330179363489, 0.598984956741, 2.13333797455, 3.42928528786, 1.46840727329, 0.981351077557, 0.789575278759, 0.0784749850319, -0.0727611940299
0.236486181617, 0.331817269325, 0.601583957672, 2.1414835453, 3.42460227013, 1.46629524231, 0.979873359203, 0.788374841213, 0.0794484489098, 0.0
0.237687006593, 0.333425909281, 0.604071080685, 2.14896321297, 3.43140935898, 1.47917044163, 0.983902990818, 0.789230048656, 0.0809546859342, 0.0
0.236880093813, 0.320496380329, 0.564089536667, 1.65668749809, 5.0, 1.66536188126, 1.04661595821, 0.793694555759, 0.104114051462, 0.0227014925373
0.232222914696, 0.293668746948, 0.472519636154, 1.19072258472, 5.0, 1.87129318714, 1.12888789177, 0.801143944263, 0.176580894979, 0.0724701492537
0.229124933481, 0.271695047617, 0.425231426954, 0.918332457542, 5.0, 2.21655201912, 1.23098909855, 0.813982605934, 0.249342089009, 0.0727611940299
0.227902755141, 0.253741651773, 0.377476990223, 0.740384995937, 3.76332950592, 2.70798420906, 1.34382736683, 0.827248692513, 0.322103283039, 0.0727611940299
0.225640878081, 0.243233248591, 0.352074205875, 0.68818372488, 3.37518286705, 2.79540967941, 1.34187436104, 0.830515682697, 0.374873029876, 0.0488955223881
0.2220159024, 0.243337750435, 0.367071688175, 0.749519169331, 5.0, 2.3399720192, 1.2452737093, 0.814625203609, 0.3546533002, -0.0224104477612
0.222583666444, 0.260316342115, 0.413775622845, 0.982748031616, 5.0, 1.95600521564, 1.14038550854, 0.804192185402, 0.267339867364, -0.0873134328358
0.223842486739, 0.278391301632, 0.458423137665, 1.15363371372, 5.0, 1.83302533627, 1.10478007793, 0.804181337357, 0.21720736322, -0.0515149253731
0.222640305758, 0.27862149477, 0.457025110722, 1.15510475636, 5.0, 1.83843958378, 1.10741341114, 0.805649757385, 0.214975416085, -0.00494776119403
0.220893919468, 0.27675935626, 0.454876840115, 1.14885127544, 5.0, 1.84144032001, 1.10965633392, 0.807254731655, 0.21926971281, 2.22044604925e-16
0.219600021839, 0.274786859751, 0.45208722353, 1.14288198948, 5.0, 1.84502291679, 1.1119222641, 0.808604001999, 0.224784321564, 0.00029104477612
0.218086853623, 0.274527281523, 0.453442305326, 1.19905769825, 5.0, 1.75410056114, 1.06772220135, 0.805788993835, 0.177948030067, -0.0483134328358
0.221318170428, 0.29703900218, 0.517782628536, 1.68820500374, 3.77752637863, 1.53929436207, 1.00418567657, 0.801830708981, 0.163395791261, -0.014552238806
0.224417313933, 0.31527030468, 0.57423210144, 2.05061912537, 3.48971676826, 1.49107909203, 0.996025562286, 0.8006965518, 0.114263024583, -0.0506417910448
0.225584253669, 0.316559195518, 0.57560056448, 2.03400659561, 3.5104675293, 1.49320483208, 0.995912253857, 0.799449801445, 0.115695849129, -0.000582089552239
0.226755946875, 0.317499607801, 0.576806426048, 2.03234672546, 3.51507687569, 1.4926649332, 0.995027422905, 0.798332393169, 0.117780849928, -2.22044604925e-16
0.227873787284, 0.318855702877, 0.578820407391, 2.03632926941, 3.51228308678, 1.49078345299, 0.993677616119, 0.797208786011, 0.119942011855, -2.22044604925e-16
0.228771820664, 0.320318549871, 0.581068098545, 2.04289293289, 3.50794434547, 1.48923659325, 0.992319405079, 0.796097874641, 0.121728609159, 0.0
0.229882404208, 0.321783453226, 0.583325147629, 2.04956674576, 3.50356030464, 1.48728001118, 0.990956068039, 0.794980704784, 0.12403773092, 0.0
0.230999737978, 0.323237419128, 0.585113823414, 2.05618453026, 3.50010919571, 1.48533213139, 0.98959416151, 0.794089317322, 0.127619783564, -0.000291044776119
0.231966897845, 0.325928002596, 0.591941595078, 2.23640465736, 3.33273601532, 1.42618811131, 0.957941055298, 0.792646050453, 0.065117573029, -0.063447761194
0.236360490322, 0.34977543354, 0.694821298122, 3.61221337318, 2.61660718918, 1.28415644169, 0.910369932652, 0.792972445488, 0.065116620338, 2.22044604925e-16
0.244276627898, 0.386065840721, 0.802784025669, 5.0, 2.3612241745, 1.24394226074, 0.90077662468, 0.789777100086, 0.0104679596269, -0.0552985074627
0.248623892665, 0.393815040588, 0.813324511051, 5.0, 2.35390043259, 1.23870265484, 0.896493911743, 0.785677731037, 0.00980660032996, -0.000873134328358
0.252661794424, 0.399559289217, 0.823123514652, 5.0, 2.34448456764, 1.2329300642, 0.892009735107, 0.781589627266, 0.0100103271802, 0.0
0.256720989943, 0.405421495438, 0.833286702633, 5.0, 2.33401751518, 1.22697305679, 0.88747292757, 0.777537047863, 0.0105133044057, 0.00029104477612
0.259954214096, 0.411302059889, 0.843547403812, 5.0, 2.32335090637, 1.22096323967, 0.882927000523, 0.773499250412, 0.0106948100171, 4.4408920985e-16
0.263995498419, 0.417207628489, 0.853911757469, 5.0, 2.31244921684, 1.21614146233, 0.878383278847, 0.769463300705, 0.0835720742319, 0.0727611940299
0.268027663231, 0.423071742058, 0.864125490189, 5.0, 2.30188059807, 1.21018671989, 0.873848199844, 0.765423715115, 0.0854336509207, 0.0
0.272065043449, 0.428963243961, 0.872408509254, 5.0, 2.29308605194, 1.20413458347, 0.869291841984, 0.762203335762, 0.0870848117848, -0.00029104477612
0.276100903749, 0.434860259295, 0.882759988308, 5.0, 2.2800450325, 1.19810855389, 0.864742994308, 0.758169412613, 0.0891145368306, 2.22044604925e-16
0.28013125062, 0.440751850605, 0.893096864223, 5.0, 2.27136301994, 1.19207763672, 0.860194504261, 0.754138588905, 0.0912408662766, 2.22044604925e-16
0.284168839455, 0.445472121239, 0.903471291065, 5.0, 2.26032495499, 1.18600475788, 0.856536924839, 0.750105559826, 0.0934708443744, 2.22044604925e-16
0.288206428289, 0.451381593943, 0.913856744766, 5.0, 2.24936079979, 1.17994749546, 0.851979553699, 0.746079087257, 0.0218658982141, -0.0727611940299
0.291434139013, 0.457295536995, 0.92425775528, 5.0, 2.23839044571, 1.17511928082, 0.84742295742, 0.742041826248, 0.0223080307419, -4.4408920985e-16
0.295473307371, 0.463185697794, 0.934594213963, 5.0, 2.22755455971, 1.16788387299, 0.842871904373, 0.738001942635, 0.0228864876467, 0.0
0.299515396357, 0.469089835882, 0.942887187004, 5.0, 2.21666264534, 1.16305351257, 0.838317751884, 0.734771490097, 0.0234957367627, 0.0
0.303553432226, 0.4749815166, 0.953207373619, 5.0, 2.20806860924, 1.15704464912, 0.833768427372, 0.730735421181, 0.0241383035085, 0.0
0.307592988014, 0.480878859758, 0.963542401791, 5.0, 2.19718170166, 1.15100061893, 0.829212367535, 0.726698040962, 0.0248169971685, 0.0
0.311630606651, 0.486782193184, 0.97390961647, 5.0, 2.18628239632, 1.14496862888, 0.825565874577, 0.722658574581, 0.0255349519219, 0.0
0.315672129393, 0.492684841156, 0.984267652035, 3.98484873772, 2.17541432381, 1.13894152641, 0.820105195045, 0.718626618385, 0.026295675793, 0.0
0.319709390402, 0.497404128313, 0.994627535343, 3.96563625336, 2.1645154953, 1.13290560246, 0.816460132599, 0.714583933353, 0.0271031061556, 0.0
0.32374972105, 0.503304600716, 1.00498259068, 3.93681621552, 2.15368247032, 1.12688291073, 0.811912119389, 0.710550129414, 0.0279616795728, 0.0
0.32778725028, 0.509201586246, 1.01531350613, 3.91760993004, 2.1428630352, 1.12086462975, 0.807362258434, 0.706510722637, 0.0288764127138, 0.0
0.331828743219, 0.515100002289, 1.02562940121, 3.89359951019, 2.13203120232, 1.11484158039, 0.802812099457, 0.702472746372, 0.0298530003438, 0.0
0.335057377815, 0.520990431309, 1.03595864773, 3.86958837509, 2.1212451458, 1.11003708839, 0.798268675804, 0.698435306549, 0.0306831377425, 4.4408920985e-16
0.33909535408, 0.526886045933, 1.04424321651, 3.84558987617, 2.11029028893, 1.1039891243, 0.793712794781, 0.695211589336, 0.031788047743, 0.0
0.343134075403, 0.53279030323, 1.05460858345, 3.82157492638, 2.10167837143, 1.09798002243, 0.789161145687, 0.691166937351, 0.032975476791, 0.0
0.347176522017, 0.53868329525, 1.06492567062, 3.79756355286, 2.08869886398, 1.09195721149, 0.784600675106, 0.686316788197, 0.0342550239909, 0.0
0.351221114397, 0.544596731663, 1.07530927658, 3.77355694771, 2.07999062538, 1.0859156847, 0.780046164989, 0.683081686497, 0.0359259957653, 0.00029104477612
0.355261862278, 0.549313783646, 1.08565413952, 3.74954295158, 2.06909537315, 1.07987499237, 0.775487780571, 0.67904061079, 0.037142898373, -0.00029104477612
0.35930749774, 0.555224478245, 1.09600746632, 3.73033213615, 2.05826663971, 1.07385718822, 0.770939946175, 0.67500025034, 0.0387735626519, 0.0
0.363346368074, 0.56111228466, 1.10629868507, 3.70151495934, 2.04752993584, 1.06785392761, 0.767301738262, 0.670956790447, 0.0405538997554, 0.0
0.367391943932, 0.567018926144, 1.11668121815, 3.68230342865, 2.03667712212, 1.06183230877, 0.762749969959, 0.66691505909, 0.114266712352, 0.0727611940299
0.370622247458, 0.572908341885, 1.12490594387, 3.65829539299, 2.02590250969, 1.05580317974, 0.758198142052, 0.662880599499, 0, -2.22044604925e-16
0.374662309885, 0.578828513622, 1.1353366375, 3.63429188728, 2.01702070236, 1.05094575882, 0.753631293774, 0.659648954868, 0, 0.0
0.37870579958, 0.58473867178, 1.14572715759, 3.6102809906, 2.00399875641, 1.04491627216, 0.749072670937, 0.654805719852, 0, 0.0
0.382744908333, 0.590643703938, 1.15609514713, 3.5862698555, 1.9930896759, 1.03887271881, 0.744516849518, 0.651570558548, 0, 0.0
0.386790394783, 0.596553564072, 1.16646265984, 3.56226110458, 1.98224377632, 1.03284180164, 0.73996168375, 0.647526741028, 0, 0.0
0.390836000443, 0.602465212345, 1.17684233189, 3.53825044632, 1.97351062298, 1.02679204941, 0.735393047333, 0.643486380577, 0, -0.0727611940299
0.394884288311, 0.607213139534, 1.18729054928, 3.51424360275, 1.9625607729, 1.0207504034, 0.730838358402, 0.639437973499, 0, 0.0
0.398929685354, 0.61310762167, 1.19758474827, 3.49503731728, 1.95181310177, 1.01473021507, 0.727192521095, 0.635391712189, 0, 0.0
0.402975142002, 0.619015872478, 1.20795023441, 3.47102451324, 1.94096398354, 1.00870096684, 0.722635686398, 0.631348907948, 0, 0.0
0.407020360231, 0.624925851822, 1.21832537651, 3.4470205307, 1.93009769917, 1.00269198418, 0.718089640141, 0.627308785915, 0, 0.0
0.410248547792, 0.630794167519, 1.22853279114, 3.42302465439, 1.9194715023, 0.996708095074, 0.713553667068, 0.623268544674, 0, 2.22044604925e-16
0.414283901453, 0.636666536331, 1.23879110813, 3.39902663231, 1.90878355503, 0.990706562996, 0.709007382393, 0.619224429131, 0, 0.0
0.418328940868, 0.642591297626, 1.24923408031, 3.37502288818, 1.89783024788, 0.985859155655, 0.704442620277, 0.61518573761, 0, -2.22044604925e-16
0.422371894121, 0.648497819901, 1.25752460957, 3.3510119915, 1.88915240765, 0.981040358543, 0.701715230942, 0.612763404846, 0, -2.22044604925e-16
0.424795597792, 0.652042210102, 1.26489961147, 3.33707070351, 1.88378536701, 0.976237893105, 0.697483241558, 0.6077709198, 0, -4.4408920985e-16
0.430767774582, 0.659633755684, 1.27486085892, 3.31175780296, 1.8723744154, 0.966462671757, 0.688295602798, 0.600502550602, 0, 0.000291044776119
0.437490940094, 0.667449295521, 1.28760671616, 3.28834915161, 1.85927045345, 0.959708750248, 0.684491097927, 0.597658872604, 0, 0.0
0.439333677292, 0.671259701252, 1.29653251171, 3.27047848701, 1.85002541542, 0.958212912083, 0.683909296989, 0.597669064999, 0, -0.000291044776119
0.440357744694, 0.673391282558, 1.3024135828, 3.24223423004, 1.84163618088, 0.953284561634, 0.68066817522, 0.593995511532, 0, 0.0
0.444323688745, 0.679202854633, 1.31276392937, 3.22305846214, 1.8307980299, 0.947267115116, 0.676128327847, 0.58997374773, 0, 0.0
0.447538107634, 0.685069322586, 1.32308495045, 3.19906449318, 1.81994843483, 0.941259860992, 0.671587347984, 0.585945785046, 0, -0.000291044776119
0.451567530632, 0.690951287746, 1.33132863045, 3.17507004738, 1.80914628506, 0.936448574066, 0.667044222355, 0.581912219524, 0, 0.0
0.455601602793, 0.696840643883, 1.34165394306, 3.15107560158, 1.79834270477, 0.930437386036, 0.66250038147, 0.578685522079, 0, 0.0
0.459635734558, 0.702730715275, 1.35197615623, 3.12708210945, 1.78970170021, 0.92442625761, 0.657957196236, 0.574652254581, 0, 0.0
0.463669359684, 0.708620667458, 1.36230480671, 3.10308909416, 1.77889382839, 0.918414413929, 0.653406381607, 0.570618450642, 0, 0.0
0.467708140612, 0.714525043964, 1.37267184258, 3.08389258385, 1.76842057705, 0.913078606129, 0.648838937283, 0.566161751747, 0, 0.0727611940299
0.472279459238, 0.71935904026, 1.38191711903, 3.05285954475, 1.76016306877, 0.906438291073, 0.644808828831, 0.561775326729, 0, 0.000873134328358
0.476401895285, 0.725368499756, 1.39213967323, 3.03367257118, 1.74936175346, 0.900445222855, 0.640280544758, 0.55775898695, 0, 2.22044604925e-16
0.479616194963, 0.731229066849, 1.40240573883, 3.00964379311, 1.73859345913, 0.895655095577, 0.635760545731, 0.553749203682, 0, 2.22044604925e-16
0.483625203371, 0.737067222595, 1.41260969639, 2.98560523987, 1.72787368298, 0.889681339264, 0.631240546703, 0.54973500967, 0, 0.0
0.487638860941, 0.742918729782, 1.42079675198, 2.96156477928, 1.71712017059, 0.883700847626, 0.626717448235, 0.546523451805, 0, -0.00029104477612
0.491655319929, 0.748773396015, 1.43103539944, 2.93753480911, 1.70850980282, 0.877709388733, 0.622194230556, 0.542503654957, 0, -0.0727611940299
