1.16773724556, 1.49362802505, 3.38116145134, 3.00502920151, 3.00200939178, 1.18396186829, 0.748552262783, 0.576072335243, -1.15307703576, 0.000344977462715
1.16781711578, 1.494135499, 3.35870862007, 2.98034691811, 2.97766160965, 1.18305599689, 0.748212695122, 0.576020777225, -1.15599030888, 0.0
1.16786873341, 1.49485325813, 3.33043408394, 2.95574331284, 2.95354866982, 1.18166780472, 0.747683465481, 0.575973629951, -1.15964243622, 0.0
1.16789937019, 1.49563276768, 3.30172300339, 2.93087029457, 2.93413257599, 1.18024885654, 0.74730348587, 0.575981616974, -1.16330623153, 0.0
1.16791450977, 1.4964287281, 3.27289772034, 2.91091537476, 2.90986585617, 1.17856359482, 0.746867120266, 0.575959205627, -1.16698165199, 0.0
1.16791260242, 1.49720644951, 3.2441599369, 2.88108348846, 2.88548803329, 1.17762315273, 0.746563255787, 0.576001048088, -1.17066865324, 0.0
1.16787481308, 1.49771380424, 3.21652388573, 2.86144971848, 2.86088848114, 1.17740416527, 0.746442019939, 0.575917243958, -1.17465082561, -0.000291044776119
1.16798472404, 1.49803388119, 3.18875384331, 2.83682155609, 2.83640742302, 1.17688655853, 0.746185779572, 0.575775742531, -1.17836127412, 0.0
1.16811776161, 1.49829244614, 3.16130208969, 2.81228971481, 2.81186914444, 1.17660152912, 0.746016323566, 0.575654387474, -1.18208315447, 0.0
1.16824793816, 1.49850916862, 3.13388800621, 2.78778338432, 2.78734445572, 1.17627358437, 0.745820581913, 0.575515210629, -1.18581641601, 0.0
1.16835689545, 1.49870252609, 3.10641860962, 2.76322984695, 2.76769471169, 1.17600131035, 0.745621263981, 0.575402379036, -1.18881118463, 0.0
1.16849029064, 1.49889326096, 3.08452868462, 2.73872447014, 2.74314212799, 1.17576527596, 0.745439469814, 0.575262188911, -1.19256479954, 0.0
1.16863059998, 1.4991004467, 3.0571141243, 2.71419405937, 2.71859145164, 1.17546594143, 0.745267033577, 0.575134813786, -1.19632964531, 0.0
1.16876232624, 1.49926733971, 3.02966356277, 2.68965387344, 2.68913674355, 1.17513442039, 0.745107650757, 0.57499152422, -1.20010566521, 0.0
1.16890716553, 1.49947476387, 3.00224041939, 2.67002820969, 2.6694893837, 1.17481410503, 0.744910538197, 0.574847459793, -1.20389280091, 0.0
1.16905546188, 1.49963223934, 2.97492551804, 2.64552378654, 2.64492464066, 1.17459082603, 0.744740724564, 0.574698209763, -1.20769099245, 0.0
1.16920351982, 1.4998344183, 2.94750666618, 2.62098574638, 2.62036895752, 1.17430078983, 0.744546949863, 0.57455855608, -1.21150017825, 0.0
1.16931259632, 1.49999713898, 2.92011785507, 2.5964615345, 2.59580636024, 1.17409062386, 0.744380652905, 0.574418962002, -1.21455540033, 0.0
1.16945123672, 1.50018501282, 2.89820194244, 2.57193279266, 2.57123398781, 1.17387270927, 0.744209110737, 0.574267566204, -1.21838421539, 0.0
1.16960370541, 1.50037539005, 2.86531543732, 2.54740810394, 2.54669928551, 1.17352676392, 0.744002699852, 0.574118554592, -1.22222384358, 0.0
1.16975200176, 1.50061058998, 2.84338951111, 2.52289962769, 2.52215123177, 1.17328155041, 0.743829786777, 0.573995471001, -1.22607421707, 0.0
1.16987538338, 1.50077164173, 2.81602025032, 2.49838519096, 2.49758911133, 1.17302858829, 0.743648350239, 0.573876261711, -1.22963648921, 0.000291044776119
1.1700232029, 1.50094676018, 2.78863811493, 2.47386193275, 2.47795033455, 1.17274665833, 0.743471264839, 0.573738455772, -1.23379101805, -0.000291044776119
1.17016708851, 1.501121521, 2.76121687889, 2.44933319092, 2.45340752602, 1.17244017124, 0.743280649185, 0.573589920998, -1.23767316584, 0.0
1.17030978203, 1.50129294395, 2.73385190964, 2.42971038818, 2.42883348465, 1.17215323448, 0.743121087551, 0.573441207409, -1.24156577139, 0.0
1.1704492569, 1.50148165226, 2.70643615723, 2.40028381348, 2.40428113937, 1.17194223404, 0.742950201035, 0.57329761982, -1.2454687586, 0.0
1.17058968544, 1.50165367126, 2.6790766716, 2.38067603111, 2.37971949577, 1.17167198658, 0.742764472961, 0.573160171509, -1.2454687586, 0.0
1.17071056366, 1.50186860561, 2.65165305138, 2.356143713, 2.3551762104, 1.17136704922, 0.742573142052, 0.573023080826, -1.24859857092, 0.0
1.17084670067, 1.50207388401, 2.62972688675, 2.33162951469, 2.33063650131, 1.17104673386, 0.742384076118, 0.572909533978, -1.25252004792, 0.0
1.17099475861, 1.50230956078, 2.60228300095, 2.30707263947, 2.30608439445, 1.17068564892, 0.742169260979, 0.572756648064, -1.25645168451, 0.0
1.17114174366, 1.50251889229, 2.57487201691, 2.28745627403, 2.28644180298, 1.17038524151, 0.741957187653, 0.572608113289, -1.26039339822, 0.0
1.1712949276, 1.50276136398, 2.54745173454, 2.25803136826, 2.26189494133, 1.17007529736, 0.741766095161, 0.57245773077, -1.26434510488, 0.0
1.17145013809, 1.50292277336, 2.52003860474, 2.23840069771, 2.23734974861, 1.16971027851, 0.74155575037, 0.572310268879, -1.26830671865, 0.0
1.17159223557, 1.50314354897, 2.49264001846, 2.21388077736, 2.21280431747, 1.16938257217, 0.741384863853, 0.572154939175, -1.27227815203, 0.0
1.17174351215, 3.29070281982, 2.4652557373, 2.18935823441, 2.19314265251, 1.16925513744, 0.741237998009, 0.572024285793, -1.27625931582, 0.0
1.171844244, 3.25480437279, 2.43780732155, 2.16481804848, 2.16368508339, 1.1688387394, 0.741003751755, 0.571858763695, -1.27945119175, 0.0
1.17201006413, 3.21878933907, 2.41591262817, 2.14029073715, 2.13913249969, 1.16850280762, 0.740792036057, 0.571711480618, -1.28344964021, 0.0
1.17215752602, 3.18278670311, 2.38295960426, 2.11574530602, 2.11459207535, 1.16811525822, 0.740581989288, 0.571546196938, -1.28745756048, 0.0
1.17232131958, 3.14676570892, 2.35558986664, 2.09124565125, 2.09003376961, 1.16787624359, 0.740378499031, 0.571402907372, -1.29147485704, 0.0
1.17246520519, 3.1110086441, 2.32825231552, 2.06673622131, 2.06544685364, 1.16761815548, 0.740197896957, 0.571277976036, -1.29548530807, 0.0
1.17262005806, 3.07500648499, 2.30631566048, 2.04221224785, 2.04583525658, 1.16727924347, 0.739997804165, 0.57113802433, -1.29952102751, 0.0
1.17276155949, 3.03901934624, 2.27890491486, 2.01767706871, 2.02127075195, 1.16700792313, 0.739806652069, 0.570986032486, -1.30356582717, 0.0
1.17291510105, 3.0103430748, 2.25153493881, 1.99806821346, 1.9967083931, 1.16672050953, 0.739654302597, 0.570836126804, -1.30761960492, 0.0
1.1730543375, 2.97447395325, 2.22418665886, 1.96864461899, 1.97214984894, 1.16645205021, 0.739466130733, 0.570679247379, -1.31168225703, 0.0
1.17322385311, 2.9385573864, 2.19678592682, 1.94902360439, 1.94758343697, 1.16630339622, 0.739308357239, 0.570521116257, -1.31575367811, 0.0
1.17334663868, 2.90268802643, 2.16938567162, 1.92449760437, 1.92303311825, 1.16585087776, 0.739068746567, 0.570362269878, -1.3190170568, 0.0
1.17350494862, 2.86683177948, 2.14204692841, 1.89999175072, 1.89845871925, 1.16571104527, 0.738903462887, 0.570225834846, -1.32310399134, 0.0
1.17364168167, 2.83095383644, 2.11465549469, 1.87546896935, 1.8739027977, 1.16536986828, 0.738692462444, 0.570057451725, -1.32719939123, 0.0
1.17381048203, 2.79498028755, 2.09273552895, 1.85092639923, 1.84933054447, 1.16508603096, 0.738496541977, 0.56991070509, -1.33130314501, 0.0
1.17395734787, 2.75907921791, 2.06535053253, 1.82642138004, 1.82477343082, 1.16483187675, 0.73833578825, 0.569795489311, -1.33541513961, 0.0
1.17409443855, 2.72327470779, 2.03799986839, 1.80190527439, 1.80512201786, 1.16463565826, 0.738162755966, 0.569651722908, -1.33953526042, 0.0
1.17424929142, 2.69459152222, 2.01065444946, 1.77739834785, 1.78056538105, 1.16438269615, 0.738025248051, 0.569496870041, -1.33953526042, 0.0
1.17439436913, 2.65872097015, 1.98326432705, 1.75777590275, 1.75599992275, 1.16408646107, 0.737791419029, 0.569363892078, -1.34366339125, 0.0
1.17453849316, 2.62271952629, 1.95584225655, 1.73323869705, 1.73143732548, 1.1636941433, 0.737605810165, 0.569212913513, -1.34779941437, 0.0
1.17465507984, 2.58671665192, 1.92840647697, 1.70870530605, 1.70691049099, 1.16335868835, 0.737403571606, 0.569073200226, -1.35111383525, 0.0
1.1747944355, 2.55080342293, 1.90102994442, 1.68417751789, 1.68233573437, 1.1630897522, 0.737214028835, 0.568918883801, -1.35526376298, 0.0
1.17494869232, 2.51478838921, 1.87360715866, 1.65964996815, 1.65778625011, 1.16277873516, 0.736998140812, 0.568746209145, -1.35942124528, 0.0
1.17512130737, 2.4789185524, 1.85171306133, 1.63513422012, 1.6332089901, 1.16249525547, 0.73679292202, 0.568619191647, -1.3635861587, 0.0
1.17526257038, 2.44302797318, 1.82433438301, 1.61061775684, 1.61357867718, 1.16219747066, 0.736588537693, 0.568457067013, -1.3677583783, 0.0
1.17544484138, 2.40712332726, 1.79695832729, 1.5860875845, 1.58902347088, 1.16187345982, 0.736381828785, 0.568309664726, -1.37222045659, -0.000291044776119
1.17559361458, 2.37112045288, 1.76953923702, 1.56647133827, 1.56446170807, 1.16152179241, 0.736173212528, 0.568148910999, -1.37610770916, 0.000291044776119
1.17575156689, 2.34236288071, 1.74213337898, 1.53703737259, 1.53991150856, 1.1611905098, 0.736003279686, 0.567994058132, -1.38030105087, 0.0
1.17591094971, 2.30641889572, 1.71475803852, 1.51743233204, 1.51536881924, 1.16094493866, 0.735796928406, 0.567828178406, -1.38450118514, 0.0
1.17603862286, 2.27054452896, 1.68737053871, 1.49290239811, 1.49080502987, 1.16065824032, 0.735593616962, 0.56767565012, -1.38786609452, 0.0
1.17619037628, 2.23462963104, 1.65997350216, 1.46837174892, 1.46623706818, 1.16028010845, 0.735392510891, 0.567519962788, -1.39207812176, 0.0
1.1763458252, 2.19869685173, 1.63806867599, 1.44385194778, 1.44168448448, 1.16003024578, 0.735201954842, 0.567405819893, -1.39629656847, 0.0
1.17649281025, 2.16280674934, 1.61068618298, 1.41932451725, 1.41709291935, 1.1597802639, 0.735013484955, 0.56725025177, -1.40052129885, 0.0
1.17664563656, 2.126912117, 1.58329749107, 1.39479804039, 1.39745044708, 1.15949547291, 0.734817385674, 0.567085504532, -1.40475217581, 0.0
1.17681360245, 2.09106707573, 1.55593729019, 1.37028050423, 1.37288284302, 1.15924882889, 0.734641253948, 0.566926002502, -1.40898906098, 0.0
1.17698180676, 2.05532574654, 1.5286103487, 1.3457672596, 1.34830570221, 1.15904140472, 0.734457135201, 0.566766023636, -1.41323181473, 0.0
1.17714691162, 2.02666378021, 1.50126791, 1.32617294788, 1.32375204563, 1.15876305103, 0.734299302101, 0.566601574421, -1.41748029622, 0.0
1.17729127407, 1.99080038071, 1.47389674187, 1.30165314674, 1.29918467999, 1.15857386589, 0.734142005444, 0.566454946995, -1.42173436336, 0.0
1.17741203308, 1.9549497366, 1.44648432732, 1.27711141109, 1.27462661266, 1.15824687481, 0.733919501305, 0.566303372383, -1.42514154253, 0.0
1.17756426334, 1.91897797585, 1.41910970211, 1.252592206, 1.2500616312, 1.15796720982, 0.733733475208, 0.566151857376, -1.4294053021, 0.0
1.17771446705, 1.88303923607, 1.39718961716, 1.22806608677, 1.22550880909, 1.15766596794, 0.73353022337, 0.566026329994, -1.43367424335, 0.0
1.17773640156, 1.84719562531, 1.36433339119, 1.20353507996, 1.20583498478, 1.15740501881, 0.733337759972, 0.565868675709, -1.44051496134, 0.0
1.25200128555, 1.82260537148, 1.35277605057, 1.19129741192, 1.18757009506, 1.22379803658, 0.767078280449, 0.568709015846, -1.44006983717, 0.00174626865672
1.17454206944, 1.99688398838, 1.4117000103, 1.20873057842, 1.17732274532, 1.28306162357, 0.832361400127, 0.575599431992, -1.34788155612, 0.091625171791
1.1738692522, 2.22325801849, 1.49007940292, 1.22846853733, 1.17327404022, 1.24011075497, 0.89353531599, 0.585830807686, -1.3332738299, 0.0146061714926
1.17675995827, 2.3398194313, 1.51512897015, 1.2262339592, 1.1529790163, 1.21257185936, 0.91023594141, 0.590465188026, -1.28514760687, 0.0503507462687
1.17197680473, 2.28722667694, 1.4822627306, 1.20018219948, 1.12901079655, 1.18792366982, 0.915323674679, 0.594686985016, -1.28929605986, 0.0
1.16757166386, 2.23961496353, 1.45098340511, 1.17472612858, 1.10499179363, 1.16807031631, 0.920823693275, 0.598906159401, -1.21861284052, 0.0727611940299
1.16407954693, 2.19329094887, 1.4264703989, 1.14946615696, 1.08108913898, 1.14306366444, 0.927094578743, 0.603188812733, -1.22186526526, -2.49800180541e-16
1.1597789526, 2.14818716049, 1.39003384113, 1.12429571152, 1.0571205616, 1.11795580387, 0.933396339417, 0.607477605343, -1.22594164097, 0.0
1.15547990799, 2.10311079025, 1.36575174332, 1.09913301468, 1.03315579891, 1.09284567833, 0.93970823288, 0.610908150673, -1.23002998951, 0.0
1.15438568592, 2.05832195282, 1.33549261093, 1.07400286198, 1.01398718357, 1.06772708893, 0.946062147617, 0.615199685097, -1.23413022641, 0.0
1.15439116955, 2.0133523941, 1.30518019199, 1.05387818813, 0.990017056465, 1.04258823395, 0.951099038124, 0.619477987289, -1.23824226515, 0.0
1.15440964699, 1.977404356, 1.27485942841, 1.02369475365, 0.966054081917, 1.01748502254, 0.957383811474, 0.623767137527, -1.2423660171, 0.0
1.15441572666, 1.93248569965, 1.24457514286, 1.00357687473, 0.942078351974, 0.992341637611, 0.963749647141, 0.628056466579, -1.24678415402, -0.000291044776119
1.25636959076, 1.88761413097, 1.21429657936, 0.978433609009, 0.918111383915, 0.967211425304, 0.970075011253, 0.632337450981, -1.2506320849, 0.000291044776119
1.34548342228, 1.84272754192, 1.18399703503, 0.953285396099, 0.894151449203, 0.942084312439, 0.976385891438, 0.6366314888, -1.25395780573, 5.27355936697e-16
1.45698702335, 1.79788351059, 1.1597776413, 0.92813873291, 0.870175182819, 0.921977877617, 0.98274230957, 0.640069723129, -1.2581251728, 0.0
1.56847381592, 1.75298905373, 1.12342309952, 0.902991116047, 0.84622079134, 0.896868765354, 0.989074885845, 0.645214796066, -1.26230379875, 0.0
1.6798864603, 1.70805168152, 1.09918153286, 0.87972766161, 0.826945364475, 0.874813199043, 1.01269984245, 0.652378737926, -1.26649358276, 0.0
1.51600420475, 1.83386898041, 1.13592505455, 0.892056763172, 0.825272977352, 0.853967428207, 1.01248311996, 0.665635049343, -1.23434422644, 0.0337611940299
1.15907824039, 2.13218832016, 1.2247222662, 0.930661916733, 0.828604757786, 0.837595939636, 0.970521450043, 0.68681126833, -1.16158307565, 0.0727611940299
1.15623772144, 2.45884418488, 1.33624744415, 0.96330922842, 0.837514996529, 0.828597724438, 0.92692232132, 0.713717877865, -1.03056048967, 0.13102408194
1.18680512905, 3.04723072052, 1.47740602493, 1.01305341721, 0.850810050964, 0.817918539047, 0.889303088188, 0.745009303093, -1.01606079757, 0.0144983061194
1.20749664307, 3.58032631874, 1.52874016762, 1.02100086212, 0.836417734623, 0.797240078449, 0.864122331142, 0.757999300957, -0.974110053888, 0.0433656716418
1.19593572617, 3.49192690849, 1.48979520798, 0.994026720524, 0.81379532814, 0.779866456985, 0.841105639935, 0.770242750645, -0.976866504513, 0.000873134328358
1.18323385715, 3.40263748169, 1.45890069008, 0.967333436012, 0.791280031204, 0.758249700069, 0.818182110786, 0.78223824501, -0.980533855874, 0.0
1.17080819607, 3.31634664536, 1.42068004608, 0.940818309784, 0.773339450359, 0.738102674484, 0.798228979111, 0.791443586349, -0.984958584985, 0.0
1.17130196095, 3.66838693619, 1.46861934662, 0.968499720097, 0.779444277287, 0.735927760601, 0.775484502316, 0.838204622269, -0.968394556891, 0.0180447761194
1.21697461605, 5.0, 1.67511820793, 1.03803265095, 0.803591310978, 0.735689103603, 0.76006180048, 0.878695189953, -0.851976881541, 0.116417910448
1.27457273006, 5.0, 1.93893945217, 1.0980899334, 0.823351144791, 0.728754043579, 0.735600233078, 0.919745326042, -0.824601914949, 0.0276492537313
1.2806956768, 5.0, 1.94061660767, 1.07886612415, 0.803271532059, 0.709346413612, 0.716163158417, 0.937242269516, -0.808827815898, 0.0186268656716
1.26165914536, 5.0, 1.89118492603, 1.0565598011, 0.781805098057, 0.689953684807, 0.700515508652, 0.955107927322, -0.812061103942, 0.0
1.24688899517, 5.0, 1.84344565868, 1.02869808674, 0.760268330574, 0.670558393002, 0.680976271629, 0.973000109196, -0.875058547463, -0.0582628879105
1.22855520248, 5.0, 1.80244112015, 1.00377106667, 0.745782077312, 0.659662723541, 0.666932702065, 1.0055577755, -0.875003338195, 5.39326865956e-05
1.24758446217, 5.0, 1.99729251862, 1.07393479347, 0.777103960514, 0.666345357895, 0.658363640308, 0.965248525143, -0.842593886501, 0.0337611940299
1.32686412334, 5.0, 2.4748647213, 1.18945801258, 0.820237457752, 0.678798258305, 0.654251873493, 0.894185781479, -0.769832776251, 0.0727611940299
1.42616999149, 2.6431016922, 3.24701857567, 1.33724296093, 0.861573398113, 0.696200191975, 0.653974711895, 0.83740311861, -0.696774374016, 0.073052238806
1.5505604744, 1.97997057438, 5.0, 1.53215777874, 0.924211740494, 0.71930038929, 0.654059648514, 0.791748523712, -0.580642413466, 0.116126865672
1.70613157749, 1.50235962868, 5.0, 1.736972332, 0.981325566769, 0.729906499386, 0.646587133408, 0.762737572193, -0.552623116409, 0.0282313432836
1.72316038609, 1.44822132587, 5.0, 1.71652817726, 0.963694989681, 0.714992642403, 0.636025726795, 0.748343348503, -0.538722318705, 0.0160074626866
1.68323981762, 1.49588322639, 5.0, 1.67240381241, 0.943595588207, 0.700084924698, 0.622791051865, 0.73425924778, -0.541682585235, 0.000291044776119
1.66857862473, 1.50058686733, 5.0, 1.72367620468, 0.970095157623, 0.710143208504, 0.624699532986, 0.709303557873, -0.535263225598, 0.00727611940298
1.80999660492, 1.23947870731, 5.0, 2.08139920235, 1.06717646122, 0.745479345322, 0.63443595171, 0.68323892355, -0.479706178329, 0.0555895522388
2.06977319717, 1.04697442055, 3.61852264404, 2.64518165588, 1.19163763523, 0.789494514465, 0.649002790451, 0.663575530052, -0.406945094795, 0.0727611940299
2.42812681198, 1.05007517338, 2.54801511765, 3.61207342148, 1.35307753086, 0.843735575676, 0.668722689152, 0.651770591736, -0.334184014784, 0.0727611940299
2.94829392433, 1.10008645058, 1.84687316418, 5.0, 1.56903076172, 0.91073012352, 0.694218456745, 0.639983594418, -0.261422937691, 0.0727611940299
3.76560688019, 1.16188311577, 1.44055747986, 5.0, 1.8694473505, 0.993959546089, 0.726312637329, 0.63582187891, -0.11595491706, 0.145468455373
5.0, 1.23821258545, 1.17639255524, 5.0, 2.20821666718, 1.0986880064, 0.765771448612, 0.634505987167, -0.0867963607057, 0.0291584102985
5.0, 1.30363357067, 1.0342772007, 3.82480478287, 2.57535719872, 1.15028512478, 0.774603009224, 0.633134484291, -0.049337537582, 0.0375447761194
5.0, 1.2777723074, 1.02445626259, 3.80536818504, 2.56335544586, 1.14656603336, 0.772791445255, 0.631530821323, -0.0448987600303, 0.00465671641791
5.0, 1.24396598339, 1.02889358997, 3.78141689301, 2.5542743206, 1.14318811893, 0.770563006401, 0.629782557487, -0.0452290013043, 6.66133814775e-16
5.0, 1.21042251587, 1.03117120266, 3.75919723511, 2.6033616066, 1.17108273506, 0.780027329922, 0.630824387074, -0.0452706231347, -6.66133814775e-16
5.0, 1.26343238354, 0.971446156502, 2.69660615921, 3.45795345306, 1.32669985294, 0.833092391491, 0.635457456112, 0.0620467057213, 0.107395522388
5.0, 1.38239181042, 0.990773618221, 1.94566714764, 5.0, 1.50042569637, 0.888390660286, 0.639703989029, 0.0620464938062, 2.22044604925e-16
5.0, 1.42867124081, 0.983498930931, 1.77549064159, 5.0, 1.51429176331, 0.894128680229, 0.641739070415, 0.113126454869, 0.0509328358209
5.0, 1.38750362396, 0.960127711296, 1.77304530144, 5.0, 1.51688575745, 0.896393895149, 0.643706440926, 0.113650579513, 0.0
5.0, 1.34724903107, 0.931165575981, 1.76766037941, 5.0, 1.52052223682, 0.89886701107, 0.645237088203, 0.114179562171, 0.0
5.0, 1.30764365196, 0.902492821217, 1.76696777344, 5.0, 1.50652325153, 0.886655271053, 0.644808530807, 0.1147134704, 0.0
5.0, 1.22521615028, 0.884954154491, 2.21908473969, 3.91000795364, 1.32302224636, 0.824609875679, 0.640244841576, 0.0564340152601, -0.0585
5.0, 1.13325464725, 0.922476232052, 2.85990262032, 3.02797245979, 1.23385047913, 0.806056380272, 0.638453602791, 0.016321929805, -0.0401641791045
5.0, 1.08471012115, 0.932047903538, 2.93603396416, 3.02170276642, 1.23324429989, 0.805490732193, 0.63760048151, 0.0038774556972, -0.0125149253731
5.0, 1.05061459541, 0.932861804962, 2.93477225304, 3.02225899696, 1.23204302788, 0.804527282715, 0.636715114117, 0.00389215169448, 4.4408920985e-16
5.0, 1.01596975327, 0.934314906597, 2.93700575829, 3.02088832855, 1.23086118698, 0.80359184742, 0.635888278484, 0.00391440575672, -4.4408920985e-16
5.0, 0.9812900424, 0.935844182968, 2.94041442871, 3.01795744896, 1.22972226143, 0.802584409714, 0.635056912899, 0.0621307326499, 0.0582089552239
5.0, 0.946472406387, 0.937102019787, 2.94476294518, 3.01460313797, 1.22825109959, 0.801565766335, 0.634227156639, 0.0626688883542, 4.4408920985e-16
5.0, 0.914881289005, 0.927002310753, 2.84729957581, 3.23614263535, 1.26304364204, 0.82436811924, 0.636683702469, 0.0988683369197, 0.0360895522388
5.0, 0.979621529579, 0.837230980396, 2.08281064034, 5.0, 1.41484642029, 0.866370677948, 0.639251232147, 0.113420549762, 0.014552238806
5.0, 0.977861404419, 0.8041010499, 1.98656415939, 5.0, 1.42698156834, 0.86784952879, 0.640419781208, 0.145559690021, 0.031723880597
5.0, 0.946762979031, 0.80263364315, 1.98539662361, 5.0, 1.42845416069, 0.869138062, 0.641620635986, 0.0731504348608, -0.0727611940299
5.0, 0.908295810223, 0.800790607929, 1.98277974129, 5.0, 1.43048405647, 0.870586812496, 0.642805814743, 0.0735068263355, 0.0
5.0, 0.870007872581, 0.798806071281, 1.97861170769, 5.0, 1.43281602859, 0.872107744217, 0.643965542316, 0.0738667011665, 0.0
5.0, 0.831843912601, 0.796838343143, 1.97446143627, 5.0, 1.43463897705, 0.87360906601, 0.645121872425, 0.0741571434377, 0.0
5.0, 0.793697476387, 0.795219361782, 1.96980941296, 5.0, 1.43708109856, 0.875169336796, 0.646284222603, 0.0745234180744, -2.22044604925e-16
5.0, 0.755550324917, 0.792758226395, 1.96525669098, 5.0, 1.43941771984, 0.876676738262, 0.647212266922, 0.0748933220542, 0.0
5.0, 0.717402160168, 0.791173577309, 1.96100711823, 5.0, 1.44172978401, 0.878192603588, 0.648375093937, 0.0752669094867, 0.0
4.0010843277, 0.679253399372, 0.789162576199, 1.95645701885, 5.0, 1.44409275055, 0.879725933075, 0.649531364441, 0.0756442355602, 0.0
3.99992036819, 0.641109704971, 0.787136673927, 1.9520983696, 5.0, 1.44639778137, 0.880929946899, 0.650689899921, 0.0760253565691, 0.0
3.99877262115, 0.610542416573, 0.785131037235, 1.94857442379, 5.0, 1.44875133038, 0.882444322109, 0.651846647263, 0.0767006008873, 0.00029104477612
3.99759817123, 0.572420418262, 0.783056557178, 1.94292032719, 5.0, 1.4511911869, 0.8840046525, 0.653011441231, 0.0770909557231, 0.0
3.99643850327, 0.53429543972, 0.781034946442, 1.93934583664, 5.0, 1.45304763317, 0.88553327322, 0.654184401035, 0.077485296178, 0.0
3.99550390244, 0.516021192074, 0.77944290638, 1.93504953384, 5.0, 1.45534741879, 0.887049257755, 0.655345082283, 0.0778036793126, 0.0
3.99434494972, 0.500366449356, 0.777356743813, 1.93025696278, 5.0, 1.45783913136, 0.888607025146, 0.656506896019, 0.0782053489227, 0.0
3.99318289757, 0.494193255901, 0.775326430798, 1.92568135262, 5.0, 1.4601982832, 0.890139579773, 0.657432556152, 0.0783193192732, -0.000291044776119
3.9920232296, 0.492780685425, 0.773305058479, 1.92207729816, 5.0, 1.46259844303, 0.891682207584, 0.658605217934, 0.0787278507316, 0.0
3.990858078, 0.491351336241, 0.771265149117, 1.91674864292, 5.0, 1.4648450613, 0.893176913261, 0.659758508205, 0.0791406575766, 0.0
3.9896979332, 0.49023360014, 0.769281744957, 1.91331529617, 5.0, 1.46719646454, 0.894689023495, 0.66092634201, 0.0795578071331, 0.0
3.98852658272, 0.488815397024, 0.767282366753, 1.90807890892, 5.0, 1.46953320503, 0.895910620689, 0.662087321281, 0.0799793681436, 0.0
3.98736810684, 0.487396001816, 0.765240311623, 1.90441143513, 5.0, 1.47183918953, 0.897422790527, 0.663252413273, 0.080405410806, 0.0
3.98620700836, 0.485986858606, 0.763221740723, 1.90001225471, 5.0, 1.47424089909, 0.898970544338, 0.664405465126, 0.0808360068123, 0.0
3.98528337479, 0.484576642513, 0.761215031147, 1.89556074142, 5.0, 1.47608649731, 0.900472223759, 0.665562570095, 0.0811838111803, -4.4408920985e-16
3.98412561417, 0.483159780502, 0.759610891342, 1.89111852646, 5.0, 1.47847151756, 0.902019500732, 0.66650146246, 0.0816227887921, 0.0
3.98295855522, 0.481736451387, 0.757167518139, 1.88655185699, 5.0, 1.48078298569, 0.903526604176, 0.667885839939, 0.154605107277, 0.0727611940299
3.98180270195, 0.480333924294, 0.755574643612, 1.88221037388, 5.0, 1.48309195042, 0.905013382435, 0.668804347515, 0.155445439031, 0.0
3.98064923286, 0.47921410203, 0.753564715385, 1.87783646584, 5.0, 1.48540818691, 0.906536638737, 0.669964849949, 0.0831078180251, -0.0727611940299
3.97949361801, 0.477517426014, 0.751574635506, 1.8736499548, 5.0, 1.48766791821, 0.908025324345, 0.671119272709, 0.083564534996, 0.0
3.97833013535, 0.476400524378, 0.749597668648, 1.87014067173, 5.0, 1.48999106884, 0.909241080284, 0.672279894352, 0.0840262875747, 0.0
0.378487616777, 0.47498819232, 0.747596085072, 1.86492753029, 5.0, 1.49227201939, 0.910744905472, 0.673437178135, 0.084493159304, 0.0
0.377331912518, 0.473589092493, 0.745609819889, 1.86143493652, 5.0, 1.49456834793, 0.912249743938, 0.674596071243, 0.0849652355806, 0.0
0.376401990652, 0.4721814394, 0.743625581264, 1.85723459721, 5.0, 1.4968111515, 0.91374617815, 0.675757527351, 0.0853467024773, 2.22044604925e-16
0.375239998102, 0.470760345459, 0.74198693037, 1.85272014141, 5.0, 1.49874544144, 0.915292143822, 0.676915466785, 0.0858283682541, 0.0
0.374082893133, 0.469353765249, 0.739977955818, 1.84826111794, 5.0, 1.50109148026, 0.916794300079, 0.677842080593, 0.0863154879963, 0.0
0.372930020094, 0.467951565981, 0.737989008427, 1.84402883053, 5.0, 1.50335633755, 0.918298184872, 0.678997278214, 0.0868081546302, 0.0
0.371773153543, 0.466830462217, 0.73598253727, 1.84039199352, 5.0, 1.50571537018, 0.919514000416, 0.680146634579, 0.0873064631996, 0.0
0.370604962111, 0.465404689312, 0.733964502811, 1.83595359325, 5.0, 1.50758314133, 0.921034276485, 0.681315600872, 0.0881005413079, 0.000291044776119
0.369456529617, 0.46400386095, 0.731965303421, 1.83153545856, 5.0, 1.51039004326, 0.922548949718, 0.682457268238, 0.0886121015271, 0.0
0.368308156729, 0.46259701252, 0.729931294918, 1.82694101334, 5.0, 1.51233017445, 0.924093067646, 0.683626830578, 0.089129621411, 0.0
0.367371708155, 0.461173415184, 0.727887392044, 1.82236003876, 5.0, 1.51513528824, 0.925603866577, 0.684776067734, 0.0895479983073, -6.66133814775e-16
0.365992993116, 0.459768950939, 0.725893199444, 1.81797289848, 5.0, 1.51747322083, 0.927123486996, 0.685928702354, 0.0901829602791, 4.4408920985e-16
0.365069836378, 0.458362281322, 0.723907291889, 1.81360697746, 5.0, 1.51938128471, 0.928669512272, 0.686860620975, 0.0906112808721, -4.4408920985e-16
0.36390426755, 0.456929683685, 0.721843123436, 1.80896949768, 5.0, 1.52173554897, 0.930182278156, 0.68825083971, 0.0908602890777, -0.000291044776119
0.362748026848, 0.455518513918, 0.720215559006, 1.80436599255, 5.0, 1.52414441109, 0.931721448898, 0.689182937145, 0.0914061569022, 0.0
0.3615860641, 0.45437887311, 0.718188941479, 1.79993784428, 5.0, 1.5264428854, 0.932922184467, 0.690342843533, 0.0919586046576, 0.0
0.360425084829, 0.452974081039, 0.716198682785, 1.7955943346, 5.0, 1.52879214287, 0.934751033783, 0.691499948502, 0.0925177516942, 0.0
0.359266519547, 0.451556354761, 0.714164018631, 1.79197514057, 5.0, 1.53110861778, 0.935959219933, 0.692647695541, 0.0930837202581, 0.0
0.358121812344, 0.450163960457, 0.712170064449, 1.78665852547, 5.0, 1.53340804577, 0.937454938889, 0.693793654442, 0.0936566355787, 0.0
0.357204735279, 0.448764741421, 0.710197865963, 1.78327727318, 5.0, 1.53525030613, 0.938967883587, 0.694946050644, 0.0941200556149, 0.0
0.356052428484, 0.447364211082, 0.70818990469, 1.77884685993, 5.0, 1.53805506229, 0.940475285053, 0.696104228497, 0.167173050108, 0.0727611940299
0.354894638062, 0.445945352316, 0.706567823887, 1.77429449558, 5.0, 1.53990149498, 0.941989302635, 0.697273671627, 0.168213288248, 2.22044604925e-16
0.353724598885, 0.444532513618, 0.704154670238, 1.76992893219, 5.0, 1.54223740101, 0.943493902683, 0.698185265064, 0.169266428629, 2.22044604925e-16
0.352577090263, 0.443134754896, 0.702570021152, 1.76561248302, 5.0, 1.54454386234, 0.945005714893, 0.699334621429, 0.0970367177023, -0.0727611940299
0.351428568363, 0.441720873117, 0.700546979904, 1.7610834837, 5.0, 1.54692363739, 0.94653326273, 0.700491845608, 0.0976519154984, 0.0
0.35027641058, 0.440602391958, 0.698560893536, 1.75766301155, 5.0, 1.5491669178, 0.948010087013, 0.701634347439, 0.0982749382943, 0.0
0.349124610424, 0.439202785492, 0.696562767029, 1.75238633156, 5.0, 1.55153059959, 0.949245870113, 0.702797472477, 0.0989059358476, 0.0
0.347968608141, 0.43778565526, 0.694540321827, 1.74871575832, 5.0, 1.55392372608, 0.950778603554, 0.703954577446, 0.0995450617489, -2.22044604925e-16
0.34681609273, 0.436372101307, 0.692491531372, 1.74410820007, 5.0, 1.55626797676, 0.952294528484, 0.705111503601, 0.100192473545, 0.0
0.345887422562, 0.434961259365, 0.690494000912, 1.73969066143, 5.0, 1.55859005451, 0.953805029392, 0.706257522106, 0.100716477301, 2.22044604925e-16
0.34474170208, 0.433570533991, 0.688507556915, 1.73534619808, 5.0, 1.56045150757, 0.955319702625, 0.70741546154, 0.101379213845, 2.22044604925e-16
0.34358394146, 0.432146966457, 0.686483919621, 1.73086035252, 5.0, 1.56274998188, 0.956832230091, 0.708337008953, 0.102050699568, 0.0
0.34243735671, 0.430749207735, 0.684884011745, 1.72643005848, 5.0, 1.56512761116, 0.958351671696, 0.709499001503, 0.102731108258, 0.0
0.34127548337, 0.429620414972, 0.682899177074, 1.72213256359, 5.0, 1.56740689278, 0.959850847721, 0.710647284985, 0.103710274283, 0.000291044776119
0.340118139982, 0.427928477526, 0.680867731571, 1.71754693985, 5.0, 1.56982183456, 0.96108597517, 0.711797297001, 0.104411009588, 0.0
0.338967651129, 0.426790952682, 0.678810596466, 1.71377015114, 5.0, 1.57222592831, 0.962927281857, 0.712960243225, 0.10512124343, 0.0
0.337804764509, 0.425370633602, 0.676797688007, 1.70929789543, 5.0, 1.57454681396, 0.964134097099, 0.714116632938, 0.105841169389, 0.0
0.33665266633, 0.423967510462, 0.674775660038, 1.70487856865, 5.0, 1.57641065121, 0.965669631958, 0.715281844139, 0.1065709866, 0.0
0.335717976093, 0.422530382872, 0.672732293606, 1.70028364658, 5.0, 1.57882928848, 0.967208206654, 0.716449797153, 0.107162099282, 0.0
0.33454990387, 0.421122997999, 0.670720398426, 1.69584727287, 5.0, 1.58119118214, 0.968711972237, 0.717606186867, 0.107617689846, -0.00029104477612
0.333393633366, 0.419709056616, 0.669101297855, 1.69133579731, 5.0, 1.58357536793, 0.970270037651, 0.718528211117, 0.108374249354, 0.0
0.332239896059, 0.418291002512, 0.667069613934, 1.68683218956, 5.0, 1.5858938694, 0.971768438816, 0.719684720039, 0.109141478933, 0.0
0.331086337566, 0.41717416048, 0.66509193182, 1.6824580431, 5.0, 1.58821809292, 0.972986459732, 0.720840871334, 0.10991960499, 0.0
0.329932928085, 0.415767282248, 0.663085222244, 1.67899823189, 5.0, 1.59004235268, 0.974490582943, 0.721998929977, 0.110708860356, 0.0
0.328767716885, 0.414346665144, 0.661051332951, 1.67352998257, 5.0, 1.59242558479, 0.976030349731, 0.723162293434, 0.111509484516, 0.0
0.327609062195, 0.41292989254, 0.659032583237, 1.6700129509, 5.0, 1.59519314766, 0.977529942989, 0.724321961403, 0.112321723843, 0.0
0.326678186655, 0.411528468132, 0.657024741173, 1.66563498974, 5.0, 1.59748983383, 0.979030966759, 0.725468456745, 0.170858727125, 0.0582089552239
0.325531601906, 0.410119712353, 0.65503680706, 1.66129493713, 5.0, 1.59938240051, 0.980546891689, 0.726627290249, 0.172112446796, 4.4408920985e-16
0.324372828007, 0.408706843853, 0.653035402298, 1.65687906742, 5.0, 1.60169684887, 0.982051134109, 0.727777838707, 0.173384515377, 0.0
0.323221862316, 0.4073138237, 0.651437461376, 1.64996147156, 5.0, 1.60398650169, 0.983559548855, 0.72892421484, 0.101266361596, -0.0727611940299
0.32207518816, 0.405907124281, 0.649426996708, 1.62599086761, 5.0, 1.60633826256, 0.985085129738, 0.729850053787, 0.102025623421, 0.0
0.320915341377, 0.404489606619, 0.647398293018, 1.60199892521, 5.0, 1.60867655277, 0.986605167389, 0.7310090065, 0.102796316212, 0.0
0.319761961699, 0.403086423874, 0.645400047302, 1.57800018787, 5.0, 1.61104297638, 0.987826406956, 0.732163131237, 0.103578699138, 0.0
0.318606376648, 0.401967048645, 0.643427252769, 1.55879747868, 5.0, 1.61316347122, 0.989274501801, 0.73331207037, 0.10437303923, 0.0
0.317456424236, 0.400571525097, 0.641458570957, 1.53427743912, 5.0, 1.61550700665, 0.990781128407, 0.734455883503, 0.105179611686, 0.0
0.316542476416, 0.39918589592, 0.639469921589, 1.53077816963, 5.0, 1.61780846119, 0.992282211781, 0.735603809357, 0.105833867289, -2.22044604925e-16
0.315169423819, 0.397781848907, 0.637445867062, 1.52626740932, 5.0, 1.62012958527, 0.993791818619, 0.736758232117, 0.106830597195, 4.4408920985e-16
0.314016819, 0.396376997232, 0.635459005833, 1.521910429, 5.0, 1.62201213837, 0.995310485363, 0.737906038761, 0.107675604358, 0.0
0.313092768192, 0.394964963198, 0.633422613144, 1.51737380028, 5.0, 1.62433886528, 0.996823310852, 0.739059329033, 0.10836125815, -4.4408920985e-16
0.311939239502, 0.393557578325, 0.631438076496, 1.5130314827, 5.0, 1.62701272964, 0.998302280903, 0.740216612816, 0.109519945688, 0.00029104477612
0.310781091452, 0.392168670893, 0.629479169846, 1.50885152817, 5.0, 1.6288715601, 0.999810159206, 0.74113535881, 0.110405664271, -2.22044604925e-16
0.309628129005, 0.390753209591, 0.627848505974, 1.50429022312, 5.0, 1.63120543957, 1.0013178587, 0.742289125919, 0.111305766076, -2.22044604925e-16
0.308479428291, 0.389346331358, 0.625850200653, 1.49994122982, 5.0, 1.63351106644, 1.00281894207, 0.743436992168, 0.112220602667, 0.0
0.307330518961, 0.388239324093, 0.623871922493, 1.49648284912, 5.0, 1.63533055782, 1.00402235985, 0.744357168674, 0.113150537447, 0.0
0.30641490221, 0.38684129715, 0.622281312943, 1.49212419987, 5.0, 1.6381200552, 1.00581550598, 0.745732545853, 0.113612664532, -0.00029104477612
0.305035412312, 0.385161459446, 0.619889318943, 1.48771190643, 5.0, 1.63990986347, 1.00700414181, 0.746889472008, 0.114761303958, 4.4408920985e-16
0.304106801748, 0.383770287037, 0.617946147919, 1.48282968998, 5.0, 1.64251077175, 1.00879228115, 0.748054683208, 0.115539996504, -4.4408920985e-16
0.302708923817, 0.382627487183, 0.615915179253, 1.47916948795, 5.0, 1.64440464973, 1.01000118256, 0.748971104622, 0.116727961874, 4.4408920985e-16
0.301796972752, 0.381244987249, 0.614340126514, 1.4747633934, 5.0, 1.64678454399, 1.01121366024, 0.750106871128, 0.117533541131, -4.4408920985e-16
0.300654232502, 0.379829674959, 0.612292766571, 1.47012495995, 5.0, 1.6491522789, 1.01303553581, 0.751478374004, 0.118556213613, 0.0
0.29951864481, 0.37844312191, 0.609900057316, 1.4657125473, 5.0, 1.65144705772, 1.01454031467, 0.752630770206, 0.119596753412, 0.0
0.29836666584, 0.377041429281, 0.607872784138, 1.46111238003, 5.0, 1.65392291546, 1.01609992981, 0.753558337688, 0.120655630585, 0.0
0.297224134207, 0.375630289316, 0.606274724007, 1.45662009716, 5.0, 1.65625154972, 1.01757979393, 0.754690825939, 0.19395305359, 0.0727611940299
0.29607629776, 0.374240577221, 0.604299128056, 1.45232570171, 5.0, 1.65851163864, 1.01909029484, 0.755844831467, 0.195686317053, 2.22044604925e-16
0.294921875, 0.372804939747, 0.602226912975, 1.4474927187, 5.0, 1.66102707386, 1.02066934109, 0.757007956505, 0.123803273329, -0.0727611940299
0.293757200241, 0.371664702892, 0.600207030773, 1.44398403168, 5.0, 1.66334676743, 1.0218616724, 0.758155524731, 0.124928774445, 0.0
0.292616486549, 0.370274066925, 0.598212122917, 1.4395815134, 5.0, 1.66568100452, 1.02337801456, 0.759318947792, 0.126074817746, 0.0
0.291680276394, 0.368846952915, 0.596190750599, 1.43515002728, 5.0, 1.66755545139, 1.02489030361, 0.760476112366, 0.127006821399, -2.22044604925e-16
0.290522426367, 0.367439299822, 0.594189345837, 1.43079316616, 5.0, 1.66983556747, 1.02640736103, 0.761634111404, 0.12819127703, 0.0
0.289364337921, 0.366032779217, 0.592568695545, 1.42633235455, 5.0, 1.67216980457, 1.02791261673, 0.76255607605, 0.130379599079, 2.22044604925e-16
0.288208305836, 0.364799171686, 0.5909678936, 1.4493598938, 5.0, 1.632193923, 1.00243508816, 0.76087731123, 0.11605017867, -0.0148432835821
0.290623873472, 0.381301730871, 0.65819978714, 1.97496855259, 3.7077870369, 1.4564832449, 0.953231215477, 0.758347094059, 0.0881143021311, -0.0279402985075
0.292771816254, 0.400514900684, 0.697220683098, 2.1549038887, 3.47886490822, 1.44154202938, 0.951565802097, 0.757494568825, 0.0523547280356, -0.0363805970149
0.293694019318, 0.401319503784, 0.698395490646, 2.15405154228, 3.48130202293, 1.4406055212, 0.950609266758, 0.756607532501, 0.0528627408566, 0.0
0.294585347176, 0.402414053679, 0.700005531311, 2.15869235992, 3.47869825363, 1.43914282322, 0.949760437012, 0.755720973015, 0.053380699606, 0.0
0.295466303825, 0.403550922871, 0.701716423035, 2.16244649887, 3.47536540031, 1.43762409687, 0.948688328266, 0.754859924316, 0.053908899166, 0.0
0.296329557896, 0.404674649239, 0.703443944454, 2.16722893715, 3.47171211243, 1.43601036072, 0.947578549385, 0.753979682922, 0.0544476457739, 0.0
0.297039061785, 0.405856728554, 0.704933345318, 2.1728079319, 3.46844577789, 1.43474912643, 0.946504533291, 0.7532787323, 0.0548864507563, -4.4408920985e-16
0.297908067703, 0.406957864761, 0.706621587276, 2.17801642418, 3.46389055252, 1.43315279484, 0.945419728756, 0.752416133881, 0.0554449940337, 0.0
0.298780351877, 0.408109009266, 0.708397567272, 2.18310070038, 3.46009659767, 1.43155777454, 0.944328188896, 0.751534879208, 0.0560127064298, 0.0
0.29966172576, 0.409047484398, 0.710207045078, 2.18815255165, 3.45720005035, 1.43001949787, 0.943246841431, 0.750655472279, 0.0565945036342, 0.0
0.300546705723, 0.410199552774, 0.711908817291, 2.19314837456, 3.45359873772, 1.42841899395, 0.942147195339, 0.749771535397, 0.0571885004908, 0.0
0.301422178745, 0.411339461803, 0.704886853695, 2.19822692871, 3.44990301132, 1.4268245697, 0.941274881363, 0.748879373074, 0.0577950843526, 0.0
0.302299588919, 0.41248524189, 0.683801293373, 2.20235300064, 3.44611597061, 1.42521309853, 0.940167367458, 0.748003661633, 0.0584146591278, 0.0
0.303171694279, 0.413626730442, 0.667654514313, 2.20768046379, 3.4423801899, 1.42397022247, 0.939102590084, 0.747141182423, 0.0590476461725, 0.0
0.303874880075, 0.414767593145, 0.669361710548, 2.21251869202, 3.43877124786, 1.42211675644, 0.938033282757, 0.74627584219, 0.059563987514, 4.4408920985e-16
0.304739683867, 0.415914356709, 0.670789361, 2.21754813194, 3.43497490883, 1.42081511021, 0.936925828457, 0.745571196079, 0.0602222378372, 0.0
0.305610984564, 0.417046308517, 0.672524094582, 2.22275280952, 3.43198013306, 1.41923058033, 0.935833275318, 0.744509100914, 0.0608951813909, 0.0
0.30650550127, 0.418228983879, 0.674342215061, 2.22793483734, 3.4272954464, 1.41758942604, 0.934734880924, 0.743644893169, 0.13399820965, 0.0727611940299
0.307369351387, 0.419352024794, 0.676059663296, 2.23282384872, 3.42468523979, 1.41611933708, 0.933679521084, 0.742929756641, 0.135517284436, -2.22044604925e-16
0.308258324862, 0.42026284337, 0.67779135704, 2.23769378662, 3.42124009132, 1.41452097893, 0.932590067387, 0.742048382759, 0.137070977819, 0.0
0.309150010347, 0.42142790556, 0.679545521736, 2.24170994759, 3.41761469841, 1.41295468807, 0.931708455086, 0.741153717041, 0.138660479072, 0.0
0.31003421545, 0.422587543726, 0.681327104568, 2.24800276756, 3.41373085976, 1.41135799885, 0.930615067482, 0.740282177925, 0.0667078502646, -0.0727611940299
0.310907453299, 0.423723161221, 0.683102369308, 2.25203609467, 3.40983462334, 1.40970563889, 0.92949616909, 0.739404678345, 0.0674969635367, 0.0
0.311608791351, 0.424889862537, 0.684875607491, 2.25733780861, 3.40619301796, 1.40848231316, 0.928427994251, 0.738533139229, 0.0681418035797, 0.0
0.312480509281, 0.426023006439, 0.686621248722, 2.26236915588, 3.40324163437, 1.40689063072, 0.927332103252, 0.737663924694, 0.0689653617968, 0.0
0.313349038363, 0.42716217041, 0.688028454781, 2.26746964455, 3.39878821373, 1.4053221941, 0.926243007183, 0.736944317818, 0.0698090377712, 0.0
0.314250797033, 0.426721781492, 0.689814984798, 2.27278280258, 3.39561009407, 1.40367841721, 0.925152003765, 0.736063241959, 0.0703807813336, -0.000291044776119
0.315125823021, 0.413692712784, 0.691559433937, 2.277739048, 3.39207053185, 1.40215170383, 0.924290239811, 0.73519474268, 0.0712632778834, 0.0
0.3159956038, 0.398036926985, 0.693323254585, 2.28186225891, 3.38820672035, 1.40055930614, 0.923201680183, 0.734307765961, 0.0721681475809, -2.22044604925e-16
0.316878408194, 0.39903986454, 0.695060074329, 2.28757715225, 3.38503670692, 1.39907836914, 0.922148048878, 0.733450353146, 0.0730962506195, 0.0
0.317754238844, 0.400168329477, 0.696816980839, 2.29176235199, 3.38116168976, 1.39740502834, 0.921030342579, 0.732554554939, 0.0743376062156, 0.000291044776119
0.318456083536, 0.401324510574, 0.698567330837, 2.29671382904, 3.37812328339, 1.39601922035, 0.919997692108, 0.731687188148, 0.075120435452, 4.4408920985e-16
0.319327801466, 0.402389854193, 0.700095832348, 2.2998354435, 3.37566137314, 1.39491486549, 0.918967723846, 0.730830490589, 0.0761224213829, -2.22044604925e-16
0.3201841712, 0.403541982174, 0.701900720596, 2.30518126488, 3.37214708328, 1.39336538315, 0.917876303196, 0.729938566685, 0.0771514446538, -2.22044604925e-16
0.321076273918, 0.404703766108, 0.703675985336, 2.31029343605, 3.36909127235, 1.39176797867, 0.916777908802, 0.729204833508, 0.0782086120413, 0.0
0.321977943182, 0.405858427286, 0.705071032047, 2.31526780128, 3.36471939087, 1.3901553154, 0.915895760059, 0.728329896927, 0.0792950920056, 0.0
0.322851985693, 0.40676933527, 0.706843733788, 2.31930017471, 3.36198163033, 1.38893485069, 0.91483938694, 0.727638363838, 0.0808677711023, -6.66133814775e-16
0.323426485062, 0.407235532999, 0.699343383312, 2.24828743935, 3.58285260201, 1.45854842663, 0.938743591309, 0.730882823467, 0.130196941569, 0.0488955223881
0.319653898478, 0.374654322863, 0.597243309021, 1.52728962898, 5.0, 1.6547986269, 1.00254940987, 0.734665751457, 0.144749028042, 0.014552238806
0.316399335861, 0.364685386419, 0.583491623402, 1.4571378231, 5.0, 1.65541982651, 1.00385713577, 0.736247301102, 0.183067230314, 0.0363805970149
0.315083891153, 0.363117218018, 0.581656754017, 1.45623445511, 5.0, 1.65774130821, 1.00559782982, 0.737708032131, 0.185195395557, 0.0
0.313334703445, 0.361390024424, 0.579259634018, 1.45137155056, 5.0, 1.66053497791, 1.00744462013, 0.739133477211, 0.188480944699, 0.0
0.312194675207, 0.359672486782, 0.57683724165, 1.4462031126, 5.0, 1.66284871101, 1.00932216644, 0.7405564785, 0.190736054975, 0.0
0.285786867142, 0.357938438654, 0.574409425259, 1.44103372097, 5.0, 1.66574144363, 1.01120269299, 0.741992950439, 0.193631015993, 0.0
0.284350037575, 0.356216877699, 0.572443664074, 1.43576550484, 5.0, 1.66871225834, 1.01308226585, 0.743121385574, 0.196614057597, 0.0
0.282930672169, 0.354494690895, 0.570009171963, 1.43047988415, 5.0, 1.67168700695, 1.01502633095, 0.744583427906, 0.270900641574, 0.0727611940299
0.281465649605, 0.352732092142, 0.567521512508, 1.42526054382, 5.0, 1.67454779148, 1.01687240601, 0.74599146843, 0.275144720632, 0.0
0.280066668987, 0.35138297081, 0.565118312836, 1.42005085945, 5.0, 1.67746424675, 1.01837313175, 0.747414171696, 0.204554533294, -0.0727611940299
0.27864587307, 0.349668353796, 0.562691092491, 1.41587865353, 5.0, 1.68036818504, 1.02024626732, 0.748840093613, 0.207852510446, 0.0
0.277219742537, 0.347943723202, 0.560275316238, 1.41072595119, 5.0, 1.68329882622, 1.02213478088, 0.750263690948, 0.211256963175, 0.0
0.27578702569, 0.346211820841, 0.55782520771, 1.40544652939, 5.0, 1.68622744083, 1.02402687073, 0.751694023609, 0.214773049562, 0.0
0.274647533894, 0.344478875399, 0.555359244347, 1.40013170242, 5.0, 1.68857192993, 1.02590954304, 0.753122270107, 0.217669972954, 2.22044604925e-16
0.27321895957, 0.342771589756, 0.552996397018, 1.39520776272, 5.0, 1.69133889675, 1.02773976326, 0.754542171955, 0.221401077759, 0.0
0.271796375513, 0.341072499752, 0.551077485085, 1.39013051987, 5.0, 1.6941422224, 1.02959477901, 0.755679309368, 0.225260116671, 0.0
0.270371675491, 0.339343070984, 0.548628330231, 1.38487410545, 5.0, 1.69708406925, 1.03145861626, 0.75709438324, 0.228954492688, -0.00029104477612
0.268966674805, 0.337627261877, 0.546203494072, 1.3797621727, 5.0, 1.69998955727, 1.03334915638, 0.758523643017, 0.235632854909, 0.0
0.267533451319, 0.336254239082, 0.544353663921, 1.37762081623, 5.0, 1.65507888794, 1.01916587353, 0.756918489933, 0.237362612624, 0.0
0.270224303007, 0.352428674698, 0.6081366539, 1.77775323391, 3.81681919098, 1.4487413168, 0.951051473618, 0.752067804337, 0.174101773667, -0.0640298507463
0.273880392313, 0.383507192135, 0.694779574871, 2.54656529427, 3.11978125572, 1.37121200562, 0.923581838608, 0.750022888184, 0.132785881893, -0.0419104477612
0.276794135571, 0.38977047801, 0.701715409756, 2.59828257561, 3.11534643173, 1.36941826344, 0.921920835972, 0.748341441154, 0.122782562856, -0.0128059701493
0.278128176928, 0.39183396101, 0.704074978828, 2.60376310349, 3.11209654808, 1.36754894257, 0.920105755329, 0.747062087059, 0.124962552113, 0.000291044776119
0.279718607664, 0.393892079592, 0.707848370075, 2.61295485497, 3.10687327385, 1.36498034, 0.918255388737, 0.745210051537, 0.127418554988, 0.0
0.281253755093, 0.395918786526, 0.710372209549, 2.62294507027, 3.10119557381, 1.36235404015, 0.916409313679, 0.743987977505, 0.129676228089, -0.000291044776119
0.282776832581, 0.397938758135, 0.713523745537, 2.632802248, 3.09582328796, 1.35979425907, 0.914576768875, 0.742467522621, 0.132327881818, 0.0
0.284302860498, 0.399972617626, 0.716706633568, 2.64296317101, 3.09129405022, 1.35716843605, 0.912737369537, 0.740946471691, 0.135089568682, 0.0
0.285821557045, 0.401989907026, 0.719869375229, 2.65097904205, 3.08570957184, 1.35458862782, 0.910901129246, 0.739431262016, 0.137968237821, 0.0
0.287340968847, 0.403617620468, 0.723054230213, 2.66114664078, 3.08004713058, 1.35196101665, 0.909418582916, 0.737905323505, 0.14097143205, 0.0
0.288863420486, 0.405645042658, 0.726239144802, 2.67139005661, 3.07436609268, 1.34935164452, 0.907576978207, 0.736379802227, 0.144107352159, 0.0
0.290085285902, 0.407675981522, 0.729419767857, 2.68153190613, 3.06873989105, 1.34674406052, 0.905730962753, 0.734855413437, 0.146717626274, 0.0
0.291609913111, 0.409708321095, 0.732587099075, 2.69148564339, 3.06317210197, 1.34465456009, 0.903886377811, 0.733328521252, 0.150115503983, 0.0
0.293135911226, 0.411734700203, 0.735123753548, 2.70155525208, 3.05754256248, 1.34205091, 0.902043998241, 0.732115983963, 0.153673228231, 0.0
0.294652402401, 0.413755536079, 0.7383030653, 2.71203804016, 3.05284452438, 1.33941471577, 0.900204062462, 0.730299532413, 0.228276126906, 0.0727611940299
0.29616767168, 0.415377408266, 0.741480946541, 2.72225594521, 3.04716134071, 1.33680343628, 0.898358047009, 0.729082942009, 0.233854332745, 2.22044604925e-16
0.297687917948, 0.417403101921, 0.744664847851, 2.73248195648, 3.04147028923, 1.33417713642, 0.896508395672, 0.727556526661, 0.239706620654, 2.22044604925e-16
0.299211859703, 0.419434309006, 0.747843027115, 2.74256253242, 3.0358710289, 1.33160603046, 0.89467549324, 0.726037025452, 0.245853267557, 2.22044604925e-16
0.300729990005, 0.42145511508, 0.75101852417, 2.75259542465, 3.03029465675, 1.32897913456, 0.893200337887, 0.724514484406, 0.176282659563, -0.0727611940299
0.302254259586, 0.423478513956, 0.754156410694, 2.76043391228, 3.02482652664, 1.32638645172, 0.891366124153, 0.722993671894, 0.181002416798, 0.0
0.30378061533, 0.42551228404, 0.757361829281, 2.77091312408, 3.01892757416, 1.32374429703, 0.889511883259, 0.721471488476, 0.185978859655, 0.0
0.30499753356, 0.427549809217, 0.760558545589, 2.7812128067, 3.01330018044, 1.32113432884, 0.887669205666, 0.719946265221, 0.190159035076, 2.22044604925e-16
0.306522578001, 0.429577678442, 0.763736486435, 2.79143357277, 3.00740885735, 1.31899917126, 0.885805428028, 0.71842455864, 0.195652669588, -2.22044604925e-16
0.308045566082, 0.431614458561, 0.766297519207, 2.79970765114, 3.00308299065, 1.316437006, 0.883979976177, 0.717200577259, 0.201468735276, 0.0
0.309576064348, 0.43363943696, 0.769448757172, 2.81140089035, 2.99762582779, 1.31383395195, 0.882137954235, 0.715671122074, 0.207636045856, 0.0
0.311103314161, 0.435665339231, 0.772603571415, 2.82125210762, 2.99216008186, 1.3112475872, 0.880295038223, 0.714143633842, 0.214186895953, 0.0
0.312632322311, 0.437692373991, 0.775764703751, 2.83098959923, 2.98675847054, 1.30868256092, 0.878460526466, 0.712615549564, 0.221157593103, 0.0
0.314158141613, 0.439312815666, 0.778939664364, 2.83914446831, 2.98106718063, 1.30605232716, 0.876979470253, 0.711087286472, 0.228864777427, 0.000291044776119
0.315687477589, 0.441361963749, 0.782185852528, 2.85190153122, 2.97513818741, 1.30390286446, 0.875116467476, 0.709565103054, 0.236812262481, 0.0
0.31690505147, 0.443398505449, 0.78537529707, 2.8603181839, 2.96927905083, 1.30125260353, 0.873260200024, 0.708043575287, 0.243262506285, -0.000291044776119
0.318427950144, 0.445437341928, 0.788572788239, 2.87067008018, 2.96360301971, 1.2986330986, 0.871410548687, 0.706516027451, 0.252249614826, -2.22044604925e-16
0.319955796003, 0.447475135326, 0.791134357452, 2.88102674484, 2.95897221565, 1.29600465298, 0.869549453259, 0.705291092396, 0.261910427907, 0.0
0.321484237909, 0.449505418539, 0.794307410717, 2.8908624649, 2.95351338387, 1.2934191227, 0.867723405361, 0.70376843214, 0.272321626673, 0.0
0.323006272316, 0.451115548611, 0.797455430031, 2.89880275726, 2.94791221619, 1.29078757763, 0.865868151188, 0.702241420746, 0.283571626154, 0.0
0.32453840971, 0.453573077917, 0.800678253174, 2.91142749786, 2.94210791588, 1.28815257549, 0.864007890224, 0.700710058212, 0.295762825519, 0.0
0.326069772243, 0.455619007349, 0.803893983364, 2.91975951195, 2.93630814552, 1.28551185131, 0.862521529198, 0.699181139469, 0, 0.0
0.327597945929, 0.457248747349, 0.807084679604, 2.93184185028, 2.93078875542, 1.28291761875, 0.860681116581, 0.697653472424, 0, 0.0
0.329125076532, 0.459268003702, 0.810219049454, 2.93955469131, 2.92546844482, 1.28035736084, 0.858851194382, 0.696122944355, 0, 0.0
0.330655813217, 0.46129822731, 0.81339019537, 2.9494600296, 2.91987609863, 1.27773272991, 0.856999874115, 0.694597661495, 0, 0.0
0.331875234842, 0.463333278894, 0.816574513912, 2.95962834358, 2.91422939301, 1.27564930916, 0.855153501034, 0.69337117672, 0, -4.4408920985e-16
0.333407074213, 0.46496117115, 0.819124042988, 2.96980333328, 2.90972137451, 1.27300965786, 0.853662908077, 0.691838562489, 0, 0.0727611940299
0.334938615561, 0.46700361371, 0.822314977646, 2.97788691521, 2.90523910522, 1.2714625597, 0.852562785149, 0.690922498703, 0, 0.0
0.33616912365, 0.468643575907, 0.824910283089, 2.98824167252, 2.89828705788, 1.26827800274, 0.849945247173, 0.689076840878, 0, -2.22044604925e-16
0.337705314159, 0.47069889307, 0.828139603138, 2.9969689846, 2.89349007607, 1.26558375359, 0.848443031311, 0.687545239925, 0, 2.22044604925e-16
0.339239358902, 0.472759485245, 0.831396996975, 3.00980639458, 2.88759160042, 1.26291823387, 0.846574544907, 0.68600910902, 0, -0.0727611940299
0.340773582458, 0.474802166224, 0.83460277319, 3.01810789108, 2.88192272186, 1.26030409336, 0.844722151756, 0.684475421906, 0, 0.0
0.342307925224, 0.476842194796, 0.83777987957, 3.02807188034, 2.87647891045, 1.25773477554, 0.842887639999, 0.682944059372, 0, 0.0
0.343531578779, 0.478858858347, 0.840910434723, 3.03752613068, 2.87091946602, 1.2556374073, 0.841033816338, 0.681413948536, 0, 0.0
0.345371305943, 0.480908662081, 0.844126105309, 3.04797267914, 2.86539149284, 1.25303721428, 0.839192032814, 0.679879963398, 0, -0.00029104477612
0.346596091986, 0.482938498259, 0.847311615944, 3.05805897713, 2.85959649086, 1.25038862228, 0.837326824665, 0.678349018097, 0, 2.22044604925e-16
0.348128169775, 0.484994709492, 0.849894046783, 3.06864118576, 2.85374045372, 1.24772787094, 0.835457324982, 0.677123010159, 0, 0.000291044776119
0.349662929773, 0.487053573132, 0.853145480156, 3.07946443558, 2.84903144836, 1.24506759644, 0.833591043949, 0.675589680672, 0, 0.0
0.351495534182, 0.488887697458, 0.856039226055, 3.05339026451, 2.85813236237, 1.24282097816, 0.829707562923, 0.670859098434, 0, 0.0
0.355686962605, 0.493390232325, 0.86119556427, 3.0724811554, 2.84304523468, 1.2392334938, 0.829482734203, 0.671815216541, 0, 0.000291044776119
0.354407429695, 0.492667138577, 0.861240267754, 3.09450054169, 2.83949422836, 1.23919451237, 0.829416930676, 0.671520411968, 0, -0.000291044776119
0.3552313447, 0.493776917458, 0.86374437809, 3.10163474083, 2.83423638344, 1.23659622669, 0.827585637569, 0.670018076897, 0, 0.0
0.356740444899, 0.495790481567, 0.866902887821, 3.11185836792, 2.82856678963, 1.23402345181, 0.825770318508, 0.668519437313, 0, 0.0
0.357935249805, 0.497772872448, 0.869971513748, 3.1210963726, 2.82336521149, 1.23199915886, 0.823955416679, 0.667003691196, 0, 0.0
0.359450757504, 0.499791830778, 0.872502267361, 3.13118648529, 2.81781101227, 1.22941112518, 0.82212215662, 0.665492773056, 0, 0.0
0.360961377621, 0.501784980297, 0.87622910738, 3.1407968998, 2.81348872185, 1.22685873508, 0.820313811302, 0.664293885231, 0, 0.0
0.362461477518, 0.503787994385, 0.878748118877, 3.13428211212, 2.80791735649, 1.22428679466, 0.818500101566, 0.662788331509, 0, 0.0
