1.16754758358, 1.49221169949, 3.38265752792, 3.00019574165, 2.99629211426, 1.18655610085, 0.749547362328, 0.576355695724, -1.15438692745, -0.000237112089524
1.16755247116, 1.49275815487, 3.35446429253, 2.9754178524, 2.97691202164, 1.18475449085, 0.748742938042, 0.576233923435, -1.15730282123, -2.5890747879e-16
1.16767156124, 1.49421477318, 3.32451558113, 2.95534348488, 2.95311951637, 1.1812005043, 0.747877657413, 0.576337695122, -1.1609582057, 0.0
1.16756021976, 1.49597787857, 3.29491305351, 2.92544770241, 2.92906737328, 1.1800173521, 0.747507870197, 0.576287269592, -1.16462523692, 0.0
1.16760981083, 1.49644696712, 3.26654338837, 2.90554428101, 2.90458321571, 1.1791216135, 0.747268021107, 0.576434910297, -1.16830387153, 0.0
1.16743981838, 1.49707520008, 3.23764872551, 2.88058304787, 2.88031721115, 1.17744588852, 0.746735274792, 0.576487541199, -1.17125510356, 0.0
1.1673797369, 1.49824440479, 3.21442270279, 2.85573506355, 2.86095881462, 1.17622411251, 0.746346831322, 0.576370120049, -1.17495451018, 0.0
1.1674939394, 1.498711586, 3.18106555939, 2.83112049103, 2.83153223991, 1.17573571205, 0.74610054493, 0.576218426228, -1.17866539066, 2.5890747879e-16
1.16764354706, 1.49903559685, 3.15905570984, 2.80661129951, 2.80701756477, 1.17532896996, 0.745858609676, 0.576084971428, -1.18238769579, -5.17814957579e-16
1.16781246662, 1.49927008152, 3.13169169426, 2.78208017349, 2.78735542297, 1.17504549026, 0.745655953884, 0.575915515423, -1.18612137479, 0.0
1.16797363758, 1.49943363667, 3.10431718826, 2.7624669075, 2.76280283928, 1.17471170425, 0.74544018507, 0.575756072998, -1.1901499188, -0.000291044776119
1.16813957691, 1.49965727329, 3.07691836357, 2.73303556442, 2.73825383186, 1.1743530035, 0.7452647686, 0.575596630573, -1.19390659795, 0.0
1.16830396652, 1.49988329411, 3.04954600334, 2.71341967583, 2.71367669106, 1.17413663864, 0.745090246201, 0.575434207916, -1.19767448224, 0.0
1.16846811771, 1.5000731945, 3.02217650414, 2.68889713287, 2.68913865089, 1.17372071743, 0.744843304157, 0.575253903866, -1.2011549008, 0.00029104477612
1.16860938072, 1.50034487247, 2.99476361275, 2.66438937187, 2.66459727287, 1.17343127728, 0.744619846344, 0.575089216232, -1.20418575682, -4.06575814682e-19
1.16877245903, 1.5005427599, 2.96737933159, 2.63987135887, 2.64004850388, 1.17313218117, 0.744428515434, 0.574943959713, -1.20798426647, -4.06575814682e-19
1.16891741753, 1.50075685978, 2.94547390938, 2.61535930634, 2.61550235748, 1.17277729511, 0.744220137596, 0.574815034866, -1.21179376247, 0.0
1.16909301281, 1.5009791851, 2.91811323166, 2.59083747864, 2.59584307671, 1.17249298096, 0.743994951248, 0.574637651443, -1.21561418153, 0.0
1.16925549507, 1.50124275684, 2.89069843292, 2.5712211132, 2.57131385803, 1.17215049267, 0.743776023388, 0.574476122856, -1.21944545868, 0.0
1.16942358017, 1.50148057938, 2.86328792572, 2.54178547859, 2.54675245285, 1.17177951336, 0.743529379368, 0.574299633503, -1.22328752734, 0.0
1.16959357262, 1.50167381763, 2.83586406708, 2.52216053009, 2.5222120285, 1.17134320736, 0.743282079697, 0.574124157429, -1.22714031924, 0.0
1.1697729826, 1.50194942951, 2.80844330788, 2.49763417244, 2.49764442444, 1.17096304893, 0.74309772253, 0.573952496052, -1.23100376449, 0.0
1.16994178295, 1.50221431255, 2.78105378151, 2.47311544418, 2.47310256958, 1.17055559158, 0.74285030365, 0.573781490326, -1.23487779153, 0.0
1.17007875443, 1.5024626255, 2.75362253189, 2.44858002663, 2.44856190681, 1.17019438744, 0.74261701107, 0.573597371578, -1.23798458289, -4.06575814682e-19
1.17026233673, 1.5027115345, 2.72622132301, 2.42405533791, 2.42401432991, 1.16990482807, 0.742381572723, 0.573428750038, -1.2418774715, -4.06575814682e-19
1.17043066025, 1.50292432308, 2.69888305664, 2.39954566956, 2.39943552017, 1.16962218285, 0.742189824581, 0.573296070099, -1.24606396033, -0.00029104477612
1.17060434818, 1.50314712524, 2.67699313164, 2.3750243187, 2.37978744507, 1.1692442894, 0.741930305958, 0.573104977608, -1.24606396033, 0.0
1.17077970505, 1.50340795517, 2.64956665039, 2.35049629211, 2.35522580147, 1.16891372204, 0.741728782654, 0.572946548462, -1.24997787482, 0.0
1.17094886303, 1.50357997417, 2.62218475342, 2.33086967468, 2.33065581322, 1.16859388351, 0.741519868374, 0.572782099247, -1.25390199658, 0.0
1.17111361027, 1.50379824638, 2.59479951859, 2.30144476891, 2.30609583855, 1.16828489304, 0.741346418858, 0.572593986988, -1.25783624427, 0.0
1.17128062248, 1.50400412083, 2.56743192673, 2.28182578087, 2.28151512146, 1.16801178455, 0.741135239601, 0.572424352169, -1.26178053485, 0.0
1.17148196697, 1.50421726704, 2.54008150101, 2.25730013847, 2.25697851181, 1.1675965786, 0.740881860256, 0.57225638628, -1.26573478366, 0.0
1.17163848877, 1.50447869301, 2.5126991272, 2.23280477524, 2.23242592812, 1.16733443737, 0.740677058697, 0.572100639343, -1.2693999215, 0.000291044776119
1.17175829411, 3.31492424011, 2.49075865746, 2.20828461647, 2.20788264275, 1.16695344448, 0.740438997746, 0.571930646896, -1.2725779666, -5.17814957579e-16
1.17192816734, 3.27897572517, 2.46335911751, 2.18374276161, 2.18332386017, 1.16660606861, 0.740236580372, 0.571753263474, -1.27655926623, 0.0
1.17210507393, 3.24310231209, 2.43598818779, 2.15922856331, 2.15875887871, 1.16627991199, 0.739984631538, 0.571580648422, -1.28055019566, 0.0
1.1722779274, 3.20701622963, 2.4085419178, 2.13469672203, 2.13913083076, 1.16580736637, 0.739739656448, 0.571444809437, -1.28455066225, 0.0
1.17245185375, 3.17112255096, 2.38115978241, 2.11016702652, 2.11456227303, 1.16549992561, 0.739520728588, 0.571269750595, -1.28856057175, 0.0
1.17261517048, 3.14238762856, 2.3537607193, 2.08565092087, 2.09000611305, 1.16510510445, 0.739258110523, 0.571072041988, -1.29257982822, 5.77337656849e-18
1.17281758785, 3.09927201271, 2.32637929916, 2.06112456322, 2.06545829773, 1.16463923454, 0.738985002041, 0.570891857147, -1.29660833407, 5.77337656849e-18
1.17299711704, 3.0703856945, 2.29897117615, 2.04151892662, 2.04091715813, 1.16436564922, 0.73884677887, 0.57072776556, -1.30064599005, 5.77337656849e-18
1.17316818237, 3.03466010094, 2.27165341377, 2.01701188087, 2.01634812355, 1.16402578354, 0.738615989685, 0.570538640022, -1.30469269529, 5.77337656849e-18
1.17334258556, 2.99883317947, 2.24426484108, 1.99248862267, 1.99179935455, 1.16376161575, 0.738396346569, 0.570369303226, -1.30903127164, -0.000291044776119
1.1734880209, 2.962870121, 2.21686387062, 1.96796894073, 1.96724140644, 1.16334748268, 0.738147675991, 0.570185244083, -1.31228240142, -5.17814957579e-16
1.17367112637, 2.92694401741, 2.18948841095, 1.9434543848, 1.94267833233, 1.16298234463, 0.737909257412, 0.570011675358, -1.31635418167, 0.0
1.17384469509, 2.89109683037, 2.16760110855, 1.91894245148, 1.91815268993, 1.16255509853, 0.73764950037, 0.569847881794, -1.32043460408, 0.0
1.17400825024, 2.85499167442, 2.14014625549, 1.8944246769, 1.8985222578, 1.16215312481, 0.737404406071, 0.569689869881, -1.32452355989, 0.0
1.17419075966, 2.81915569305, 2.1127948761, 1.86991465092, 1.87396073341, 1.16186022758, 0.737186610699, 0.569514811039, -1.32862093874, 0.0
1.17437934875, 2.79044079781, 2.08541202545, 1.85029006004, 1.84941601753, 1.16143870354, 0.736933529377, 0.569330215454, -1.33272662869, 0.0
1.17456483841, 2.75448060036, 2.05801200867, 1.82086002827, 1.82483172417, 1.16118371487, 0.736795425415, 0.569166064262, -1.33684051622, 0.0
1.17473959923, 2.71873927116, 2.03067374229, 1.8012547493, 1.80028176308, 1.16080784798, 0.736508607864, 0.568986356258, -1.34066318973, 0.000291044776119
1.17490160465, 2.68275380135, 2.00326776505, 1.77672052383, 1.77572035789, 1.16042280197, 0.736303210258, 0.568797469139, -1.34066318973, 0.0
1.17508077621, 2.64683961868, 1.97588300705, 1.75219964981, 1.75116086006, 1.16002750397, 0.736057341099, 0.568606615067, -1.34479283334, 0.0
1.1752487421, 2.61109566689, 1.94854581356, 1.72769081593, 1.72659468651, 1.15975642204, 0.735843598843, 0.568435907364, -1.34810221124, 0.0
1.17541897297, 2.57516026497, 1.92665100098, 1.70317661762, 1.70203769207, 1.15935242176, 0.735577464104, 0.568247139454, -1.35224591205, 0.0
1.17560660839, 2.54647731781, 1.89927756786, 1.67867481709, 1.67750072479, 1.15905690193, 0.735374450684, 0.568114936352, -1.35639725384, 0.0
1.17577445507, 2.50352501869, 1.87194824219, 1.65415346622, 1.65782284737, 1.15875673294, 0.735128045082, 0.567916154861, -1.36055611428, 0.0
1.17597258091, 2.47478866577, 1.84456443787, 1.62962055206, 1.63325428963, 1.15834510326, 0.734880566597, 0.567734956741, -1.36472236956, 0.0
1.17616724968, 2.43893241882, 1.81719613075, 1.61001110077, 1.60869550705, 1.15797472, 0.734689354897, 0.567546308041, -1.36889589442, 2.5890747879e-16
1.17630815506, 2.40300321579, 1.78980112076, 1.58059263229, 1.5841435194, 1.15762460232, 0.73446726799, 0.567380547523, -1.37223986328, 0.0
1.17651069164, 2.36711359024, 1.76243698597, 1.56098794937, 1.5645159483, 1.15733468533, 0.73424333334, 0.567208588123, -1.37726424451, 0.0
1.17664551735, 2.33131957054, 1.73508238792, 1.53647065163, 1.53504240513, 1.15695679188, 0.734002053738, 0.567022621632, -1.38090200553, -0.00029104477612
1.17683184147, 2.29547715187, 1.71320176125, 1.51194882393, 1.51046299934, 1.15661478043, 0.733742713928, 0.566812872887, -1.38510220348, 0.0
1.17704153061, 2.25963592529, 1.68584549427, 1.48744547367, 1.48591387272, 1.15630197525, 0.733515679836, 0.566678106785, -1.38930904014, 0.0
1.17721307278, 2.22366571426, 1.65843522549, 1.46290838718, 1.46625900269, 1.15586817265, 0.733277380466, 0.566496193409, -1.393522382, -4.98732999343e-18
1.17739534378, 2.18776011467, 1.63104653358, 1.43838334084, 1.44169521332, 1.15544736385, 0.732998073101, 0.566294491291, -1.39774209424, -4.98732999343e-18
1.17760956287, 2.15907692909, 1.60369300842, 1.41878163815, 1.417137146, 1.1550784111, 0.732807040215, 0.566092669964, -1.4019680407, -4.98732999343e-18
1.17779552937, 2.12318515778, 1.57630300522, 1.39424848557, 1.39257085323, 1.15468990803, 0.732549011707, 0.565906047821, -1.40590056924, 0.000291044776119
1.17794632912, 2.08736276627, 1.54896616936, 1.36974668503, 1.36799585819, 1.15438258648, 0.732318103313, 0.565705418587, -1.40929033021, 5.17814957579e-16
1.17818212509, 2.05165243149, 1.52162742615, 1.34523141384, 1.34343492985, 1.15410029888, 0.732089281082, 0.565501093864, -1.41438197723, -5.1700180595e-16
1.17835247517, 2.01585412025, 1.49976968765, 1.32072627544, 1.32377910614, 1.1537913084, 0.731849372387, 0.565322756767, -1.41778097367, 5.17814957579e-16
1.17853164673, 1.98004257679, 1.47242367268, 1.29621124268, 1.29429554939, 1.15347898006, 0.731625556946, 0.565138757229, -1.42203472703, 0.0
1.17871510983, 1.94411814213, 1.44502556324, 1.27167856693, 1.27464711666, 1.15305876732, 0.731367170811, 0.564982175827, -1.42629391086, 0.0
1.17891407013, 1.90832340717, 1.41768586636, 1.24716484547, 1.24516558647, 1.15274643898, 0.731140851974, 0.564795434475, -1.43055838074, 0.0
1.17908108234, 1.87961518764, 1.39031302929, 1.22755229473, 1.22550880909, 1.15239548683, 0.730894863605, 0.564600169659, -1.43482799114, 0.0
1.17908918858, 1.84379577637, 1.36294925213, 1.19812262058, 1.20093679428, 1.15206551552, 0.730671286583, 0.564416587353, -1.4391025954, -4.06575814682e-19
1.54887247086, 1.80795061588, 1.33559179306, 1.17851042747, 1.1763561964, 1.15169239044, 0.730474233627, 0.564226567745, -1.44338204582, -4.06575814682e-19
2.28984332085, 1.77204632759, 1.30818116665, 1.15396904945, 1.15179622173, 1.15131139755, 0.730227172375, 0.56403529644, -1.44338204582, 0.0
2.88026952744, 1.73622906208, 1.28081524372, 1.12945055962, 1.12722706795, 1.15089178085, 0.729963064194, 0.563841640949, -1.44709146917, -0.000291044776119
3.62402153015, 1.70033109188, 1.25893592834, 1.10493755341, 1.10266637802, 1.15059351921, 0.729733705521, 0.563653171062, -1.45137940811, 0.0
5.0, 1.66449034214, 1.23156797886, 1.08042311668, 1.07808089256, 1.15030062199, 0.729496896267, 0.563461065292, -1.45567176385, 0.0
5.0, 1.62867105007, 1.20421338081, 1.05590069294, 1.05350852013, 1.149985075, 0.729275107384, 0.563309371471, -1.45996838483, 0.0
5.0, 1.59284174442, 1.17685103416, 1.03627490997, 1.03386425972, 1.14962172508, 0.729030907154, 0.563121140003, -1.46426911853, 0.0
5.0, 1.56415212154, 1.14949953556, 1.00685417652, 1.00929522514, 1.14890027046, 0.728819727898, 0.562922179699, -1.46857381154, 0.0
5.0, 1.52831792831, 1.12212228775, 0.987245440483, 0.9847407341, 1.12132775784, 0.728558719158, 0.562723994255, -1.47288230959, -2.5890747879e-16
5.0, 1.49247026443, 1.09476804733, 0.957828044891, 0.960168361664, 1.09375524521, 0.728328466415, 0.562528848648, -1.47719445755, 0.0
5.0, 1.45666730404, 1.06742405891, 0.938218593597, 0.935602605343, 1.0661636591, 0.728103280067, 0.562347114086, -1.4806466991, 0.0
5.0, 1.42085075378, 1.04006373882, 0.913700759411, 0.911033689976, 1.03858935833, 0.72786295414, 0.562157034874, -1.48582907874, 0.0
5.0, 1.38499963284, 1.01817822456, 0.889181613922, 0.886474430561, 1.0165399313, 0.727631092072, 0.562008917332, -1.48928655922, 0.0
5.0, 1.34923493862, 0.990848183632, 0.864677429199, 0.86190199852, 0.988945245743, 0.727415084839, 0.56178933382, -1.49361114837, 0.0
5.0, 1.32052409649, 0.963469445705, 0.840161800385, 0.842260539532, 0.961392402649, 0.727178096771, 0.561641395092, -1.49763892978, 0.00029104477612
5.0, 1.28469955921, 0.93611997366, 0.815645456314, 0.817689538002, 0.933809638023, 0.726977527142, 0.561450242996, -1.50196905699, 4.96022493912e-18
5.0, 1.24172246456, 0.908773183823, 0.796039283276, 0.793124377728, 0.906225025654, 0.726769387722, 0.561361968517, -1.50716860989, 4.74338450462e-18
5.0, 1.22902536392, 0.900396585464, 0.784500956535, 0.778578996658, 0.87573325634, 0.759956359863, 0.565243065357, -1.50142966956, 0.00814925373134
5.0, 1.3424654007, 0.945783376694, 0.794454932213, 0.771859526634, 0.841520011425, 0.824328839779, 0.57277405262, -1.43224770514, 0.0692686567164
2.40866112709, 1.4990259409, 1.00236868858, 0.811914801598, 0.770218729973, 0.814414680004, 0.904338657856, 0.58439040184, -1.35918690275, 0.073052238806
1.79103541374, 1.70339083672, 1.07154095173, 0.835415542126, 0.769218146801, 0.797759652138, 0.950053095818, 0.60008341074, -1.3009779922, 0.0582089552239
1.35134232044, 1.97554898262, 1.13854837418, 0.865714609623, 0.772908389568, 0.781769514084, 0.900934457779, 0.620566666126, -1.2284995398, 0.0724701492537
1.23593246937, 2.36165809631, 1.24116408825, 0.904290854931, 0.779728531837, 0.771267056465, 0.860917985439, 0.640664935112, -1.11208177541, 0.116417910448
1.25363636017, 2.88771295547, 1.35616886616, 0.933723509312, 0.77838742733, 0.755499720573, 0.82869809866, 0.662980973721, -1.0839022317, 0.0285223880597
1.25293040276, 2.87384700775, 1.3330321312, 0.907399892807, 0.759966015816, 0.733585178852, 0.805895984173, 0.670839428902, -1.07221459059, 0.0151343283582
1.24053108692, 2.77896118164, 1.29244089127, 0.880047261715, 0.737015366554, 0.711576998234, 0.782338678837, 0.681476652622, -1.07604519645, 0.0
1.22919940948, 2.71582865715, 1.25515282154, 0.858857452869, 0.714320600033, 0.689419567585, 0.76317435503, 0.692384064198, -1.07989170089, 0.0
1.22439229488, 2.64114713669, 1.21871876717, 0.832603871822, 0.693412065506, 0.673308432102, 0.741787910461, 0.706171274185, -1.08375408855, 0.0
1.2286696434, 2.89674711227, 1.29557991028, 0.856100916862, 0.703680157661, 0.6694688797, 0.717350423336, 0.741627395153, -1.05387070035, 0.0314328358209
1.26441335678, 3.98085331917, 1.47123038769, 0.913764894009, 0.724093794823, 0.668481469154, 0.696910202503, 0.785375475883, -0.995661843318, 0.0582089552239
1.31978213787, 5.0, 1.65380454063, 0.985180675983, 0.750678777695, 0.670460283756, 0.681984364986, 0.826854348183, -0.922602384813, 0.073052238806
1.38871467113, 5.0, 2.03545737267, 1.07384848595, 0.776899218559, 0.677132546902, 0.672094523907, 0.888579547405, -0.849841340232, 0.0727611940299
1.47422254086, 5.0, 2.40705704689, 1.18563997746, 0.826142191887, 0.688705503941, 0.666992068291, 0.922634243965, -0.768981584203, 0.0800373134328
1.57899677753, 2.86582636833, 3.06531524658, 1.29454088211, 0.851456880569, 0.690363526344, 0.657603859901, 0.877095580101, -0.740678580593, 0.0285223880597
1.5898014307, 2.81721973419, 3.1044549942, 1.26801013947, 0.832185745239, 0.673116087914, 0.637926399708, 0.856654703617, -0.726715782722, 0.0165895522388
1.56244921684, 2.90187239647, 3.03101634979, 1.23847615719, 0.811942815781, 0.65614515543, 0.624910950661, 0.835649549961, -0.729644537518, 0.0
1.53630542755, 2.99621868134, 2.96478509903, 1.21533083916, 0.791895270348, 0.64261341095, 0.608634293079, 0.814464151859, -0.732877730983, -0.00029104477612
1.51562523842, 3.08946466446, 2.89948749542, 1.18073117733, 0.771848201752, 0.622295200825, 0.592311620712, 0.793248176575, -0.737636617452, 0.0
1.48978340626, 3.1635890007, 2.91659045219, 1.17541086674, 0.770800888538, 0.622597694397, 0.586317121983, 0.759319901466, -0.738235007916, 2.22044604925e-16
1.55843782425, 2.36270070076, 5.0, 1.32523655891, 0.825484633446, 0.63840341568, 0.585942864418, 0.716516375542, -0.689308672923, 0.0494776119403
1.7093077898, 1.77349197865, 5.0, 1.54433572292, 0.879714906216, 0.663494050503, 0.589601695538, 0.688622295856, -0.616547574148, 0.0727611940299
1.90320694447, 1.41471230984, 5.0, 1.85147070885, 0.96220433712, 0.695007264614, 0.597454249859, 0.660480737686, -0.543786480416, 0.0727611940299
2.15809082985, 1.17421793938, 5.0, 2.31042098999, 1.09024477005, 0.73411232233, 0.609732806683, 0.638641059399, -0.471025391199, 0.0727611940299
2.50493431091, 1.14296483994, 3.11031198502, 3.06430625916, 1.19973146915, 0.782366573811, 0.626806735992, 0.622322618961, -0.340109923213, 0.130916216567
2.99888563156, 1.17612981796, 2.17515897751, 5.0, 1.37532043457, 0.841943562031, 0.644281864166, 0.610978424549, -0.296398791995, 0.0437106491045
3.75177955627, 1.23594498634, 1.66273415089, 5.0, 1.6141602993, 0.915876626968, 0.671485304832, 0.604189872742, -0.209085498325, 0.0873134328358
5.0, 1.30986869335, 1.3407497406, 5.0, 1.95469844341, 1.00843441486, 0.705487370491, 0.601706385612, -0.13637857924, 0.0727072613433
5.0, 1.40110731125, 1.13768041134, 5.0, 2.4742000103, 1.10004007816, 0.747528791428, 0.603398382664, -0.0781155623231, 0.0582628879105
5.0, 1.51444041729, 1.13657975197, 2.81086039543, 3.35586762428, 1.24436342716, 0.799279391766, 0.608037352562, 0.00919772686448, 0.0873134328358
5.0, 1.65699410439, 1.18422758579, 2.02571702003, 5.0, 1.43571400642, 0.864311814308, 0.614416718483, 0.0383021565651, 0.0291044776119
5.0, 1.79948616028, 1.2266882658, 1.68113636971, 5.0, 1.55920898914, 0.887891471386, 0.617997407913, 0.0947954571358, 0.0564626865672
5.0, 1.76304745674, 1.19703996181, 1.67441499233, 5.0, 1.56408524513, 0.891663610935, 0.620921015739, 0.101978587567, 0.00669402985075
5.0, 1.72057759762, 1.16739428043, 1.66839587688, 5.0, 1.5686621666, 0.895106375217, 0.623574852943, 0.102344579499, -4.4408920985e-16
5.0, 1.67872345448, 1.14383769035, 1.66147983074, 5.0, 1.57378542423, 0.898572802544, 0.626226484776, 0.10280576723, 0.0
5.0, 1.63734555244, 1.11456978321, 1.65347099304, 5.0, 1.5797495842, 0.90223300457, 0.628346562386, 0.103271115356, 0.0
5.0, 1.59629011154, 1.08544588089, 1.64532077312, 5.0, 1.58566403389, 0.905887782574, 0.6309877038, 0.103740680222, 0.0
5.0, 1.56336021423, 1.05623972416, 1.63871014118, 5.0, 1.59161257744, 0.908795833588, 0.63362467289, 0.104214519194, 0.0
5.0, 1.5223082304, 1.02708649635, 1.63045072556, 5.0, 1.59763753414, 0.913204729557, 0.636287510395, 0.10469269068, 0.0
5.0, 1.48121082783, 0.997934877872, 1.62218415737, 5.0, 1.60354626179, 0.91611123085, 0.638924717903, 0.105175254153, 0.0
5.0, 1.4401320219, 0.968831002712, 1.61387455463, 5.0, 1.60953164101, 0.919761359692, 0.641559720039, 0.105662270173, 0.0
5.0, 1.39896976948, 0.939592003822, 1.60564601421, 5.0, 1.61438953876, 0.92343044281, 0.644206225872, 0.106055130231, 4.4408920985e-16
5.0, 1.35795676708, 0.916300594807, 1.59731519222, 5.0, 1.62036299706, 0.927082002163, 0.646835565567, 0.106550317025, 0.0
5.0, 1.31692790985, 0.887189269066, 1.58899247646, 5.0, 1.62634313107, 0.93075376749, 0.648956656456, 0.179268666867, 0.0724701492537
5.0, 1.27587759495, 0.858037829399, 1.58063793182, 5.0, 1.63240337372, 0.934418320656, 0.651601552963, 0.18010859636, 2.22044604925e-16
5.0, 1.23477458954, 0.828858554363, 1.5723580122, 5.0, 1.63833451271, 0.938051998615, 0.65424400568, 0.107770293345, -0.0727611940299
5.0, 1.20190143585, 0.799709260464, 1.56412279606, 5.0, 1.64431381226, 0.941702485085, 0.656870901585, 0.108280535085, 0.0
5.0, 1.16085886955, 0.777414083481, 1.55739676952, 5.0, 1.65038275719, 0.945406138897, 0.659523189068, 0.108795612152, 0.0
5.0, 1.11985194683, 0.756317675114, 1.54726421833, 5.0, 1.65651535988, 0.948365688324, 0.66217148304, 0.109315593328, 0.0
3.99956560135, 1.07877361774, 0.735222399235, 1.54079389572, 5.0, 1.66235768795, 0.951982438564, 0.664807975292, 0.109735156283, 0.0
3.99691271782, 1.03764081001, 0.714118361473, 1.5325499773, 5.0, 1.66827440262, 0.95561170578, 0.667437493801, 0.110264142377, 2.22044604925e-16
3.99427747726, 0.996602892876, 0.693041026592, 1.52437984943, 5.0, 1.67306602001, 0.959254741669, 0.670075178146, 0.110798232218, 0.0
3.99163889885, 0.955467700958, 0.688435614109, 1.51618564129, 5.0, 1.67898118496, 0.962905287743, 0.672186791897, 0.111337499718, -2.22044604925e-16
3.98899793625, 0.914410889149, 0.684201300144, 1.50779914856, 5.0, 1.68501746655, 0.966576576233, 0.674834728241, 0.111882020215, 4.4408920985e-16
3.98634719849, 0.881504297256, 0.679958641529, 1.49956083298, 5.0, 1.69096374512, 0.970211744308, 0.677468895912, 0.112431870513, 0.0
3.983710289, 0.840455114841, 0.675757169724, 1.49297237396, 5.0, 1.69690990448, 0.973121404648, 0.680104136467, 0.112987128911, 0.0
3.98107337952, 0.799372732639, 0.671543180943, 1.48307538033, 5.0, 1.70287418365, 0.976770102978, 0.68248552084, 0.114064217914, 0.000291044776119
3.97813034058, 0.760127782822, 0.685719370842, 1.55681192875, 5.0, 1.55402982235, 0.931954860687, 0.676233112812, 0.108456992168, -0.00582089552239
3.97488832474, 0.683544039726, 0.778252184391, 2.07563829422, 3.75536084175, 1.34874844551, 0.865790426731, 0.67235326767, 0.0403699365205, -0.0681044776119
3.97973918915, 0.611911654472, 0.853271901608, 2.63598108292, 3.25508165359, 1.30845570564, 0.851881504059, 0.671306192875, -0.0122060287397, -0.0526791044776
3.98021173477, 0.575673699379, 0.853225290775, 2.62828040123, 3.26699399948, 1.30902278423, 0.851577699184, 0.670637965202, -0.0128369489754, -0.000582089552238
3.98094344139, 0.544271051884, 0.854113101959, 2.6273150444, 3.26674127579, 1.30820047855, 0.850851535797, 0.669971823692, -0.0129017935216, 0.0
3.98162317276, 0.528650760651, 0.855069637299, 2.6300201416, 3.26451921463, 1.30710446835, 0.850074291229, 0.669323980808, -0.0129672964682, 0.0
3.98227238655, 0.51302421093, 0.856309533119, 2.63350629807, 3.26229763031, 1.30588555336, 0.849245131016, 0.668811142445, -0.0130334678934, 0.0
3.98290300369, 0.51187312603, 0.857644855976, 2.63749861717, 3.25904393196, 1.30471694469, 0.848454117775, 0.668178915977, -0.0131003180822, 0.0
3.98353815079, 0.5125207901, 0.858855187893, 2.6401245594, 3.25642538071, 1.30354261398, 0.847818672657, 0.667547106743, -0.0131678575316, 0.0
3.98416519165, 0.513347268105, 0.860131442547, 2.64389562607, 3.25330758095, 1.3023763895, 0.847024142742, 0.666911959648, -0.0132360969563, 0.0
3.98479580879, 0.51416182518, 0.861368894577, 2.64733314514, 3.25072336197, 1.30124151707, 0.846243262291, 0.666285872459, -0.0133050472939, 0.0
3.9047703743, 0.514984309673, 0.862609386444, 2.6506459713, 3.24812579155, 1.30012345314, 0.845471262932, 0.665657103062, -0.0133747197113, 0.0
3.61044692993, 0.515790939331, 0.863862872124, 2.65438270569, 3.24487352371, 1.29912388325, 0.844665169716, 0.66503071785, 0.0448060485337, 0.0582089552239
3.23975110054, 0.516609311104, 0.864863038063, 2.65787982941, 3.24214196205, 1.29797446728, 0.84387421608, 0.664525985718, 0.045042336559, 2.22044604925e-16
2.87092089653, 0.517438828945, 0.866134822369, 2.66159319878, 3.23981189728, 1.29678452015, 0.843069791794, 0.663888931274, 0.0452811282502, 2.22044604925e-16
2.50161361694, 0.518251955509, 0.867389261723, 2.6654624939, 3.23667287827, 1.29562938213, 0.842300832272, 0.663281559944, 0.045522463584, 2.22044604925e-16
2.13259744644, 0.518901526928, 0.868606209755, 2.66793942451, 3.2340695858, 1.29443693161, 0.841482877731, 0.662646055222, -0.0271170961336, -0.0727611940299
1.76310706139, 0.519742071629, 0.869956791401, 2.67367506027, 3.22997975349, 1.29311478138, 0.840641319752, 0.662004411221, -0.0272628188669, 0.0
1.39419531822, 0.520607054234, 0.871307432652, 2.67667150497, 3.22698426247, 1.29194438457, 0.840009212494, 0.661369085312, -0.0274101158468, 0.0
1.0268239975, 0.521412074566, 0.872555553913, 2.68012666702, 3.22425293922, 1.2907781601, 0.839216649532, 0.660742461681, -0.0275590127152, 0.0
0.732669711113, 0.522255539894, 0.873856723309, 2.68401169777, 3.22103881836, 1.28979372978, 0.838398396969, 0.660101950169, -0.0276792997182, -2.22044604925e-16
0.39177775383, 0.523094058037, 0.874894976616, 2.68771648407, 3.21822142601, 1.28862392902, 0.837606370449, 0.659462809563, -0.0282445584629, -0.000291044776119
0.391788780689, 0.523417890072, 0.874759674072, 2.60542321205, 3.45302510262, 1.32416069508, 0.860910356045, 0.662467002869, 0.00545674917958, 0.0337611940299
0.388907968998, 0.492680519819, 0.783659100533, 1.93190670013, 5.0, 1.48269104958, 0.904336571693, 0.664310991764, 0.0200089879855, 0.014552238806
0.386668175459, 0.481974601746, 0.753568291664, 1.84821033478, 5.0, 1.49427902699, 0.906011760235, 0.66559779644, 0.0523986145147, 0.0323059701493
0.385265856981, 0.480759203434, 0.751668453217, 1.84552454948, 5.0, 1.49632370472, 0.907670915127, 0.666989803314, 0.0526906692983, 0.0
0.383895426989, 0.47915571928, 0.749480962753, 1.84120929241, 5.0, 1.49879288673, 0.909010469913, 0.668304085732, 0.0529859949238, 0.0
0.382585883141, 0.477583944798, 0.747271060944, 1.83741343021, 5.0, 1.50137078762, 0.910706758499, 0.669608056545, 0.0535750902166, 0.000291044776119
0.381540387869, 0.476015329361, 0.745110571384, 1.83298504353, 5.0, 1.50339007378, 0.912398815155, 0.670908868313, 0.0538177558663, -4.4408920985e-16
0.38023853302, 0.474449574947, 0.742862820625, 1.82813751698, 5.0, 1.50659167767, 0.914115965366, 0.672217965126, 0.0541241938006, 0.0
0.37892973423, 0.47284886241, 0.740607023239, 1.8231934309, 5.0, 1.50871086121, 0.915825724602, 0.673510730267, 0.0544341378472, 0.0
0.377636313438, 0.471291840076, 0.738414645195, 1.81852293015, 5.0, 1.51127374172, 0.917519450188, 0.674807310104, 0.0547476485817, 0.0
0.376339524984, 0.469726502895, 0.73662263155, 1.81360113621, 5.0, 1.51392936707, 0.919239223003, 0.676091790199, 0.0550647878631, 0.0
0.375056087971, 0.468150675297, 0.734372138977, 1.80873000622, 5.0, 1.51660513878, 0.920930087566, 0.677130043507, 0.0553856189882, 0.0
0.373758137226, 0.466574639082, 0.732139408588, 1.80383849144, 5.0, 1.51925957203, 0.922644019127, 0.678432226181, 0.0557102067325, 0.0
0.372449249029, 0.465308010578, 0.729885458946, 1.79889881611, 5.0, 1.52194023132, 0.924035191536, 0.679743409157, 0.0560386173945, 0.0
0.371147841215, 0.463723510504, 0.727639079094, 1.79495871067, 5.0, 1.52458310127, 0.925741553307, 0.6810349226, 0.0563709188404, 0.0
0.369854837656, 0.462152987719, 0.725409328938, 1.79011189938, 5.0, 1.52666497231, 0.927445292473, 0.68233704567, 0.0567071805505, 0.0
0.36880967021, 0.460575371981, 0.723176598549, 1.78530406952, 5.0, 1.52982831001, 0.929146468639, 0.68363571167, 0.0569790890596, 0.0
0.367511361837, 0.459003984928, 0.720951676369, 1.78048801422, 5.0, 1.53192853928, 0.930849373341, 0.684929847717, 0.0573226596739, 0.0
0.366216510534, 0.457440584898, 0.719186544418, 1.7756717205, 5.0, 1.53458845615, 0.932574093342, 0.68597215414, 0.130257033184, 0.0727611940299
0.364918321371, 0.455851525068, 0.716924309731, 1.77059793472, 5.0, 1.53728914261, 0.934300839901, 0.687270522118, 0.131047768688, 2.22044604925e-16
0.363615483046, 0.454580187798, 0.714649319649, 1.76668477058, 5.0, 1.53996300697, 0.936028659344, 0.688579082489, 0.0586855327781, -0.0727611940299
0.362299412489, 0.452977269888, 0.71241080761, 1.76087641716, 5.0, 1.54258179665, 0.93738257885, 0.689873218536, 0.0590458695489, 0.0
0.361014008522, 0.451417773962, 0.710148274899, 1.75682139397, 5.0, 1.54526281357, 0.939104735851, 0.691184043884, 0.0594106534472, 0.0
0.359705924988, 0.449831455946, 0.707924902439, 1.75208234787, 5.0, 1.54739797115, 0.940823495388, 0.692480802536, 0.0597799672121, 0.0
0.358402490616, 0.44824898243, 0.705657064915, 1.74707007408, 5.0, 1.55061733723, 0.942552864552, 0.693787515163, 0.0601538956456, 0.0
0.357359558344, 0.446668386459, 0.70340937376, 1.742177248, 5.0, 1.55328035355, 0.944274485111, 0.695098280907, 0.0604564192971, 2.22044604925e-16
0.356049329042, 0.445066004992, 0.701122105122, 1.73709154129, 5.0, 1.55549836159, 0.946040213108, 0.696141242981, 0.0605470601584, -0.00029104477612
0.354749262333, 0.443473190069, 0.698871016502, 1.73220062256, 5.0, 1.55810666084, 0.94769513607, 0.697704613209, 0.0609325188143, 0.0
0.353442162275, 0.441914826632, 0.697121143341, 1.72760307789, 5.0, 1.56069207191, 0.949407815933, 0.698736965656, 0.0613229105866, 0.0
0.352143138647, 0.440338999033, 0.69488465786, 1.72282421589, 5.0, 1.56328332424, 0.951109409332, 0.700040698051, 0.0617183306651, 0.0
0.350845456123, 0.438766270876, 0.692668557167, 1.71896839142, 5.0, 1.56579971313, 0.952796459198, 0.701347589493, 0.0621188767015, 0.0
0.349533051252, 0.437505096197, 0.69044137001, 1.7131973505, 5.0, 1.5684787035, 0.95417034626, 0.70265519619, 0.0628148762641, 0.000291044776119
0.348232924938, 0.435920834541, 0.688206195831, 1.70939314365, 5.0, 1.57114255428, 0.955885052681, 0.703953027725, 0.0632278778267, 0.0
0.34692850709, 0.434339940548, 0.685949921608, 1.70440757275, 5.0, 1.5738042593, 0.957605600357, 0.705247998238, 0.0636463387042, 0.0
0.345897048712, 0.432778030634, 0.683734714985, 1.69965350628, 5.0, 1.57643914223, 0.959311485291, 0.706545293331, 0.0639851112388, 4.4408920985e-16
0.344599157572, 0.431195765734, 0.681453287601, 1.69460141659, 5.0, 1.57861948013, 0.961031317711, 0.707848072052, 0.0644136753019, 0.0
0.343297243118, 0.429608166218, 0.679671168327, 1.68973493576, 5.0, 1.58126938343, 0.96274626255, 0.70888543129, 0.0648480109068, 0.0
0.34200078249, 0.428024768829, 0.677412688732, 1.68470227718, 5.0, 1.58399903774, 0.964484274387, 0.710447847843, 0.0652882352661, -4.4408920985e-16
0.340698003769, 0.426447659731, 0.675163686275, 1.67978870869, 5.0, 1.58664047718, 0.966190993786, 0.711483001709, 0.0657344687833, 0.0
0.339403808117, 0.424881875515, 0.672945439816, 1.67505896091, 5.0, 1.58920156956, 0.967886686325, 0.712783277035, 0.0661868351618, 0.0
0.33810287714, 0.423613578081, 0.6706995368, 1.67025470734, 5.0, 1.5918251276, 0.969247281551, 0.714090526104, 0.0666454615192, 0.0
0.336807310581, 0.422049820423, 0.66850066185, 1.66553664207, 5.0, 1.594445467, 0.970950484276, 0.715381741524, 0.0671104785047, 0.0
0.335504055023, 0.420456826687, 0.666218400002, 1.66138672829, 5.0, 1.59709143639, 0.972653388977, 0.716670870781, 0.0675820204235, 0.0
0.334211528301, 0.418896406889, 0.664011776447, 1.65667128563, 5.0, 1.59976494312, 0.974376618862, 0.717972278595, 0.140581285913, 0.0727611940299
0.332911521196, 0.417308866978, 0.661717116833, 1.65147197247, 5.0, 1.60257709026, 0.976140677929, 0.719285607338, 0.141576973095, 0.0
0.331860423088, 0.415699213743, 0.65944057703, 1.64643847942, 5.0, 1.60478067398, 0.977879881859, 0.720584392548, 0.142383666599, 4.4408920985e-16
0.33056217432, 0.414130538702, 0.657209813595, 1.6415797472, 5.0, 1.60737586021, 0.979586005211, 0.72162759304, 0.070131309146, -0.0727611940299
0.329259574413, 0.412542372942, 0.655403196812, 1.6367456913, 5.0, 1.60999703407, 0.981284379959, 0.722923398018, 0.0706374722457, 2.22044604925e-16
0.327963083982, 0.410971581936, 0.653172194958, 1.63174295425, 5.0, 1.61267232895, 0.983015120029, 0.724227130413, 0.0711509823637, 0.0
0.326658695936, 0.409386605024, 0.650910794735, 1.62677872181, 5.0, 1.61541819572, 0.984741687775, 0.725523889065, 0.0716720003571, 0.0
0.325358688831, 0.408113062382, 0.64863973856, 1.62275326252, 5.0, 1.61819863319, 0.986154556274, 0.726827561855, 0.071908581875, -0.00029104477612
0.32405886054, 0.406524926424, 0.646363019943, 1.61769390106, 5.0, 1.62078356743, 0.987847983837, 0.728125393391, 0.0724429424407, 0.0
0.323021739721, 0.404946625233, 0.644139349461, 1.61291182041, 5.0, 1.62292397022, 0.989575684071, 0.729429066181, 0.0728761729877, -2.22044604925e-16
0.321458339691, 0.403365284204, 0.641881465912, 1.60314047337, 5.0, 1.62609612942, 0.991276681423, 0.730735242367, 0.0735358047572, 0.0
0.320411920547, 0.401789426804, 0.640105068684, 1.57916724682, 5.0, 1.62818014622, 0.992984414101, 0.731771469116, 0.0739822213573, 0.0
0.319121927023, 0.400230288506, 0.637908101082, 1.55518186092, 5.0, 1.63066196442, 0.994617700577, 0.733054816723, 0.0745479082519, 0.0
0.317820519209, 0.398661971092, 0.635697066784, 1.53120756149, 5.0, 1.63330698013, 0.996340870857, 0.734356820583, 0.0754121826776, 0.00029104477612
0.316528320312, 0.397085815668, 0.633455395699, 1.50718986988, 5.0, 1.63603055477, 0.99809718132, 0.735660970211, 0.075997711095, -2.22044604925e-16
0.315227359533, 0.395493507385, 0.631170928478, 1.48956000805, 5.0, 1.63872241974, 0.999804317951, 0.736957609653, 0.0765923852582, -2.22044604925e-16
0.313931316137, 0.393924981356, 0.628948628902, 1.48478615284, 5.0, 1.64130115509, 1.00150060654, 0.7382568717, 0.0771964205459, 0.0
0.312628030777, 0.392662078142, 0.626725256443, 1.48095858097, 5.0, 1.64387738705, 1.00283885002, 0.739551842213, 0.0778100394611, 0.0
0.311334222555, 0.391097009182, 0.624504089355, 1.4761505127, 5.0, 1.64657604694, 1.0045747757, 0.740859508514, 0.0784334714354, 0.0
0.31002831459, 0.38951176405, 0.622253060341, 1.47125947475, 5.0, 1.64919149876, 1.00627589226, 0.74215644598, 0.0790669532669, 0.0
0.308732241392, 0.387938529253, 0.620013475418, 1.46636164188, 5.0, 1.65134644508, 1.00798034668, 0.743189752102, 0.0797107294181, 0.0
0.307693839073, 0.386362552643, 0.617770969868, 1.46149992943, 5.0, 1.65393877029, 1.00969958305, 0.744493424892, 0.0802333316116, 0.0
0.306390315294, 0.384777575731, 0.615971148014, 1.45654940605, 5.0, 1.65663039684, 1.01140904427, 0.745791375637, 0.0808962792517, 0.0
0.305095821619, 0.383212298155, 0.613756537437, 1.45277833939, 5.0, 1.65926027298, 1.01313328743, 0.747095108032, 0.0815702491941, 0.0
0.303799450397, 0.381632268429, 0.611508846283, 1.44690442085, 5.0, 1.66189658642, 1.01484048367, 0.748384594917, 0.082255518004, 0.0
0.302500009537, 0.380364567041, 0.609239757061, 1.4428075552, 5.0, 1.66464531422, 1.01622664928, 0.749684929848, 0.0829523715554, 0.0
0.301201879978, 0.378779172897, 0.606981933117, 1.4378554821, 5.0, 1.66736209393, 1.01796531677, 0.750990271568, 0.156066200459, 0.0727611940299
0.299896746874, 0.377192914486, 0.604729712009, 1.43288743496, 5.0, 1.66948354244, 1.01967406273, 0.752284944057, 0.157401317083, 0.0
0.298860698938, 0.375623583794, 0.602502167225, 1.42807114124, 5.0, 1.67262375355, 1.02137100697, 0.753576934338, 0.158485832023, -2.22044604925e-16
0.297569274902, 0.374042183161, 0.600237429142, 1.42307758331, 5.0, 1.67477893829, 1.02306759357, 0.754874646664, 0.086410017492, -0.0727611940299
0.29627045989, 0.372469544411, 0.598473250866, 1.41835522652, 5.0, 1.67734599113, 1.02476930618, 0.756169438362, 0.0871661326753, 0.0
0.294976651669, 0.370902508497, 0.59623670578, 1.41346561909, 5.0, 1.68000280857, 1.02648282051, 0.75720334053, 0.0879355627423, 0.0
0.293679475784, 0.369341880083, 0.594037473202, 1.40873217583, 5.0, 1.68258714676, 1.02817380428, 0.758500635624, 0.0884260367296, -0.00029104477612
0.29238691926, 0.36776766181, 0.591797888279, 1.40479421616, 5.0, 1.68537390232, 1.02959537506, 0.759808897972, 0.0892205344529, 0.0
0.291080653667, 0.366482138634, 0.589517533779, 1.39871883392, 5.0, 1.68799746037, 1.03164362907, 0.761097490788, 0.0900293996148, 0.0
0.289796411991, 0.364919275045, 0.587280452251, 1.39479970932, 5.0, 1.69067800045, 1.03300631046, 0.762387514114, 0.0908530244079, 0.0
0.288503080606, 0.36334913969, 0.58504396677, 1.38995039463, 5.0, 1.69328773022, 1.03470909595, 0.763684749603, 0.0916918153889, 0.0
0.287198662758, 0.361766844988, 0.582794725895, 1.38505017757, 5.0, 1.69595813751, 1.03642904758, 0.765003085136, 0.0925461941412, 0.0
0.286143481731, 0.360180169344, 0.580560207367, 1.38018488884, 5.0, 1.69857978821, 1.03813660145, 0.766296088696, 0.0932412136625, 4.4408920985e-16
0.284850567579, 0.35859772563, 0.578271985054, 1.37513923645, 5.0, 1.70073902607, 1.03984820843, 0.767600536346, 0.0944140236415, 0.000291044776119
0.283545523882, 0.357029557228, 0.576538920403, 1.37057709694, 5.0, 1.70335173607, 1.04155790806, 0.768631219864, 0.0953171692734, 0.0
0.28224170208, 0.355445325375, 0.574273705482, 1.36548733711, 5.0, 1.70602428913, 1.04328429699, 0.769932746887, 0.0962377065141, 0.0
0.280953764915, 0.35418137908, 0.572033405304, 1.36059629917, 5.0, 1.70869171619, 1.04499971867, 0.771234154701, 0.0971761408047, 0.0
0.279647350311, 0.352596789598, 0.569785654545, 1.35671293736, 5.0, 1.71132659912, 1.04636025429, 0.772528886795, 0.0981329976991, 0.0
0.278353542089, 0.351024091244, 0.567572057247, 1.3518819809, 5.0, 1.71398329735, 1.04808151722, 0.773820459843, 0.0991088232572, 0.0
0.277325689793, 0.349458634853, 0.565319120884, 1.34694695473, 5.0, 1.71607160568, 1.04975938797, 0.775111794472, 0.0999035219336, -4.4408920985e-16
0.276034414768, 0.347879946232, 0.563524246216, 1.34208631516, 5.0, 1.71871972084, 1.05146360397, 0.776397705078, 0.100914937187, 0.0
0.274748533964, 0.346326619387, 0.560880184174, 1.33730864525, 5.0, 1.72130835056, 1.05316376686, 0.777692615986, 0.101946969145, 0.0
0.273453265429, 0.344762951136, 0.559096515179, 1.33238852024, 5.0, 1.72398173809, 1.05487108231, 0.778725504875, 0.103000252409, 0.0
0.272162139416, 0.343181282282, 0.556837379932, 1.32732856274, 5.0, 1.72675144672, 1.05659866333, 0.780014038086, 0.104075447798, 0.0
0.27088534832, 0.341616898775, 0.554620862007, 1.32268452644, 5.0, 1.72928464413, 1.05793976784, 0.781311452389, 0.105173243711, 0.0
0.26957899332, 0.340035706758, 0.552368700504, 1.31863021851, 5.0, 1.73201465607, 1.06001448631, 0.782613515854, 0.106294357577, 0.0
0.268275588751, 0.338461786509, 0.550135970116, 1.31287062168, 5.0, 1.73467290401, 1.06172251701, 0.783904075623, 0.179331464705, 0.0724701492537
0.266982495785, 0.337209641933, 0.547907888889, 1.30894589424, 5.0, 1.73673248291, 1.06306397915, 0.785191297531, 0.181266932348, 2.22044604925e-16
0.265955984592, 0.335627138615, 0.545659065247, 1.30299711227, 5.0, 1.73941373825, 1.06480288506, 0.786494076252, 0.182845309591, 4.4408920985e-16
0.264652848244, 0.334056168795, 0.54342854023, 1.29910540581, 5.0, 1.74203443527, 1.06649422646, 0.787779092789, 0.111084477828, -0.0727611940299
0.263367474079, 0.332507878542, 0.541679918766, 1.29436397552, 5.0, 1.74465441704, 1.06820774078, 0.78881675005, 0.112317755991, 0.0
0.262066364288, 0.330922424793, 0.539418041706, 1.28942584991, 5.0, 1.74731492996, 1.06990194321, 0.790108084679, 0.113578606541, 0.0
0.260778188705, 0.329353392124, 0.521580278873, 1.28450894356, 5.0, 1.74996900558, 1.0716034174, 0.791401207447, 0.114867960438, 0.0
0.259492397308, 0.328108459711, 0.500498235226, 1.28196597099, 5.0, 1.73675358295, 1.05851137638, 0.791167914867, 0.116186790833, 2.22044604925e-16
0.260696679354, 0.337311148643, 0.533238530159, 1.65335381031, 5.0, 1.54046809673, 0.990689694881, 0.786819219589, 0.0428028146796, -0.0739253731343
0.265301972628, 0.375694930553, 0.626517772675, 2.35053420067, 3.13532304764, 1.39604282379, 0.95300000906, 0.783633291721, 0.0128578743134, -0.0299776119403
0.269204109907, 0.38693228364, 0.658874690533, 2.71845626831, 3.03466939926, 1.38823187351, 0.949048340321, 0.781606376171, -0.0146697560219, -0.0276492537313
0.271203786135, 0.389377325773, 0.662412524223, 2.72209143639, 3.03259992599, 1.38618922234, 0.946904957294, 0.779620349407, -0.0148430898254, 0.0
0.272764772177, 0.391939252615, 0.666353642941, 2.7330789566, 3.02691030502, 1.38242328167, 0.944579482079, 0.77764070034, -0.0149847340021, 0.0
0.274743109941, 0.394575446844, 0.669710576534, 2.74691128731, 3.02194666862, 1.37994837761, 0.942295253277, 0.775683403015, -0.015165636416, 0.0
0.276697486639, 0.397186219692, 0.674685835838, 2.76108241081, 3.01540660858, 1.37672257423, 0.939982056618, 0.773741364479, -0.0153509594834, 4.4408920985e-16
0.278639674187, 0.394646912813, 0.678058445454, 2.77587175369, 3.00714492798, 1.37342476845, 0.937613248825, 0.771785259247, -0.0155408674909, -2.22044604925e-16
0.280598104, 0.379018574953, 0.682302713394, 2.7908270359, 3.00036692619, 1.37017202377, 0.935298502445, 0.770227849483, -0.0157355327044, -2.22044604925e-16
0.282556355, 0.371368527412, 0.686499118805, 2.80244612694, 2.99495077133, 1.36690557003, 0.932969808578, 0.768273234367, -0.0159351361282, -2.22044604925e-16
0.284511238337, 0.373474657536, 0.6906670928, 2.81983447075, 2.98824334145, 1.36367452145, 0.93066495657, 0.76634323597, -0.0161398683232, 0.0
0.286457747221, 0.37611541152, 0.694877147675, 2.83176708221, 2.98140597343, 1.36038446426, 0.928768098354, 0.764368474483, -0.0163499292481, 0.0
0.288015633821, 0.378749728203, 0.699067175388, 2.84634184837, 2.97465205193, 1.35779094696, 0.926430702209, 0.762436389923, -0.0165219559361, -4.4408920985e-16
0.289949685335, 0.381373822689, 0.703329324722, 2.86179018021, 2.96748590469, 1.35380089283, 0.924086213112, 0.760484457016, -0.01674214725, 0.0
0.291903048754, 0.384024471045, 0.707524776459, 2.8765206337, 2.96075558662, 1.35122013092, 0.921770334244, 0.758519649506, -0.0169682863323, 0.0
0.293868750334, 0.386698246002, 0.710962414742, 2.89159011841, 2.95372128487, 1.34789538383, 0.919415593147, 0.756571948528, -0.016909104615, 0.00029104477612
0.295817524195, 0.389334738255, 0.715173780918, 2.90634608269, 2.94714093208, 1.34465277195, 0.917072534561, 0.754993200302, -0.017143832664, 0.0
0.297788649797, 0.39197614789, 0.719345510006, 2.92038607597, 2.94180655479, 1.34138703346, 0.914738118649, 0.753038346767, -0.0173851686609, 0.0
0.299740254879, 0.394596129656, 0.72352796793, 2.93524289131, 2.93495631218, 1.33811986446, 0.912412524223, 0.751094102859, 0.0549618623102, 0.0724701492537
0.301691263914, 0.396718919277, 0.727727591991, 2.94677877426, 2.92810201645, 1.33480989933, 0.910514950752, 0.749138057232, 0.055751857914, 2.22044604925e-16
0.280093550682, 0.399363279343, 0.731969177723, 2.96176433563, 2.92139601707, 1.33157110214, 0.908187150955, 0.747173428535, 0.0565648701717, 2.22044604925e-16
0.280217766762, 0.402007341385, 0.736189186573, 2.97671318054, 2.91444706917, 1.32895815372, 0.905852496624, 0.745220303535, 0.0572325350909, 4.4408920985e-16
0.282170146704, 0.404665619135, 0.740430831909, 2.99167323112, 2.90764069557, 1.32502937317, 0.9035166502, 0.743268251419, 0.0580895876915, 0.0
0.284122347832, 0.407306432724, 0.743789434433, 3.00606703758, 2.90229153633, 1.32244849205, 0.901191592216, 0.741310238838, -0.014233392624, -0.0727611940299
0.286080390215, 0.409946620464, 0.747986912727, 3.02052903175, 2.89430856705, 1.31920957565, 0.898900151253, 0.739357054234, -0.0146309421526, 0.0
0.288033932447, 0.412090182304, 0.75075250864, 2.90280890465, 3.05840015411, 1.34920477867, 0.919609487057, 0.739761710167, -0.0146764893384, -2.22044604925e-16
0.285371810198, 0.383397042751, 0.65988355875, 1.89059686661, 3.91745615005, 1.53135108948, 0.982715189457, 0.744325757027, 0.0469834105717, 0.0617014925373
0.28140193224, 0.360998481512, 0.587761640549, 1.54991078377, 5.0, 1.61279964447, 0.997619271278, 0.745431184769, 0.0981594593907, 0.0509328358209
0.280283153057, 0.357939362526, 0.585597097874, 1.54377937317, 5.0, 1.61265587807, 0.998597443104, 0.74656111002, 0.1026004531, 0.00291044776119
0.279218703508, 0.356758087873, 0.58397269249, 1.54096472263, 5.0, 1.61397337914, 0.999441683292, 0.747502028942, 0.104258939999, 0.0
0.278282791376, 0.355650156736, 0.582435250282, 1.53791844845, 5.0, 1.61572933197, 1.00061511993, 0.748410224915, 0.105971720989, 0.0
0.27737981081, 0.354544699192, 0.580843865871, 1.53433310986, 5.0, 1.6174993515, 1.00178825855, 0.749334573746, 0.107741496026, -2.22044604925e-16
0.276638150215, 0.353413999081, 0.579247832298, 1.53084921837, 5.0, 1.61889302731, 1.00295352936, 0.750249624252, 0.109200281489, 0.0
0.275723040104, 0.352292060852, 0.577955186367, 1.52717471123, 5.0, 1.62072610855, 1.00416052341, 0.751162707806, 0.111080038181, 0.0
0.274810403585, 0.351174712181, 0.576355099678, 1.5236235857, 5.0, 1.62250852585, 1.00534260273, 0.751901984215, 0.113025363827, 0.0
0.273881316185, 0.350027024746, 0.574713468552, 1.5200304985, 5.0, 1.62431573868, 1.00655066967, 0.752839207649, 0.115039734148, 0.0
0.272961199284, 0.348900288343, 0.573096454144, 1.51635849476, 5.0, 1.62614059448, 1.00773370266, 0.753751218319, 0.117413667482, 0.000291044776119
0.272036612034, 0.348000258207, 0.571468889713, 1.51338374615, 5.0, 1.62796676159, 1.00869750977, 0.754686951637, 0.119287307775, -0.00029104477612
0.271113187075, 0.346868574619, 0.569849669933, 1.50904202461, 5.0, 1.62976539135, 1.00988376141, 0.755598068237, 0.12153203845, 0.0
0.270195066929, 0.345740973949, 0.568225562572, 1.50610661507, 5.0, 1.63125264645, 1.01110076904, 0.756526172161, 0.123862430718, 0.0
0.269448369741, 0.344591677189, 0.566909134388, 1.50236225128, 5.0, 1.63311398029, 1.0123142004, 0.757450580597, 0.125791749239, 4.4408920985e-16
0.268523931503, 0.343461364508, 0.565288841724, 1.49872434139, 5.0, 1.63492047787, 1.01349151134, 0.758360147476, 0.128289122665, 0.0
0.267614275217, 0.342332839966, 0.56366288662, 1.49505484104, 5.0, 1.63676917553, 1.01469111443, 0.759099006653, 0.130887088304, 0.0
0.266685783863, 0.341213613749, 0.562052190304, 1.4921104908, 5.0, 1.63856196404, 1.01586866379, 0.76001304388, 0.133591811445, 0.0
0.265775710344, 0.340316593647, 0.560440480709, 1.48788142204, 5.0, 1.64030396938, 1.01705503464, 0.760949015617, 0.138753218009, 0.0
0.264846473932, 0.339184463024, 0.559405684471, 1.4875793457, 5.0, 1.59933757782, 0.991260528564, 0.759644687176, 0.108533248422, -0.0314328358209
0.26778948307, 0.355865508318, 0.626589179039, 2.09798669815, 3.54850673676, 1.42851138115, 0.946254014969, 0.755343794823, 0.0939794997839, -0.014552238806
0.270974606276, 0.376530319452, 0.670589148998, 2.34275984764, 3.29945468903, 1.40817964077, 0.938431799412, 0.753964185715, 0.129100837554, 0.0346343283582
0.272082984447, 0.378417283297, 0.672950267792, 2.34583759308, 3.29901099205, 1.40620112419, 0.936989307404, 0.752633690834, 0.13138753895, -2.22044604925e-16
0.273407161236, 0.380048573017, 0.675358116627, 2.35173487663, 3.29519200325, 1.40457141399, 0.935518622398, 0.751405179501, 0.134361708812, 0.0
0.274635910988, 0.38164293766, 0.677310347557, 2.35876274109, 3.29068589211, 1.40249502659, 0.934055626392, 0.750448286533, 0.137472778929, 0.0
0.275829046965, 0.383212774992, 0.680220067501, 2.36613869667, 3.28608369827, 1.400421381, 0.932612061501, 0.749266207218, 0.0663214264975, -0.0727611940299
0.277014404535, 0.38477063179, 0.682141661644, 2.37323141098, 3.28151798248, 1.39835715294, 0.931160032749, 0.748077273369, 0.0679158453386, 0.0
0.278200745583, 0.386330842972, 0.684552133083, 2.38046240807, 3.27692317963, 1.39628624916, 0.929716050625, 0.746890604496, 0.069588687917, 0.0
0.279390990734, 0.387894541025, 0.686963617802, 2.38755631447, 3.27333426476, 1.39420008659, 0.928266644478, 0.745702028275, 0.0713458760969, -2.22044604925e-16
0.280575960875, 0.389134049416, 0.689355313778, 2.3932158947, 3.26907944679, 1.39224123955, 0.926840305328, 0.744514644146, 0.0731939422589, 0.0
0.281766593456, 0.390691697598, 0.690350413322, 2.31412529945, 3.3410923481, 1.42734491825, 0.938934743404, 0.746386170387, 0.0751401099038, 0.0
0.279137015343, 0.370335310698, 0.61063349247, 1.73054623604, 5.0, 1.62499296665, 1.0044002533, 0.750628948212, 0.138367114654, 0.0628656716418
0.275582969189, 0.342669337988, 0.541124343872, 1.31835711002, 5.0, 1.75409507751, 1.04551684856, 0.753910005093, 0.182006251508, 0.0433656716418
0.273365974426, 0.337039709091, 0.535971879959, 1.29822194576, 5.0, 1.75624263287, 1.0472843647, 0.755957722664, 0.207489438367, 0.0212462686567
0.271253108978, 0.334870159626, 0.533454954624, 1.29577171803, 5.0, 1.75767076015, 1.04929316044, 0.757521748543, 0.213291510217, 0.0
0.269282191992, 0.3326587677, 0.530522763729, 1.29022789001, 5.0, 1.76120638847, 1.05174982548, 0.759396612644, 0.219422036795, 0.0
0.267410725355, 0.330425560474, 0.52741330862, 1.28380894661, 4.00004053116, 1.76520240307, 1.05426669121, 0.761273801327, 0.225909219202, 0.0
0.265542626381, 0.328641861677, 0.524293780327, 1.27741038799, 3.970900774, 1.76907491684, 1.05675983429, 0.763138890266, 0.232784516027, 0.0
0.263662338257, 0.325959771872, 0.521186649799, 1.27092778683, 3.95147657394, 1.77305757999, 1.05928266048, 0.765014648438, 0.240359115216, 0.00029104477612
0.261790961027, 0.323711693287, 0.518036663532, 1.26568257809, 3.92718195915, 1.77707517147, 1.06180250645, 0.766885697842, 0.247821676528, -0.000291044776119
0.259924918413, 0.321925520897, 0.514909565449, 1.25784897804, 3.90290093422, 1.78108644485, 1.06382274628, 0.768750488758, 0.256088434374, 0.0
0.25805452466, 0.319691568613, 0.511768162251, 1.25262641907, 3.87861156464, 1.7851074934, 1.06635558605, 0.77062445879, 0.264912358161, 0.0
0.256183743477, 0.317457050085, 0.508657693863, 1.2461785078, 3.85431361198, 1.78911018372, 1.06887829304, 0.772502243519, 0.274350216115, 0.0
0.254305869341, 0.315205991268, 0.505515396595, 1.23960316181, 3.83002400398, 1.79312884808, 1.07139885426, 0.774364113808, 0.28446651875, 0.0
0.252443492413, 0.312977910042, 0.502410531044, 1.23316323757, 3.80573987961, 1.79706692696, 1.07388985157, 0.776217103004, 0.29533483575, 0.0
0.250963449478, 0.310753107071, 0.499292910099, 1.22667849064, 3.78147292137, 1.80022454262, 1.07640957832, 0.778084337711, 0.304627125217, -4.4408920985e-16
0.249096468091, 0.308523982763, 0.496168613434, 1.22016048431, 3.75718951225, 1.80426597595, 1.07892775536, 0.779959440231, 0.317069639615, 0.0
0.247222036123, 0.306287795305, 0.493662983179, 1.21363818645, 3.73290228844, 1.80822861195, 1.08141887188, 0.781450271606, 0.330533120727, 0.0
0.245358839631, 0.30407050252, 0.490572154522, 1.20730853081, 3.70862197876, 1.81212604046, 1.08392238617, 0.783318579197, 0.345143066408, 0.0
0.243481427431, 0.301828891039, 0.487438857555, 1.20078003407, 3.68918967247, 1.81613647938, 1.08645534515, 0.785185456276, 0.425682684932, 0.0727611940299
0.241618081927, 0.300038009882, 0.48430287838, 1.19419813156, 3.66484236717, 1.82019591331, 1.08848595619, 0.787066102028, 0, 2.22044604925e-16
0.239743709564, 0.297797173262, 0.481160581112, 1.18895053864, 3.64052867889, 1.82422268391, 1.09101736546, 0.788946390152, 0, -0.0727611940299
0.237862899899, 0.295547574759, 0.47839692235, 1.18401896954, 3.62250804901, 1.77238535881, 1.07570135593, 0.786785721779, 0, 2.22044604925e-16
0.239254444838, 0.310210883617, 0.536742269993, 1.52242350578, 3.64833331108, 1.58152890205, 0.999145150185, 0.782114565372, 0, -0.0602462686567
0.244084849954, 0.338974535465, 0.605450510979, 2.15247273445, 3.39556837082, 1.45265924931, 0.969710946083, 0.780003607273, 0, -0.0433656716418
0.246054366231, 0.344312906265, 0.620091617107, 2.19240069389, 3.39579463005, 1.45140457153, 0.968656599522, 0.778957843781, 0, -0.0165895522388
0.247331663966, 0.345794558525, 0.622056365013, 2.19482183456, 3.39525008202, 1.44993197918, 0.967350542545, 0.777751803398, 0, 0.0
0.248528301716, 0.347317665815, 0.624312758446, 2.20074939728, 3.39243626595, 1.44800078869, 0.965916216373, 0.776545107365, 0, 2.22044604925e-16
0.249736383557, 0.348586350679, 0.626744806767, 2.20787215233, 3.38793563843, 1.44592654705, 0.964461445808, 0.77535122633, 0, 0.0
0.250926375389, 0.350148886442, 0.629155874252, 2.21363210678, 3.3833527565, 1.44388830662, 0.963314652443, 0.774165570736, 0, 0.0
0.252113610506, 0.351705372334, 0.631549119949, 2.22063541412, 3.37887239456, 1.4417835474, 0.96185028553, 0.772973537445, 0, 0.0
0.253304451704, 0.353277176619, 0.633992910385, 2.22809910774, 3.37404751778, 1.43968379498, 0.960392653942, 0.771787524223, 0, 0.0
0.254493534565, 0.354852765799, 0.636455535889, 2.2358071804, 3.36899828911, 1.43753898144, 0.958915710449, 0.770597577095, 0, 0.0
0.255445539951, 0.356422364712, 0.638849914074, 2.24290013313, 3.36455559731, 1.43591201305, 0.95747256279, 0.769410550594, 0, -6.66133814775e-16
0.256632953882, 0.35798150301, 0.640797972679, 2.25024247169, 3.35980224609, 1.43381404877, 0.956019759178, 0.768462896347, 0, 0.0
0.257817864418, 0.359541922808, 0.643210828304, 2.25745725632, 3.35612225533, 1.4317586422, 0.95457816124, 0.767278552055, 0, 0.000291044776119
0.259004712105, 0.361094504595, 0.645606517792, 2.26474881172, 3.35144591331, 1.42965066433, 0.953115820885, 0.766092061996, 0, 0.0
0.260192036629, 0.36235678196, 0.648092806339, 2.27465605736, 3.34327888489, 1.42699801922, 0.952964127064, 0.767822802067, 0, 0.0
0.258194416761, 0.360218346119, 0.645936071873, 2.29495811462, 3.31256890297, 1.4261059761, 0.953961193562, 0.768896996975, 0, -0.000582089552239
0.257222622633, 0.359962135553, 0.646680355072, 2.29857897758, 3.30977654457, 1.42469155788, 0.952665388584, 0.767712175846, 0, 0.0
0.25841408968, 0.361643999815, 0.649527907372, 2.30982136726, 3.28572010994, 1.42197787762, 0.951028466225, 0.766478300095, 0, 0.0
0.259900093079, 0.363295525312, 0.651517212391, 2.31688547134, 3.26590585709, 1.42003917694, 0.949591219425, 0.765240013599, 0, -4.4408920985e-16
0.260887056589, 0.364887714386, 0.65438580513, 2.32295179367, 3.23617982864, 1.41814041138, 0.948166429996, 0.763999342918, 0, 4.4408920985e-16
0.262124359608, 0.366468399763, 0.656265079975, 2.32887506485, 3.21636390686, 1.41624045372, 0.946749269962, 0.763014614582, 0, 0.0
0.263354182243, 0.367733061314, 0.658641636372, 2.33355402946, 3.19159197807, 1.41471755505, 0.945587217808, 0.762010157108, 0, -0.000291044776119
0.2643622756, 0.36935788393, 0.660603523254, 2.338722229, 3.1767373085, 1.41311776638, 0.944703936577, 0.761254310608, 0, 0.0
0.26511028409, 0.369997739792, 0.661561727524, 2.34115099907, 3.16187286377, 1.41237401962, 0.943861722946, 0.760515570641, 0, 0.0436567164179
0.265847206116, 0.371250808239, 0.663425445557, 2.34729957581, 3.14206910133, 1.41045033932, 0.942368865013, 0.759288728237, 0, 0.0
0.267332524061, 0.373184978962, 0.669688642025, 2.38623929024, 3.1148891449, 1.40284967422, 0.938676774502, 0.75757086277, 0, 0.00029104477612
0.268574923277, 0.375763565302, 0.672136604786, 2.39696073532, 3.09894347191, 1.40133595467, 0.937766849995, 0.756803512573, 0, -0.000582089552239
0.269579261541, 0.376715362072, 0.673620641232, 2.40309619904, 3.08415079117, 1.39962637424, 0.936888933182, 0.755855321884, 0, 2.22044604925e-16
0.270291984081, 0.378002047539, 0.675674557686, 2.40869235992, 3.06447792053, 1.39820218086, 0.935634613037, 0.755135118961, 0, -4.4408920985e-16
0.271258860826, 0.379001349211, 0.67730307579, 2.41680908203, 3.04971933365, 1.39622223377, 0.934671700001, 0.754159271717, 0, -0.0582089552239
0.271994292736, 0.380354046822, 0.679515719414, 2.42557024956, 3.03010368347, 1.39467990398, 0.93335545063, 0.753427267075, 0, 0.0
0.272975087166, 0.381387293339, 0.681829988956, 2.43275260925, 3.01049470901, 1.39250266552, 0.93197876215, 0.752445161343, 0, 0.00029104477612
0.273975282907, 0.38282546401, 0.684379935265, 2.44447207451, 2.9958589077, 1.38992595673, 0.930825054646, 0.751417994499, 0, 0.0
0.274759888649, 0.384380042553, 0.686455368996, 2.45770359039, 2.97632622719, 1.38727295399, 0.929268181324, 0.75036752224, 0, -0.00029104477612
0.27582192421, 0.385919600725, 0.689117431641, 2.46959471703, 2.95676517487, 1.38541054726, 0.927761733532, 0.749308824539, 0, 2.22044604925e-16
0.276889741421, 0.38742095232, 0.691641926765, 2.47887086868, 2.93709278107, 1.38325357437, 0.926438033581, 0.748275756836, 0, 0.0
0.277923375368, 0.388439774513, 0.693742096424, 2.48357081413, 2.91731643677, 1.38152778149, 0.925207614899, 0.747498452663, 0, -2.22044604925e-16
0.278956711292, 0.389788150787, 0.695274114609, 2.48922228813, 2.90243864059, 1.37985670567, 0.924289405346, 0.746454119682, 0, -2.22044604925e-16
0.27974191308, 0.39114266634, 0.697315037251, 2.49310684204, 2.88263726234, 1.37865483761, 0.923081934452, 0.745664656162, 0, 4.4408920985e-16
