4.12064050528e-17
0.0
-4.63212147805e-05
0.0
0.0
0.0
-4.12064050528e-17
0.0
0.0
0.0
0.0
0.0
6.90224540248e-20
6.90224540248e-20
6.90224540248e-20
6.90224540248e-20
0.0
6.90224540248e-20
6.90224540248e-20
6.90224540248e-20
6.90224540248e-20
4.63212147805e-05
-6.90224540248e-20
-4.63212147805e-05
0.0
0.0
0.0
0.0
-4.12064050528e-17
-0.00254766681293
-0.0113486976212
-0.00889367323785
-9.26424295609e-05
0.0
3.97569335183e-17
0.0
0.0
0.0
0.0
0.0
0.0
0.0
0.0
0.0
-7.95138670366e-17
0.0
0.0
-4.63212147805e-05
0.0
4.63212147805e-05
0.0
0.0115803036951
0.0
-0.0115803036951
0.0
0.0
0.0
0.0
0.0
0.0
0.0
0.0
0.0
0.0
0.0
0.0
0.0
-4.41743705759e-18
-4.41743705759e-18
0.0
0.0
0.0
0.0
0.0
7.95138670366e-17
0.000277927288683
0.011811909769
0.00750403679444
0.000277927288683
0.0115803036951
-0.0115803036951
-4.14134724149e-17
0.0
0.0
4.14134724149e-17
-4.14134724149e-17
4.14134724149e-17
0.0
0.0
0.0
0.0
0.0
4.63212147805e-05
-5.52179632199e-19
-5.52179632199e-19
0.0
0.00120435158429
0.0131552249977
0.00629968521014
0.00148227887298
0.0
0.0
0.0
-4.63212147805e-05
0.0
0.0
-0.0115339824803
0.0
0.0092642429561
0.0
0.0
0.0
0.0
0.0
0.0
4.19656520471e-17
-8.17225855654e-17
-0.0117192673395
-0.00667025492839
-0.00208445466512
0.0
-5.52179632199e-19
0.0
0.0
0.0
4.63212147805e-05
1.65101710027e-16
9.26424295608e-05
0.0119508734134
0.00778196408312
0.000231606073902
0.0
0.0
0.0
0.0
-0.0115803036951
0.0118582309838
0.00472476390761
0.00342776989376
0.0
0.0115803036951
0.0
4.63212147805e-05
-3.97569335183e-17
0.0
0.0
-3.97569335183e-17
0.0
0.0
0.0
7.95138670366e-17
-4.63212147805e-05
7.95138670366e-17
0.0
0.0
0.0
0.0
0.0
0.0
0.0
0.0
0.0
-0.0115339824803
0.0
0.0
0.0115803036951
0.0
0.0
-3.97569335183e-17
3.97569335183e-17
0.0119971946281
0.00639232763971
0.00171388494688
0.0
0.0
-4.63212147805e-05
-0.000138963644341
-0.0116729461247
-0.00903263688219
-0.00185284859122
0.0
0.0
0.0
4.63212147805e-05
-7.95138670366e-17
0.0
0.0
0.0
0.0
0.0
0.0
-0.0115803036951
0.0
-0.00727243072053
-0.00796724894224
0.00861574594917
0.0
0.0
0.0
0.0
-4.63212147805e-05
0.0
0.0
0.0
8.17225855654e-17
0.0
0.0
0.0123677643464
0.0
0.00856942473439
0.0
0.0
0.0
-4.63212147805e-05
4.63212147805e-05
0.0
0.0
0.0
0.0
0.0
-0.0115803036951
0.0
0.0
0.0115803036951
0.0
0.0
0.0
-3.97569335183e-17
0.0
0.0
0.0
0.0
0.0
0.0
0.0
-0.0115253988267
-8.583653666e-06
-0.00833781866049
-9.2642429561e-05
0.0
0.0
0.0
0.0
0.0
0.0
0.0
0.0
8.17225855654e-17
-0.0115803036951
-4.63212147805e-05
0.0115803036951
0.0
-4.19656520471e-17
0.0
0.0
0.0
0.0
4.19656520471e-17
0.0
4.63212147805e-05
0.0
0.0
0.0
0.0
-8.17225855654e-17
0.0
8.17225855654e-17
0.0
8.17225855654e-17
-8.17225855654e-17
0.0146375038706
0.00472476390761
0.00361305475288
0.0
0.0
-0.0115803036951
0.0
0.0
0.0115803036951
0.0
0.0
-3.97569335183e-17
0.000138963644342
0.00954217024478
0.00893999445263
0.00180652737644
0.0
0.0
-4.63212147805e-05
0.0
4.63212147805e-05
0.0
0.0
0.0
0.0
-8.83487411518e-17
7.95138670366e-17
-0.0117192673395
-0.00810621258658
-0.000648497006927
0.0
0.0
0.0
-0.0115803036951
0.0
-4.63212147805e-05
0.0
0.0115803036951
0.0
0.0
0.0
-3.97569335183e-17
-0.0163513888175
-0.00231606073902
-0.00671657614317
4.19656520471e-17
0.0
-8.17225855654e-17
0.0
-4.63212147805e-05
0.0
0.0
0.0
8.39313040942e-17
0.0
0.0
0.0
0.0
0.0
0.0
0.0
0.0
-0.0138963644341
4.06143218144e-17
0.0115803036951
0.0
0.0
0.0
0.0
-4.19656520471e-17
0.0
8.17225855654e-17
-0.00486372755195
-0.00625336399536
-0.00115803036951
0.0
0.0
-4.63212147805e-05
1.3804490805e-19
1.3804490805e-19
9.66314356347e-19
8.22747651976e-17
-1.3804490805e-19
-1.3804490805e-19
9.2642429561e-05
-4.63212147805e-05
0.0
0.0
0.0
0.0
0.0
9.26424295609e-05
0.0
0.0
0.0
0.0
0.0
0.0
4.63212147805e-05
0.0
0.0
0.0
0.0
0.0
0.0
0.0
0.0
0.0
0.0
0.0
0.0
0.0
0.0
0.0
0.0
0.0
0.0
0.0
-4.63212147805e-05
0.0
0.0
0.0
0.0
0.0
-0.000223022420236
0.0
0.0
0.0
0.0
0.0
0.0
4.12064050528e-17
-8.24128101056e-17
0.0
0.0
0.0
0.0
-4.63212147805e-05
-7.93758221285e-19
-7.93758221285e-19
0.0
0.0
0.0
0.0
0.0
-0.0116266249099
-0.00824517623092
-0.00097274551039
4.63212147805e-05
0.0
0.0115803036951
0.0
-0.0115803036951
0.0
0.0
0.0
0.0
3.97569335183e-17
0.0
-4.41743705759e-17
0.0119971946281
0.00231606073902
0.005697509418
0.0
8.24128101056e-17
0.0
-4.63212147805e-05
1.3804490805e-19
2.76089816099e-19
1.3804490805e-19
-0.0142206129376
-0.00477108512239
-0.0042615517598
0.0
0.0
4.63212147805e-05
0.0
0.0
0.0
0.0115803036951
0.0
-0.0115803036951
0.0
0.0
0.0
0.0
0.0
0.0
0.0
0.0
0.0
0.0
0.0
0.00518797605541
0.0092642429561
0.0105612369699
4.63212147804e-05
1.3804490805e-19
1.3804490805e-19
1.3804490805e-19
1.3804490805e-19
1.3804490805e-19
1.3804490805e-19
8.24128101056e-17
0.0
0.0
0.0
0.0
0.0
0.0
0.0
0.0
0.0
0.0
0.0
-8.24128101056e-17
8.24128101056e-17
0.0
0.0
0.0
0.0
8.28269448298e-19
8.28269448298e-19
8.28269448298e-19
-8.24128101056e-17
4.63212147805e-05
1.3804490805e-19
8.24128101056e-17
0.0
0.0
0.0
-4.63212147805e-05
-1.3804490805e-19
-1.3804490805e-19
0.0
0.0
4.12754275068e-17
0.0
0.0
0.0
0.0
0.0144985402263
0.00463212147805
0.00352041232332
0.0
4.63212147805e-05
0.0
0.0
0.0
0.0
0.0
0.0
0.0
-7.95138670366e-17
0.00514165484063
0.00620704278058
0.00111170915473
0.0
0.0
0.0
0.0
-0.0115803036951
0.0
-4.63212147805e-05
0.0115803036951
0.0
3.97569335183e-17
0.0
0.0
-8.39313040942e-17
8.39313040942e-17
0.0
0.0
0.00713346707619
0.00639232763971
0.00129699401385
0.0
7.95138670366e-17
-7.95138670366e-17
4.63212147805e-05
0.0
0.0
0.0
0.0
0.0
0.0
0.0
-0.0115803036951
-4.63212147805e-05
0.0
0.0
0.0115803036951
0.0
-0.00472476390761
-0.00463212147805
-0.0059291154919
0.0
0.0
0.0
3.97569335183e-17
-8.39313040942e-17
0.0
0.0
0.0
-4.63212147805e-05
0.0
4.63212147805e-05
0.0
0.0
0.0
0.0
0.0
0.0
8.39313040942e-17
-0.00097274551039
-0.010978127903
-0.0078282852979
-0.0115339824803
-5.52179632199e-19
0.0115803036951
0.0
0.0
0.0
0.0
4.19656520471e-17
0.0
0.0
0.0
0.0
0.0
-4.63212147805e-05
2.20871852879e-18
2.20871852879e-18
2.20871852879e-18
2.20871852879e-18
0.0
0.0
0.0
0.0
4.63212147805e-05
0.0
0.0
0.0
-0.0115803036951
0.0115803036951
-4.19656520471e-17
0.0
4.19656520471e-17
0.0
0.0
4.19656520471e-17
0.0
0.00111170915473
0.0111170915473
0.0103759521108
0.000648497006927
0.0
0.0
0.0
0.0
4.41743705759e-18
-4.63212147805e-05
0.0
0.0
0.0
-0.0142206129376
-0.00472476390761
-0.00407626690068
0.0
0.0
0.0
0.0
-0.0115803036951
0.0115803036951
0.0
-4.19656520471e-17
0.0
0.0
0.0
0.0
0.0
3.97569335183e-17
0.00106538793995
0.010978127903
0.00773564286834
0.000463212147805
0.0
0.0
0.0
4.63212147805e-05
0.00982009753346
0.00467844269283
0.00551222455888
0.0
0.0
0.0
0.0
4.63212147805e-05
0.0
-0.0115803036951
0.0
0.0
-4.63212147805e-05
0.0
0.0092642429561
0.0
0.0
-4.41743705759e-17
7.95138670366e-17
0.0
0.0
0.0
0.0
0.0
-7.95138670366e-17
0.0
0.0
0.0
0.0
0.0
4.63212147805e-05
0.0
0.0
0.0
0.0
-0.0115803036951
8.83487411518e-17
-0.0114413400508
-0.00690186100229
-0.00208445466512
0.0
0.0115803036951
0.0
-0.00268663045727
-0.00917160052653
-0.00907895809697
-9.26424295609e-05
-4.19656520471e-17
0.0
4.19656520471e-17
0.0
0.0
-0.0092642429561
-0.00472476390761
-0.00370569718244
0.0
0.0
0.0
4.63212147805e-05
0.0
0.0
0.00977377631868
0.00861574594917
0.00134331522863
0.0
0.0
0.0
0.0
-4.63212147806e-05
-0.00245502438337
0.00463212147805
0.0115803036951
0.0
0.0
0.0
0.0
0.0
0.0
0.0
0.0
-0.00518797605541
-0.00467844269283
-0.00319616381985
0.0
-2.20871852879e-18
4.63212147805e-05
0.0
0.0
0.0
0.0
-4.63212147805e-05
4.63212147805e-05
0.0
0.0
0.0
0.0
0.0
-0.0115803036951
0.0115803036951
4.19656520471e-17
4.63212147805e-05
0.0
0.0
0.0
0.0
0.0
0.0
0.0
0.0
0.0
0.0
0.0
0.0
0.0
0.0
0.0
0.0
0.0
0.0
0.0
0.0
-4.63212147805e-05
0.0
0.0
4.63212147805e-05
0.0
0.0
0.0
0.0
0.0
0.0
0.0
0.0
0.0
-0.000130379990676
0.0
0.0
0.0
4.63212147805e-05
-4.63212147805e-05
0.0
-4.12064050528e-17
0.0
0.0
0.0
0.0
0.0
0.0
0.0
0.0
0.0
0.0
0.0
0.0
0.0
0.0
0.0
0.0
0.0
0.0
-0.00922650539498
-0.00699450343185
-0.0115339824803
0.0
0.0
3.97569335183e-17
0.0
0.0
0.0
0.0
0.0
0.0
0.0
0.0
-8.39313040942e-17
-4.63212147805e-05
0.0
0.0
0.0
0.0
0.0
0.0
0.0
4.63212147805e-05
0.0
0.0
0.00764300043878
0.00893999445263
0.0
4.19656520471e-17
0.0
0.0
0.0
0.0
0.0
0.0
4.19656520471e-17
0.0
0.0
0.0
0.0
0.0
0.0
-8.17225855654e-17
9.2642429561e-05
0.00954217024478
0.0080598913718
0.0
0.0
0.0
4.63212147804e-05
8.17225855654e-17
0.0
0.0
0.0
-0.0115803036951
0.0115803036951
0.0
4.08612927827e-17
-4.08612927827e-17
-0.00500269119629
-0.0099590611778
-0.000648497006927
0.0
-8.28269448298e-17
0.0
0.0
0.0
0.0
0.0
0.0
-4.63212147804e-05
0.0
0.0
0.0
0.0
0.0
4.63212147805e-05
0.0
0.0
0.0
0.0
0.0115803036951
-0.0115803036951
0.0
0.0
0.0
0.0
0.0
4.08612927827e-17
0.0
-8.28269448298e-17
8.28269448298e-17
-4.63212147805e-05
0.0
-1.1043592644e-18
4.63212147805e-05
0.0
0.0
0.0
0.0
0.0
0.0
0.0
0.0
0.0
0.0
0.0
0.0
0.00464070513171
0.00773564286834
0.0115803036951
0.0
4.19656520471e-17
0.0
0.0
0.0
0.0
0.0
0.000277927288683
0.0138037220046
0.00690186100229
0.0035667335381
-4.63212147805e-05
0.0
0.0
0.0
4.41743705759e-18
0.0
4.63212147805e-05
0.0
0.0
0.0
0.0073650731501
0.00750403679444
0.000555854577366
-0.0115803036951
4.41743705759e-17
0.0
-4.41743705759e-17
0.0
0.0115803036951
-4.63212147805e-05
0.0
0.0
0.0
0.0
0.0
-4.41743705759e-17
-4.41743705759e-17
0.0
0.0
0.0
0.0
4.63212147805e-05
0.0
-0.00273295167205
-0.0138037220046
-0.00768932165356
-0.000787460651268
4.63212147805e-05
8.39313040942e-17
0.0
-8.39313040942e-17
0.0
-0.0138963644341
0.0
-4.63212147805e-05
0.0115803036951
-3.97569335183e-17
0.0
0.0
0.0
0.0
0.0
-3.97569335183e-17
0.0
0.0
0.0
8.39313040942e-17
-8.39313040942e-17
4.63212147805e-05
4.41743705759e-18
4.41743705759e-18
4.41743705759e-18
8.39313040942e-17
0.0
-4.63212147805e-05
0.0
0.0
0.0
-0.0092642429561
4.41743705759e-17
-4.19656520471e-17
0.0115803036951
0.0
0.0
0.0
-3.97569335183e-17
8.39313040942e-17
0.0
0.0
0.0
0.0
0.0
0.0
0.0
4.63212147805e-05
0.0
0.0
-4.63212147805e-05
0.0
0.0
7.95138670366e-17
-7.95138670366e-17
7.95138670366e-17
0.0
-0.0115803036951
-0.000185284859122
-0.0165366736766
-0.00463212147805
0.00537326091454
0.0
0.0
4.11373825988e-17
-4.11373825988e-17
0.0
0.0
-4.11373825988e-17
0.0
0.0
0.0
0.0
0.0
8.22747651976e-17
-8.22747651976e-17
0.0
8.22747651976e-17
0.0
0.0
-8.22747651976e-17
8.22747651976e-17
0.0144522190115
0.00449315783371
0.00361305475288
0.0
0.0
-0.0115803036951
0.0
0.0143595765819
0.00458580026327
0.00333512746419
0.0115803036951
4.41743705759e-17
0.0073650731501
0.0092642429561
0.00838413987527
4.63212147805e-05
0.0
0.0
0.0
0.0
0.0
0.0
0.0
-4.63212147804e-05
0.0
0.0
0.0
0.0
0.0
4.63212147805e-05
-8.83487411518e-17
-0.00259398802771
-0.0160734615288
-0.00463212147805
-0.00416890933024
0.0
-0.0115803036951
0.0
0.0
0.0
0.0115803036951
4.41743705759e-17
-0.00125067279907
-0.0132478674272
-0.00699450343185
-0.00421523054502
0.0
0.0
0.0
0.0
0.0
0.0
-4.63212147805e-05
0.0
8.17225855654e-17
-8.39313040942e-17
0.0
8.39313040942e-17
0.0
0.0
0.0
0.0
0.0
0.0
-0.00741139436488
-0.00773564286834
-0.000463212147805
0.0
0.0
0.0
0.0
0.0
0.0
0.0
4.14134724149e-17
-8.22747651976e-17
8.22747651976e-17
0.0
0.0
0.0
4.63212147805e-05
0.0
0.0
5.52179632199e-19
-8.22747651976e-17
0.0
0.0
-8.22747651976e-17
0.0
0.0
0.0
0.0
-0.0115803036951
0.0115803036951
0.0
0.0
4.63212147805e-05
0.0
-4.63212147805e-05
0.0
0.0
0.0
0.0
0.0
0.0
0.0
0.0
0.0
0.0
0.0
0.0
0.0
0.0
0.0
8.58365366592e-06
0.0
0.0
4.63212147805e-05
0.0
0.0
0.0
-4.12064050528e-17
-4.63212147805e-05
0.0
0.0
0.0
0.0
0.0
0.0
0.0
0.0
0.0
0.0
0.0
0.0
0.0
0.0
0.0
0.0
0.0
0.0
0.0
0.0
0.0
0.0
0.0
0.0
0.0
0.0
0.0
0.0
-0.0092642429561
-0.00708714586141
-0.0040299456859
0.0
-4.63212147805e-05
0.0
0.0
7.95138670366e-17
0.0
0.0
0.0
0.0
0.0
0.0
0.0
0.0092642429561
-0.00226973952424
0.00296455774595
0.00602175792146
0.00092642429561
0.0
0.0
0.0
4.63212147805e-05
0.0
0.0
0.0
0.0
0.0
-5.52179632199e-19
-4.63212147805e-05
0.0
0.0
0.0
0.0
0.0
0.0
0.0
0.0
0.0
0.0
0.0
0.0115803036951
-0.0115803036951
0.00731875193532
0.0
0.0080598913718
0.0
0.0
0.0
4.19656520471e-17
-4.63212147806e-05
0.0
0.0
0.0
0.0
8.17225855654e-17
-2.20871852879e-18
-2.20871852879e-18
-2.20871852879e-18
0.0
0.0
4.63212147805e-05
0.0
-8.17225855654e-17
0.0
0.0
0.0
0.0
-0.0115803036951
0.0115803036951
0.0
0.0
0.0
-4.19656520471e-17
4.19656520471e-17
0.0
0.0
0.0
0.0
0.0
0.0
4.63212147805e-05
0.0
0.0
0.0
-4.63212147805e-05
0.0
8.39313040942e-17
0.0
0.0
0.0
0.0
0.0
0.0
0.0
0.0
0.0
0.0
4.19656520471e-17
0.0
0.0
0.0
4.63212147805e-05
0.0
0.0
-4.63212147805e-05
0.0
0.00982009753346
0.00231606073902
0.00560486698844
-4.63212147805e-05
4.41743705759e-18
4.41743705759e-18
0.0
0.0
0.0
0.00717978829097
0.00231606073902
0.005697509418
0.0
0.0
-0.0115803036951
0.0
0.0
0.0115803036951
0.0
0.0
-4.41743705759e-17
4.41743705759e-17
0.0
-4.41743705759e-17
0.0
0.0
0.0
0.0
0.0
0.0
7.95138670366e-17
0.0
-8.83487411518e-17
0.0
0.0
0.0
0.0
7.95138670366e-17
0.0
-0.0115803036951
0.0
0.0
0.0
0.0115803036951
4.63212147805e-05
0.0
-4.63212147805e-05
0.0
0.0
0.0
0.0
0.0
0.0
0.0
0.0
0.0
0.0
0.0
7.95138670366e-17
0.0
0.0
0.0
0.0
0.0
0.0
-0.0115803036951
0.0
0.0
0.0115339824803
4.63212147805e-05
0.0
0.0
-4.41743705759e-17
7.95138670366e-17
0.0
0.0
0.0
0.0
0.0
0.0
0.0
0.0
0.0
0.0
0.0
0.0
0.0
0.0
0.0
0.0
-0.00106538793995
-0.0108391642586
-0.00810621258658
-0.0115803036951
0.0
0.0115803036951
3.97569335183e-17
0.0
0.0
0.0
0.0
-0.00231606073902
0.00231606073902
0.0
0.0
8.39313040942e-17
0.00986641874824
0.00458580026327
0.00328880624941
0.0
7.95138670366e-17
-7.95138670366e-17
7.95138670366e-17
0.0
0.0
0.0
0.0
0.0
0.0
-0.00222341830946
0.00532693969975
0.000231606073902
0.0
0.0115803036951
4.63212147805e-05
0.0
0.0
4.41743705759e-17
0.0
0.0
0.0
0.0
0.0
0.0
0.0
-4.63212147805e-05
8.83487411518e-17
0.0
0.0
0.0
0.0
0.0
0.0
0.0
0.0
-0.0115803036951
0.0
0.0
4.41743705759e-17
0.0138963644341
0.0
0.0
4.63212147805e-05
0.0
0.0
0.0
0.0
0.0
0.0
0.0
0.0
0.0
-4.63212147805e-05
0.0
-8.83487411518e-17
0.0
0.0
0.0
-0.00101906672517
-0.0130162613533
-0.0107465218291
-9.2642429561e-05
8.39313040942e-17
0.0
0.0
-0.0115803036951
0.0115803036951
0.0
0.0
0.0
3.97569335183e-17
0.0
0.0
-0.00458580026327
-0.00889367323785
-0.0021307758799
0.0
0.0
0.0
0.0
0.0
0.0
0.0
0.0
0.0
8.17225855654e-17
0.0
0.0
0.0
0.0
0.0
0.0
0.0
0.0
9.26424295609e-05
-4.63212147805e-05
0.0
0.0
0.0
0.0
0.0
0.0
0.0
0.0
0.0
4.63212147805e-05
0.0
0.0
0.0
0.0
0.0
0.0
0.0
0.0
0.0
0.0
0.0
0.0
0.0
0.0
0.0
0.0
0.0
0.0
0.0
0.0
-0.000138963644341
0.0
4.12064050528e-17
0.0
-4.63212147805e-05
0.0
-0.00231606073902
0.00231606073902
0.0
0.0
0.0
0.0
0.0
7.93758221285e-19
7.93758221285e-19
7.93758221285e-19
-6.90224540248e-20
-6.90224540248e-20
-6.90224540248e-20
0.0
4.63212147805e-05
0.0
0.0
0.0
0.0
0.0
0.0
-4.63212147805e-05
0.0
-0.0140816492933
0.0
-0.00889367323785
-4.63212147805e-05
0.0
0.0
0.0
-8.39313040942e-17
8.39313040942e-17
-8.39313040942e-17
0.0
0.0
-4.63212147805e-05
0.0
0.0
0.0
7.95138670366e-17
0.0
0.0
0.0
0.0
0.0
0.0
0.0115803036951
0.0
-0.0115803036951
0.0
0.0
4.63212147805e-05
0.0
0.0
0.0
-3.97569335183e-17
8.39313040942e-17
0.00314984260507
0.0115339824803
0.00880103080829
0.00152860008776
8.25508550137e-17
-8.28269448298e-19
-8.28269448298e-19
-8.28269448298e-19
-2.76089816099e-19
-2.76089816099e-19
-2.76089816099e-19
-2.76089816099e-19
-2.76089816099e-19
-8.25508550137e-17
0.0
0.0
0.0
0.0
0.0
0.0
-4.63212147805e-05
0.0
4.63212147805e-05
0.0
0.0
-4.11373825988e-17
8.25508550137e-17
0.0
0.0
0.0
0.0
8.28269448298e-19
8.28269448298e-19
8.28269448298e-19
-8.25508550137e-17
0.0
0.0
0.0
0.0
0.0
0.0
-4.63212147805e-05
0.0
0.0
4.63212147805e-05
0.0
0.0
0.0
0.0
0.0
0.0
0.0
0.0
0.0
0.0
0.0
-8.28269448298e-19
-8.28269448298e-19
-4.63212147805e-05
8.25508550137e-17
0.0
0.0
0.0
4.63212147805e-05
0.0
0.0
0.0
0.0
8.22747651976e-17
0.0
0.0
0.0
0.0
0.0
0.0
0.0
0.0
0.000231606073902
0.0139426856489
0.00690186100229
0.00361305475288
0.0
-4.63212147805e-05
0.0
0.0
0.0
0.0
0.00268663045727
0.0138500432194
0.00819885501614
0.000509533362585
-4.63212147805e-05
0.0
0.0
0.0
0.0
4.63212147805e-05
-0.0115803036951
0.0
0.0
-7.95138670366e-17
0.0115803036951
0.0
0.0
0.0
0.0
0.0
0.0
0.0
0.0
-4.63212147805e-05
0.0
0.0
0.0
0.0
4.63212147805e-05
-0.00287191531639
-0.013711079575
-0.00870838837873
-0.00176020616166
0.0
0.0
0.0
0.0
0.0
0.0
-0.0115803036951
0.0
0.0115803036951
0.0
0.0
0.0
0.0
-3.97569335183e-17
0.0
3.97569335183e-17
0.0
0.0
0.0
0.0
0.0
0.0
4.41743705759e-18
4.41743705759e-18
0.0
0.0
0.0
0.0
0.0
0.0
0.0
-0.0115803036951
-3.97569335183e-17
3.97569335183e-17
0.0115803036951
0.0
0.0
0.0
-3.97569335183e-17
0.0
3.97569335183e-17
0.0
0.0
0.0
0.0
0.0
0.0
0.0
0.0
0.0
0.0
0.0
0.0
0.0
0.000185284859122
0.00741139436488
0.0099590611778
0.000416890933024
-0.0115803036951
0.0
0.0
0.0115803036951
0.0
0.0
0.0
-4.41743705759e-17
0.0
0.0
4.41743705759e-17
0.0
-4.63212147805e-05
0.0
0.0
0.0
0.0
4.63212147805e-05
0.0
0.0
0.0
-7.95138670366e-17
0.0
0.0
7.95138670366e-17
0.0
-0.0115803036951
0.0
0.0
0.0
0.0115803036951
0.0
-4.41743705759e-17
0.0
0.0
0.0
-4.63212147805e-05
0.0
0.0
0.0
0.0
0.0
0.0
4.63212147805e-05
0.0
0.0
0.0
0.0
0.0
0.0
0.0
0.0
-0.0115803036951
0.0
3.97569335183e-17
0.0115803036951
0.0
0.0
0.0
-4.63212147805e-05
0.0
0.0
0.0
0.0
0.0
0.0
0.0
0.0
-4.41743705759e-17
4.41743705759e-17
-0.0118582309838
-0.00472476390761
-0.00370569718244
0.0
0.0
0.0
0.0
-4.63212147805e-05
0.0
0.0
-0.0115803036951
0.0
0.0115803036951
3.97569335183e-17
0.0
4.63212147805e-05
-0.00745771557966
-0.00713346707619
-0.00384466082678
4.63212147805e-05
0.0
0.0
0.0
0.0
0.0
-5.52179632199e-19
-5.52179632199e-19
-5.52179632199e-19
-5.52179632199e-19
0.0
0.0
8.22747651976e-17
-8.28269448298e-17
0.0
0.0
0.0
0.0
0.0
0.0
0.0
0.0
-0.000277927288683
-0.000138963644341
-0.000277927288683
0.0
0.0
0.0
-4.63212147805e-05
0.0
0.0
0.0
0.0
0.0
0.0
0.0
0.0
0.0
0.0
4.63212147805e-05
0.0
0.0
0.0
0.0
0.0
0.0
0.0
0.0
0.0
0.0
0.0
0.0
0.0
0.0
0.0
0.0
-0.000176701205456
0.0
4.63212147805e-05
0.0
-4.12064050528e-17
0.0
0.0
0.0
0.0
0.0
0.0
0.0
0.0
-4.63212147805e-05
7.93758221285e-19
7.93758221285e-19
-6.90224540248e-20
-6.90224540248e-20
-6.90224540248e-20
-6.90224540248e-20
-6.90224540248e-20
-6.90224540248e-20
-8.22747651976e-17
1.3804490805e-19
1.3804490805e-19
1.3804490805e-19
0.0
0.0
0.0
4.63212147805e-05
0.0
0.0
0.0
0.0
0.0
-4.63212147805e-05
0.0
0.0
-3.45112270124e-20
-0.00101906672517
-0.0107002006143
-0.00671657614317
-0.0021307758799
0.0
0.0
0.0
0.0
0.0
0.0
0.0
4.63212147805e-05
-4.63212147805e-05
0.0115803036951
0.0
-0.0115803036951
-3.97569335183e-17
0.0
0.0
0.0
0.0
0.000231606073902
0.0120898370577
0.00880103080829
0.0016675637321
-8.25508550137e-17
0.0
0.0
0.0
-4.63212147805e-05
8.28269448298e-19
8.28269448298e-19
8.28269448298e-19
0.0
0.0
0.0
0.0
0.0
4.63212147805e-05
0.0
0.0
0.0
0.0
4.11373825988e-17
0.0
0.0
0.0
0.0
0.0
-8.25508550137e-17
8.25508550137e-17
0.0
0.0
0.0
0.0
-4.63212147805e-05
0.0
0.0
2.76089816099e-19
0.0
0.0
0.0
4.63212147805e-05
0.0
0.0
0.0
0.0
-0.0115803036951
0.0092642429561
0.0
0.0
0.0
0.0
-4.63212147805e-05
0.0
0.0
0.0
0.0
0.0
0.0
6.90224540248e-20
4.63212147805e-05
7.93758221285e-19
7.93758221285e-19
-8.23437876516e-17
1.3804490805e-19
1.3804490805e-19
1.3804490805e-19
1.3804490805e-19
1.3804490805e-19
-4.63212147804e-05
-6.90224540248e-20
-8.23437876516e-17
0.0
0.0
0.0
0.0
0.0
0.0
0.0
0.0120898370577
0.0
0.00833781866049
4.63212147805e-05
0.0
0.0
0.0
-4.63212147805e-05
4.63212147805e-05
0.0
-7.95138670366e-17
0.0
0.0
0.0
0.0
0.0
0.0
0.0
0.0
0.0
-0.0115803036951
0.0115803036951
0.0
0.0
0.00727243072053
0.00694818221707
0.00352041232332
0.0
-4.63212147805e-05
4.63212147805e-05
0.0
-3.97569335183e-17
0.0
0.0
0.0
0.0
0.0
-1.32523111728e-17
2.20871852879e-17
-0.0143595765819
-0.00231606073902
-0.00648497006927
8.17225855654e-17
0.0
0.0
0.0
0.0
0.0
0.0
-0.0115803036951
0.0092642429561
0.0
4.19656520471e-17
0.000277927288683
0.0121824794873
0.00880103080829
0.00162124251732
-4.63212147805e-05
0.0
0.0
3.97569335183e-17
4.63212147805e-05
0.0
0.0
0.0
0.0
0.0
0.0
0.0
0.0
-8.39313040942e-17
0.0
0.0
0.0
0.00537326091454
0.00629968521014
-0.0100053823926
0.0
0.0
0.0
0.0115803036951
4.41743705759e-17
0.0
0.0
0.0
-4.63212147805e-05
0.0
0.0
-4.41743705759e-17
0.0
0.0
8.83487411518e-17
0.0
-0.0165829948914
-0.00231606073902
-0.00708714586141
0.0
0.0
8.39313040942e-17
0.0
0.0
0.0
-8.39313040942e-17
4.63212147805e-05
0.0
-0.0115803036951
0.0
0.0115803036951
0.0
0.0
0.0
0.0
3.97569335183e-17
-8.39313040942e-17
3.97569335183e-17
-4.63212147805e-05
0.0
0.0
0.0
0.0
0.0
0.0
0.0
0.0
0.0
0.0124604067759
0.00231606073902
0.0061607215658
0.0
-4.63212147805e-05
0.0
-0.0115803036951
0.0
0.0
0.0
-7.95138670366e-17
0.0115803036951
4.41743705759e-17
0.0
4.63212147805e-05
0.0
-4.41743705759e-17
4.41743705759e-17
0.0
0.0
0.0
0.0
0.0
-4.63212147805e-05
0.0
0.0
0.0
7.95138670366e-17
0.0
0.0
0.0
0.0
-0.0115803036951
0.0
-3.97569335183e-17
3.97569335183e-17
0.0092642429561
0.0
0.0
-0.000185284859122
-0.0165366736766
-0.00231606073902
-0.00856942473439
-9.26424295609e-05
0.0
0.0
0.0
0.0
-2.20871852879e-18
-2.20871852879e-18
-2.20871852879e-18
-2.20871852879e-18
0.0
0.0
-4.63212147805e-05
0.0
-8.17225855654e-17
4.63212147805e-05
0.0
0.0
0.0
-0.0115803036951
-5.52179632199e-19
0.0115803036951
0.0
0.0
-0.0165366736766
-0.00231606073902
-0.0080598913718
0.0
0.0
0.0
4.19656520471e-17
0.0
0.0
0.0
0.0
0.0
-4.63212147805e-05
0.0
0.0
0.0
4.63212147805e-05
-4.63212147805e-05
0.0
-8.39313040942e-17
0.0
0.0
0.0
0.0
0.0
0.0
-4.63212147805e-05
9.26424295609e-05
0.0
0.0
0.0
0.0
4.63212147805e-05
0.0
0.0
-4.63212147805e-05
0.0
0.0
0.0
0.0
0.0
0.0
0.0
0.0
0.0
0.0
0.0
0.0
0.0
-8.4058775895e-05
0.0
0.0
0.0
0.0
0.0
0.0
-4.63212147805e-05
0.0
0.0
0.0
4.63212147805e-05
0.0
6.90224540248e-20
8.6278067531e-19
6.90224540248e-20
0.0
0.0
0.0
0.0
0.0
0.0
0.0
0.0
0.0
0.0
0.0
0.0
-4.63212147805e-05
0.0
0.0
0.0
0.0
0.0
0.0
0.0
0.0
4.63212147805e-05
-0.00097274551039
-0.0129236189238
-0.00898631566741
-0.00231606073902
0.0
-8.39313040942e-17
0.0
0.0
7.95138670366e-17
0.0
0.0
-8.39313040942e-17
0.0
0.0
-4.63212147805e-05
0.0115803036951
0.0
-0.0115803036951
0.0
0.0
0.0
0.0
0.0
0.0
3.97569335183e-17
0.0
0.0
4.63212147804e-05
7.95138670366e-17
0.00727243072053
0.00954217024478
0.000231606073902
0.0
-1.1043592644e-18
0.0
4.63212147805e-05
0.0
0.0
0.0
0.0
0.0
0.0
0.0
0.0
4.08612927827e-17
0.0
-4.63212147805e-05
0.0
0.0
0.0
-4.08612927827e-17
0.0
0.0
0.0
0.0141742917228
0.00231606073902
0.00583647306234
0.0
2.20871852879e-18
2.20871852879e-18
2.20871852879e-18
2.20871852879e-18
0.0
0.0
0.0
-8.17225855654e-17
0.0
0.0
0.0
0.0
-0.0115339824803
0.0115803036951
0.0
0.0
0.0
0.0
0.0
4.19656520471e-17
0.0
0.0
0.0
0.0
0.0
0.0
-2.20871852879e-18
0.0
2.20871852879e-18
8.17225855654e-17
-4.63212147805e-05
0.0
4.63212147804e-05
0.0
0.0
0.0
0.0
-0.0115803036951
0.0
0.0092642429561
0.0
0.0
0.0
0.0
-4.19656520471e-17
0.0
1.23688237612e-16
-8.17225855654e-17
0.0
0.0142206129376
0.00449315783371
0.00324248503463
0.0
0.0
0.0
-4.63212147805e-05
0.0
0.0
0.0
0.0
0.0
0.0
0.00097274551039
0.0130625825681
0.0078282852979
-0.0112097339769
0.0
0.0
0.0
0.0
0.0115803036951
0.0
-0.0167219585358
-0.00231606073902
-0.00671657614317
0.0
0.0
0.0
3.97569335183e-17
0.0
0.0
0.0
0.0
0.0
-7.95138670366e-17
0.0
0.0
4.63212147805e-05
-4.63212147805e-05
0.0
0.0
0.0
0.0
0.0
-0.0092642429561
-3.97569335183e-17
4.41743705759e-17
0.0115803036951
0.0
0.0
0.0
0.0
0.0
-3.97569335183e-17
0.0
0.0
-4.63212147805e-05
0.0
0.0
4.63212147805e-05
0.0
0.0
0.0
0.0
0.0
0.0
0.0
0.0
0.0
-0.0115803036951
0.0
0.0
0.0115803036951
0.0
0.0
0.0
0.0
0.0
0.0
0.0
8.39313040942e-17
0.0
-0.00500269119629
-0.0115803036951
-0.0103759521108
-0.000880103080829
0.0
0.0
0.0
0.0
0.0
0.0
0.0
0.0
0.0
0.0
0.0
0.0
0.0
0.0
-4.14134724149e-17
0.0
0.0
-4.63212147805e-05
0.0
-4.14134724149e-17
0.00129699401385
0.015610249381
0.00657761249883
0.00157492130254
0.0
0.0
4.63212147805e-05
0.0
0.0121447419262
-8.58365366596e-06
0.00824517623092
-8.83487411518e-17
0.0
0.0
8.83487411518e-17
7.95138670366e-17
0.0117655885542
0.00657761249883
0.00203813345034
7.95138670366e-17
0.0
-0.0115803036951
0.0
0.0
0.0
0.0
0.0
0.0115803036951
0.0
0.0
-4.41743705759e-17
0.0
0.0
0.0
4.41743705759e-17
0.0
0.0
0.0
0.0
4.41743705759e-17
-3.53394964607e-17
-0.00495636998151
-0.0115803036951
-0.0106075581847
-0.000833781866049
0.0
0.0
0.0
0.0
0.0
-0.0092642429561
4.63212147805e-05
0.0
0.00694818221707
-0.000185284859122
-0.0186211283418
-0.00231606073902
-0.00667025492839
0.0
0.0
0.0
0.0
-0.00134331522863
-0.015610249381
-0.00463212147805
-0.00384466082678
0.0
0.0
0.0
0.0
-0.00231606073902
0.00231606073902
-2.20871852879e-18
0.0
0.0
0.0
0.0
0.0
-4.63212147805e-05
0.0
0.0
0.0
0.0
0.0
0.0
0.0
0.0
0.0
0.00764300043878
0.00231606073902
0.00565118820322
4.63212147805e-05
0.0
-4.63212147805e-05
0.0
0.0
0.0
0.0
0.0
0.0
0.0
0.0
0.0
4.63212147805e-05
8.28269448298e-17
-4.63212147805e-05
0.0
0.0
0.0
-0.0092642429561
0.0115803036951
0.0
0.0
0.000138963644341
0.0
0.0
0.0
0.0
0.0
0.0
0.0
0.0
0.0
0.0
0.0
0.0
0.0
0.0
0.0
0.0
0.0
0.0
0.0
0.0
0.0
0.0
-4.63212147805e-05
0.0
4.63212147805e-05
-3.77375611146e-05
0.0
0.0
0.0
0.0
0.0
0.0
-4.12064050528e-17
0.0
0.0
0.0
0.0
0.0
-7.24735767261e-19
-7.24735767261e-19
-7.24735767261e-19
-4.63212147805e-05
6.90224540248e-20
8.22920208111e-17
-1.20789294543e-19
-1.20789294543e-19
4.63212147805e-05
-6.47085506483e-20
-6.47085506483e-20
-6.47085506483e-20
0.0
0.0
0.0
4.12064050528e-17
-0.00101906672517
-0.0152860008776
-0.00671657614317
-0.001899169806
0.0
0.0
0.0
0.0
0.0
0.0
0.0
0.0
0.0
4.41743705759e-18
4.63212147805e-05
0.0
8.39313040942e-17
0.0
0.0
-7.95138670366e-17
0.0
8.39313040942e-17
0.00310352139029
0.0114413400508
0.00768932165356
0.0
0.0
0.0
0.0
-4.63212147805e-05
0.0
0.0
0.0
4.14134724149e-17
0.0
0.0
0.0
0.0
0.0
0.0
0.0
4.63212147805e-05
0.0
0.0
0.0
0.0
0.0
0.0
0.0
0.0
0.0
0.0
0.0
4.14134724149e-17
-4.63212147805e-05
0.0
0.0
0.0
0.0
0.0
0.0
-8.22747651976e-17
0.0
0.0
0.0
5.52179632199e-19
5.52179632199e-19
5.52179632199e-19
4.63212147805e-05
0.0
0.0
0.0
0.0
0.0
0.0
-4.63212147804e-05
0.0
0.0115803036951
-0.0115803036951
0.0
0.0
0.0
0.0
0.0
0.0
-4.14134724149e-17
0.0
0.0
0.0
0.0
4.63212147805e-05
0.0
0.0
-4.63212147805e-05
0.0
0.0
0.0
0.0
0.0
0.0
0.0
0.0
0.00092642429561
0.0131089037829
0.000416890933024
0.000509533362585
0.0115803036951
0.0
0.0
0.0
0.0
0.00134331522863
0.0131552249977
0.00787460651268
0.000416890933024
0.0
0.0
0.0
0.0
0.0
0.0
0.0
0.0
0.0
0.0
0.0
0.0
0.0
0.0
0.0
0.0
-0.0115803036951
0.0
3.97569335183e-17
0.0
0.0115803036951
4.41743705759e-17
0.0
4.63212147805e-05
0.0
0.0
-4.63212147805e-05
0.0
0.0
0.0
0.0
0.0
0.0
0.0
0.0
0.0
0.0
0.0
0.0
0.0
0.0
-0.0115803036951
4.63212147804e-05
-4.63212147805e-05
0.0
0.0115803036951
0.0
0.0
-4.41743705759e-17
0.0
0.0
4.41743705759e-17
4.41743705759e-17
0.0
0.0
0.0
0.0
0.0
0.0
0.0
0.0
-8.83487411518e-17
-0.00111170915473
-0.010978127903
-0.00801357015702
-0.000694818221707
0.0
-8.39313040942e-17
-4.63212147805e-05
0.0
-0.0115803036951
0.0115803036951
0.0
3.97569335183e-17
0.0
0.0
-3.97569335183e-17
3.97569335183e-17
0.00982009753346
0.00231606073902
0.00620704278058
-4.41743705759e-17
7.95138670366e-17
0.0
-7.95138670366e-17
4.63212147805e-05
0.0
0.0
0.0
-4.63212147805e-05
0.0
0.0
0.0
0.0
0.0
7.95138670366e-17
-0.0115803036951
-3.97569335183e-17
0.0
-0.0142669341524
-0.00143595765819
-0.00412258811546
0.0
0.0
0.0
4.63212147805e-05
0.0
0.0
-4.19656520471e-17
0.0
0.0
0.0
-4.63212147804e-05
0.0
0.0
0.0
0.0
0.0
0.0
0.0
0.0
0.0
0.0
0.0
0.00509533362585
0.00694818221707
0.007596679224
0.000416890933024
0.0
0.0
0.015193358448
0.00232464439269
0.0112560551917
0.0
4.41743705759e-17
0.0
0.0
0.0
0.0
-4.63212147805e-05
0.0
4.63212147805e-05
0.0
0.0
8.83487411518e-17
0.0
0.0
0.0
0.0
0.0
0.0
0.0
-0.0115803036951
0.0
-3.53394964607e-17
-8.58365366592e-06
8.58365366592e-06
-0.0166842209746
8.58365366596e-06
0.00143595765819
-9.26424295609e-05
0.0
3.97569335183e-17
-3.97569335183e-17
0.0
0.0
0.0
0.0
-4.63212147805e-05
0.0
0.0
0.0
0.0
0.0
4.41743705759e-18
-0.00273295167205
-0.0114876612656
-0.00870838837873
-4.63212147805e-05
0.0
0.0
0.0
0.0
0.0
-0.0115803036951
-0.00954217024478
-0.00152860008776
-0.003798339612
0.0
0.0
0.0
0.0
0.0
0.0
4.19656520471e-17
0.0
0.0
0.0
0.0
-4.63212147805e-05
0.0
0.0
0.0
4.63212147804e-05
0.0
0.0
0.0
0.0
-4.63212147805e-05
0.0
0.0
0.0
0.0
0.0
0.0
9.26424295609e-05
0.0
0.0
0.0
0.0
0.0
0.0
0.0
0.0
0.0
0.0
0.0
0.0
0.0
0.0
0.0
0.0
0.0
0.0
0.0
0.0
0.0
0.0
0.0
0.0
0.0
0.0
0.0
0.0
8.58365366592e-06
0.0
0.0
0.0
0.0
0.0
0.0
0.0
0.0
0.0
0.0
0.0
0.0
0.0
0.0
0.0
0.0
0.0
0.0
0.0
0.0
0.0
0.0
0.0
0.0
0.0
0.0
0.0
0.0
0.0
0.0
0.0
0.0
0.0
0.0
0.0
0.0
0.0
0.0
0.0
0.0
0.0
0.0
0.0
-4.63212147805e-05
0.0
-0.00097274551039
-0.00115803036951
-0.000463212147805
-0.00106538793995
-0.000787460651268
0.0115339824803
-0.0115803036951
0.0
0.0
0.0
-4.63212147805e-05
-0.000416890933024
-0.00106538793995

5.49048684464e-05
4.12064050528e-17
0.0
0.0
0.0
-4.63212147805e-05
0.0
0.0
0.0
0.0
0.0
0.0
4.63212147805e-05
6.90224540248e-20
6.90224540248e-20
6.90224540248e-20
0.0
0.0
0.0
0.0
6.90224540248e-20
-0.0117655885542
0.0
-0.00889367323785
-0.000231606073902
0.0
0.0115803036951
1.1043592644e-18
-0.0115803036951
0.0
0.0
0.0
0.0
0.0
4.63212147805e-05
3.97569335183e-17
-8.39313040942e-17
0.0
0.0
0.0
0.0
-4.63212147805e-05
0.0
0.0
7.95138670366e-17
0.0
0.0
0.0
0.0
0.0
-7.95138670366e-17
0.0
0.0115803036951
0.0
-0.0115803036951
0.0
0.0
0.0
0.0
0.0
-3.97569335183e-17
0.0
0.000185284859122
0.0121361582725
0.00778196408312
0.000555854577366
0.0
0.0
7.93758221285e-19
-8.6278067531e-19
-8.6278067531e-19
-6.90224540248e-20
4.63212147805e-05
6.90224540248e-20
6.90224540248e-20
6.90224540248e-20
0.0
-4.63212147805e-05
-8.23437876516e-17
8.24128101056e-17
0.0
0.0
0.0
0.0
0.0
-4.12064050528e-17
0.0
0.0
4.12064050528e-17
0.0
0.0
0.0
0.0
7.93758221285e-19
7.93758221285e-19
7.93758221285e-19
7.93758221285e-19
-6.90224540248e-20
-6.90224540248e-20
8.39313040942e-17
0.0073650731501
0.00231606073902
0.00583647306234
0.0
-8.39313040942e-17
8.17225855654e-17
0.0
-0.0092642429561
0.0138963644341
4.63212147805e-05
0.0
0.0
0.0
0.0
0.0
-4.63212147805e-05
0.0
0.0
0.0
0.0
0.0
0.0
0.0
8.39313040942e-17
0.0
0.0
0.0
-7.95138670366e-17
0.0140816492933
0.00231606073902
0.0059291154919
0.0
0.0
-0.0092642429561
4.41743705759e-18
0.0
0.0
0.0092642429561
0.0
4.41743705759e-17
-4.41743705759e-17
0.0
0.0
-4.41743705759e-17
0.0
0.0
7.95138670366e-17
-7.95138670366e-17
-4.63212147805e-05
7.95138670366e-17
-7.95138670366e-17
4.63212147805e-05
0.0
0.0
0.0
0.0
0.0
-8.83487411518e-17
0.0
0.0
8.83487411518e-17
0.0
0.0
-8.83487411518e-17
-0.0115803036951
8.39313040942e-17
-7.95138670366e-17
0.0
0.0115803036951
4.41743705759e-17
-4.41743705759e-17
0.0
-4.63212147805e-05
4.41743705759e-17
-4.41743705759e-17
4.41743705759e-17
-4.41743705759e-17
4.63212147805e-05
7.95138670366e-17
0.0
0.0
-8.83487411518e-17
0.0
0.0
-0.00273295167205
-0.011395018836
-0.00685553978751
-0.00199181223556
4.63212147805e-05
-4.63212147805e-05
0.0
0.0
0.0
0.0
0.0
0.0
0.0
0.0
-0.0115803036951
0.0092642429561
0.0
0.0
0.0
4.63212147805e-05
0.0
-0.00231606073902
0.00231606073902
0.0
0.0
0.0
-4.63212147805e-05
0.00310352139029
0.0138963644341
0.00796724894224
0.000463212147805
-7.95138670366e-17
4.63212147805e-05
-7.95138670366e-17
0.0
0.0
0.0
0.0
0.0
-4.63212147805e-05
-0.0115803036951
3.97569335183e-17
0.0
0.0
0.0115803036951
0.0
0.0
0.0
0.0
0.0
0.0
0.0
-0.00231606073902
0.00231606073902
0.0
0.0
0.0
0.0
0.0
0.0
4.63212147805e-05
8.83487411518e-17
-7.95138670366e-17
-4.63212147805e-05
0.0
-0.0139426856489
-0.00231606073902
-0.00667025492839
-0.00217709709468
-8.17225855654e-17
8.17225855654e-17
-0.0115803036951
0.0115803036951
0.0
0.0
4.19656520471e-17
-4.19656520471e-17
0.0
0.0
4.63212147805e-05
8.17225855654e-17
-8.17225855654e-17
0.0
0.000231606073902
0.0119508734134
0.00477108512239
0.00370569718244
0.0
4.63212147804e-05
1.76697482304e-17
0.0122751219168
0.00463212147805
0.0061607215658
0.0
0.0
-4.63212147805e-05
7.95138670366e-17
-7.95138670366e-17
7.95138670366e-17
-0.0092642429561
0.0
-3.53394964607e-17
0.0
3.53394964607e-17
0.0
0.0115803036951
4.41743705759e-17
-4.41743705759e-17
4.41743705759e-17
-4.41743705759e-17
4.41743705759e-17
-4.41743705759e-17
0.0
0.0
0.0
-7.95138670366e-17
1.59027734073e-16
-1.67862608188e-16
-0.00717978829097
-0.0115803036951
-0.00903263688219
-9.26424295609e-05
0.0
0.0
0.0
0.0
0.0
0.0
-0.0138963644341
3.97569335183e-17
0.0
0.0115803036951
0.0
0.0
0.0
-3.97569335183e-17
-0.00231606073902
0.00231606073902
-0.0139890068637
-0.00231606073902
-0.00667025492839
8.17225855654e-17
0.0
0.0
0.0
0.0
0.0
0.0
0.0
0.0
2.20871852879e-18
0.0
0.0
2.20871852879e-18
0.0
0.0
0.0
-0.0115339824803
0.0115803036951
0.0
0.0
-0.00694818221707
-0.0100980248221
-0.000694818221707
0.0
4.08612927827e-17
4.08612927827e-17
0.0
0.0
0.0
4.63212147805e-05
0.0
0.0
-8.17225855654e-17
0.0
-1.1043592644e-18
0.0
0.0
-9.26424295609e-05
0.0
0.0
0.0
0.0
0.0
0.0115803036951
-0.00333512746419
0.0
0.0
0.0
0.0
0.0
0.0
0.0
0.0
0.0
0.0
0.0
0.0
0.0
0.0
4.63212147805e-05
0.0
0.0
0.0
0.0
0.0
0.0
0.0
0.0
4.63212147805e-05
4.63212147805e-05
0.0
0.0
-4.12064050528e-17
0.0
0.0
-4.63212147805e-05
0.0
8.24128101056e-17
-8.24128101056e-17
8.24128101056e-17
-8.23782988786e-17
-0.00518797605541
-0.00453947904849
-0.00328880624941
0.0
0.0
0.0
-4.63212147805e-05
4.63212147805e-05
0.0
0.0
0.0
0.0
-8.39313040942e-17
0.0115803036951
-0.0115803036951
0.0
0.0
0.0120435158429
0.00676289735795
0.00194549102078
0.0
0.0
0.0
-4.08612927827e-17
8.28269448298e-17
-8.28269448298e-17
-0.0140353280785
-0.00231606073902
-0.00875470959351
-0.000138963644341
0.0
0.0
-8.17225855654e-17
8.39313040942e-17
-4.63212147805e-05
0.0
0.0
0.0
0.0
4.63212147805e-05
0.0
0.0
0.0115803036951
0.0
-0.0092642429561
0.0
0.0
0.0
0.0
0.0
-4.19656520471e-17
8.17225855654e-17
0.0
0.0
0.0
0.0
0.0
0.0
-8.17225855654e-17
8.17225855654e-17
-8.39313040942e-17
8.39313040942e-17
-8.39313040942e-17
-4.63212147805e-05
0.0
0.0
0.0
0.0
0.00602175792146
0.0119131358522
0.00449315783371
0.0
0.0
0.0
-4.63212147805e-05
0.0
0.0
4.63212147805e-05
4.08612927827e-17
-8.28269448298e-17
0.0
0.0
0.0
0.0
0.0
-1.1043592644e-18
0.0
0.0
0.0
0.0
0.0
0.0
0.0
0.0
0.0
-4.63212147805e-05
0.0
0.0
4.63212147805e-05
0.0
0.0
0.0
0.0
-4.08612927827e-17
0.0
0.0
0.0
0.0
0.0
-1.1043592644e-18
0.0
0.0
0.0
-4.63212147805e-05
0.0
0.0
-8.28269448298e-17
0.0120898370577
-4.19656520471e-17
0.0078282852979
0.0
-8.39313040942e-17
-0.0092642429561
2.20871852879e-18
0.0115803036951
0.000185284859122
0.011811909769
0.00903263688219
0.00176020616166
0.0
4.63212147805e-05
-4.63212147805e-05
0.0
0.0
0.0
0.0
0.0
0.0
0.0
0.0
0.0
0.0
0.0
0.0
0.0
0.0
0.0
0.0
0.0
-0.0115803036951
0.0
3.77375611145e-05
8.58365366596e-06
-0.00342776989376
-0.00722610950575
-0.00412258811546
0.0
0.0
0.0
0.0
-3.97569335183e-17
4.63212147805e-05
0.0
0.0
-4.63212147805e-05
0.0
0.0
0.0
0.0
0.0
7.95138670366e-17
0.0
0.0
0.0
0.0
0.0
0.0
-0.0115803036951
4.19656520471e-17
0.0138963644341
3.97569335183e-17
4.63212147805e-05
0.0
0.0
0.0
0.0
-4.63212147805e-05
0.0
0.0
0.0
0.0
0.0
0.0
0.0
0.0
0.0
0.0
0.0
0.0
0.0
0.0
0.0
0.0
-0.0115803036951
0.00694818221707
0.000185284859122
0.0120520994966
0.00639232763971
0.0115803036951
0.0
0.0
0.0
-4.41743705759e-17
4.41743705759e-17
-4.41743705759e-17
4.41743705759e-17
-4.63212147805e-05
0.0
0.0
0.0
0.0
0.0
0.0
0.0
0.0
0.0
0.0
4.63212147805e-05
-0.00120435158429
-0.0107465218291
-0.00861574594917
-4.63212147805e-05
-0.0115803036951
0.0
-4.63212147804e-05
0.0115803036951
-3.97569335183e-17
0.0
0.0
0.0
0.0
0.0
4.63212147805e-05
0.0
8.39313040942e-17
0.0
0.0
0.0
0.0
-7.95138670366e-17
0.0
0.00282559410161
0.00921792174132
0.00810621258658
4.63212147805e-05
0.0
0.0
0.0
0.0
-0.0115803036951
0.0
0.0
0.0
0.0115803036951
0.0
0.0
0.0
0.0
-4.63212147805e-05
0.0
0.0
0.0
0.0
0.0
0.0
0.0
4.63212147805e-05
0.0
0.0
-0.00106538793995
-0.0176483828314
-0.00486372755195
-0.00430787297458
0.0
0.0
0.0
0.0
0.0
-0.0115803036951
0.0
0.0092642429561
0.0
0.0
0.0
0.0
-3.97569335183e-17
0.0
3.97569335183e-17
0.0
0.0
0.0
0.0
0.0
4.63212147805e-05
0.0
0.0
-4.63212147805e-05
0.0
0.0
-0.00509533362585
-8.17225855654e-17
-0.00829149744571
8.28269448298e-17
4.63212147804e-05
0.0
-0.0115803036951
0.0115803036951
-4.08612927827e-17
0.0
0.0
0.0
0.0
4.08612927827e-17
4.08612927827e-17
-8.28269448298e-17
8.28269448298e-17
-8.28269448298e-17
8.28269448298e-17
-8.28269448298e-17
-0.00273295167205
-0.00440051540415
-0.00301087896073
9.31803129335e-19
9.31803129335e-19
1.3804490805e-19
1.3804490805e-19
8.24128101056e-17
0.0
8.22747651976e-17
-1.3804490805e-19
-1.3804490805e-19
-1.3804490805e-19
-1.3804490805e-19
0.0
4.12064050528e-17
0.0
4.63212147805e-05
-4.63212147805e-05
0.0
0.0
0.0
0.0
0.0
0.0
0.0
0.0
0.0
0.0
0.0
0.0
0.0
0.0
0.0
0.0
0.0
0.0
0.0
-4.63212147805e-05
5.49048684464e-05
0.0
0.0
0.0
0.0
0.0
0.0
0.0
0.0
0.0
0.0
0.0
0.0
-4.63212147805e-05
0.0
0.0
0.0
0.0
0.0
0.0
0.0
0.0
0.0
0.0
0.0
0.0
4.63212147805e-05
-0.00111170915473
-0.0132015462124
-0.0080598913718
-0.000602175792146
0.0
0.0
3.97569335183e-17
-3.97569335183e-17
8.39313040942e-17
0.0
0.0
0.0
0.0
0.0
-7.95138670366e-17
0.0
-4.63212147804e-05
4.63212147805e-05
-8.39313040942e-17
0.0
0.0
0.0
0.0
0.0
0.0
0.0
0.0092642429561
0.0
-0.0092642429561
0.0
-3.97569335183e-17
3.97569335183e-17
0.0
0.0
0.0
3.97569335183e-17
0.0
0.0
0.0
0.00319616381985
0.0114413400508
0.00875470959351
0.00157492130254
-8.28269448298e-19
8.28269448298e-19
8.28269448298e-19
0.0
0.0
0.0
0.0
0.0
0.0
0.0
0.0
0.0
0.0
0.0
0.0
0.0
0.0
4.11373825988e-17
0.0121361582725
0.00634600642493
0.00148227887298
0.0
3.97569335183e-17
-8.39313040942e-17
0.0
-0.000231606073902
-0.00949584903
-0.00852310351961
-9.26424295609e-05
-8.17225855654e-17
5.52179632199e-19
5.52179632199e-19
8.22747651976e-17
-8.28269448298e-17
4.63212147805e-05
0.0
0.0
0.0
0.0
0.0
0.0
0.0
0.0
0.0
0.0
-4.63212147805e-05
0.0
4.14134724149e-17
0.00273295167205
0.0114413400508
0.00889367323785
0.00157492130254
8.39313040942e-17
-8.39313040942e-17
0.0
-4.63212147805e-05
0.0
4.63212147805e-05
0.0
0.0
0.0
0.0
0.0
0.0
0.0
0.0
0.0
-0.0092642429561
0.0
0.0
0.0115803036951
0.0
-3.97569335183e-17
0.0
-4.63212147805e-05
0.0
8.39313040942e-17
0.0
4.63212147805e-05
0.0
-7.95138670366e-17
-0.0142206129376
0.0
-0.00870838837873
-4.63212147805e-05
0.0
0.0
-8.28269448298e-17
0.0
0.0
1.6565388966e-16
9.26424295608e-05
0.0138037220046
0.00643864885449
0.00157492130254
0.0
0.0
-0.0092642429561
3.97569335183e-17
0.0092642429561
0.0
-3.97569335183e-17
0.0
-4.63212147805e-05
0.0
0.0
0.0
0.0
0.0
0.0
0.0
0.0
4.63212147805e-05
-8.39313040942e-17
8.39313040942e-17
-8.39313040942e-17
0.0
0.0
0.0
0.0
0.0
-4.63212147805e-05
-0.0115803036951
0.0
0.0
0.0092642429561
0.0
0.0
0.0
0.0
0.0
0.0
0.0
0.0
4.63212147805e-05
0.0
0.0
0.0
0.0
-4.63212147805e-05
0.0
0.0
0.0
0.0
0.0
0.0
0.0
0.0
-0.0115803036951
0.0
0.0115803036951
0.0
0.0
0.0
0.0
0.0
0.0123214431316
0.00634600642493
0.00180652737644
4.41743705759e-17
4.41743705759e-17
-7.95138670366e-17
-4.63212147805e-05
0.0
0.0
0.0
0.0
0.0
0.0
8.83487411518e-17
0.0
0.0
0.0
0.0
-0.00231606073902
-0.0092642429561
-0.00101906672517
-0.013294188642
-0.00875470959351
-0.001899169806
0.0115803036951
0.0
0.0
0.0
0.0
3.97569335183e-17
0.0
0.0
0.0
-4.63212147805e-05
0.0
0.0
-7.95138670366e-17
8.39313040942e-17
0.0124140855612
0.00231606073902
0.00843046109005
0.0
0.0
0.0
0.0
0.0
0.0
4.63212147805e-05
-4.63212147805e-05
-0.0092642429561
0.0
0.0
0.0
0.0115803036951
0.0
0.0
0.00977377631868
0.00861574594917
0.00171388494688
4.41743705759e-17
-4.41743705759e-17
4.41743705759e-17
-4.41743705759e-17
0.0
-0.00707856220775
-0.00232464439269
-0.00898631566741
-0.000185284859122
0.0
-7.95138670366e-17
0.0
0.0
0.0
8.83487411518e-17
0.0
4.63212147805e-05
0.0
0.0
-0.0115803036951
0.0
0.0
0.0
0.0115803036951
0.0
4.41743705759e-17
0.0
-0.0118582309838
-0.00472476390761
-0.00412258811546
8.39313040942e-17
0.0
0.0
0.0
0.0
0.0
0.0
0.0
0.0
0.0
0.0
4.63212147805e-05
-4.63212147805e-05
-0.00977377631868
-0.00463212147805
-0.0040299456859
0.0
0.0
0.0
0.0
0.0
0.0
0.0
0.0
0.0
0.0
-4.19656520471e-17
0.0
0.0
0.0
0.0
0.0
0.0
4.63212147805e-05
8.17225855654e-17
-0.00245502438337
-0.00217709709468
-0.00833781866049
-8.22747651976e-17
4.63212147805e-05
-4.63212147805e-05
0.0
0.0
0.0
0.0
8.22747651976e-17
0.0115803036951
-0.0092642429561
0.0
-9.26424295609e-05
-4.63212147805e-05
0.0
-4.63212147805e-05
4.11373825988e-17
0.0
4.63212147805e-05
0.0
0.0
0.0
0.0
0.0
0.0
0.0
0.0
0.0
0.0
-3.77375611145e-05
-4.12064050528e-17
0.0
0.0
0.0
-4.63212147805e-05
0.0
4.12064050528e-17
-8.24128101056e-17
4.63212147805e-05
0.0
0.0
0.0
-6.47085506483e-20
-6.47085506483e-20
-6.47085506483e-20
0.0
0.0
0.0
0.0
0.0
0.0
0.0
-6.47085506483e-20
0.0
0.0
0.0
-4.63212147805e-05
0.0
0.0
0.0
0.0
-4.12064050528e-17
0.0
4.63212147805e-05
-8.24128101056e-17
0.0
0.0
9.18861419205e-19
9.83569969854e-19
-0.00268663045727
-0.00435419418936
-0.00310352139029
-4.63212147804e-05
0.0
0.0
-8.17225855654e-17
8.17225855654e-17
-8.17225855654e-17
-0.00704082464663
-0.00231606073902
-0.00634600642493
0.0115803036951
-4.63212147805e-05
-0.0115803036951
0.0
0.0
0.0
0.0
4.63212147805e-05
0.0
0.0
0.0
0.0
0.0
0.0
0.0
0.0
0.0
0.0
0.0
8.39313040942e-17
-7.95138670366e-17
0.0
0.0
0.00778196408312
0.00231606073902
0.00843046109005
0.0
0.0
0.0115803036951
-0.0092642429561
4.08612927827e-17
-4.08612927827e-17
4.08612927827e-17
0.0
0.0
4.63212147804e-05
0.0
0.0
0.0
0.0
0.0
-1.1043592644e-18
-1.1043592644e-18
-1.1043592644e-18
-1.1043592644e-18
0.0
0.0
-4.63212147805e-05
0.0
0.0
0.0
0.0
0.0
0.0115803036951
-0.0115803036951
4.63212147805e-05
0.0
0.0
0.0
0.0143132553672
0.00231606073902
0.00588279427712
4.63212147805e-05
-4.19656520471e-17
0.0
0.0
0.0
0.0
0.0
0.0
0.0
8.17225855654e-17
0.0
0.00277927288683
0.0115339824803
0.00991273996302
0.000370569718244
0.0
0.0
0.0
0.0
-7.95138670366e-17
-0.0115803036951
0.0
0.0
0.0115803036951
0.0
0.0
0.0
0.0
-4.63212147805e-05
0.0
4.63212147805e-05
0.0
0.0
0.0
0.0
7.95138670366e-17
-7.95138670366e-17
0.0
0.0
0.0
0.0
0.0
0.0
0.0
-0.00694818221707
-0.00463212147805
-0.00643864885449
-0.0115803036951
0.0
0.0092642429561
-3.97569335183e-17
0.0
0.0
0.0
4.63212147805e-05
0.0
3.97569335183e-17
0.0
-4.63212147805e-05
0.0
0.0
0.0
0.0
0.0
0.0
0.0
0.0
0.0
0.0
0.0
0.0
0.0
0.0
-0.0115803036951
0.0
0.0115803036951
0.0
0.0
-4.63212147805e-05
0.0
0.0
0.0
-3.97569335183e-17
8.39313040942e-17
0.0
0.0
0.0
0.0
4.41743705759e-18
0.0
4.41743705759e-18
0.0
0.0
0.0
0.0
0.0
0.0
-8.39313040942e-17
-0.0138963644341
4.63212147805e-05
0.0
0.0115803036951
0.0
0.0
0.0
0.0
4.19656520471e-17
0.0
0.0
0.0
0.0
0.0
0.0
-2.20871852879e-18
0.0
0.0
0.0
0.0
0.0
-8.39313040942e-17
0.0
0.0
-4.63212147804e-05
0.000277927288683
0.00963481267434
-4.63212147805e-05
0.000463212147805
-7.95138670366e-17
0.0
0.0115803036951
0.0
0.0
0.0
0.0
0.0
0.0
0.0
0.00954217024478
0.00657761249883
0.00171388494688
-8.83487411518e-17
7.95138670366e-17
-7.95138670366e-17
7.95138670366e-17
0.0
0.0
-4.63212147805e-05
0.0
0.0
-7.95138670366e-17
8.83487411518e-17
-0.0092642429561
8.83487411518e-17
-7.95138670366e-17
4.63212147805e-05
0.0
0.0115803036951
0.0
0.0
0.0
0.0
0.0
0.0
4.41743705759e-17
0.0
-4.63212147805e-05
0.0
0.0
0.0
0.0
0.0
0.0
0.0
0.0
0.0
0.0
0.0
-0.0115803036951
4.63212147805e-05
0.0
0.0
0.0
0.0115803036951
0.0
-4.41743705759e-17
0.0
0.0
-3.53394964607e-17
-0.000231606073902
-0.00917160052653
-0.00838413987527
-9.2642429561e-05
0.0
-0.00935688538566
-0.0078282852979
-0.000648497006927
-0.0110244491178
-0.00472476390761
-0.00384466082678
1.1043592644e-18
0.0
0.0
0.0
0.0
0.0
-8.28269448298e-17
-4.63212147804e-05
-8.28269448298e-17
0.0
0.0
0.0
0.0
-4.08612927827e-17
0.0
0.0
0.0
4.08612927827e-17
0.0
0.0
0.0
0.0
0.0
4.63212147805e-05
-8.39313040942e-17
-1.1043592644e-18
-1.1043592644e-18
0.0
0.0
0.0
-4.63212147805e-05
0.0
0.0
0.0
0.0
0.0
0.0
0.0
0.0
0.0
-0.000463212147805
9.26424295609e-05
0.0
-0.000138963644341
9.2642429561e-05
0.0
0.0
0.0
0.0
0.0
0.0
0.0
0.0
0.0
0.0
0.0
0.0
0.0
0.0
0.0
0.0
0.0
0.0
0.0
0.0
0.0
0.0
0.0
0.0
0.0
0.0
0.0
0.0
0.0
-8.4058775895e-05
0.0
0.0
0.0
0.0
-4.12064050528e-17
0.0
8.24128101056e-17
0.0
0.0
0.0
0.0
0.0
-6.90224540248e-20
-8.32065683269e-17
-7.93758221285e-19
-7.93758221285e-19
0.0
1.20789294543e-19
6.90224540248e-20
8.23437876516e-17
-6.90224540248e-20
-6.90224540248e-20
-6.90224540248e-20
-6.90224540248e-20
-8.23437876516e-17
0.0
0.0
4.12064050528e-17
0.0
0.0
0.0
0.0
0.0
-4.12064050528e-17
8.24128101056e-17
-8.24128101056e-17
0.0
0.0
0.0
-0.00958849145956
-0.00463212147805
-0.00667025492839
8.39313040942e-17
0.0
-4.63212147805e-05
0.0
0.0
0.0
-7.95138670366e-17
0.0
0.0
0.0
0.0
0.0
7.95138670366e-17
0.0
0.00694818221707
0.0
-0.0115803036951
0.0
0.0
0.0
0.0
0.0
3.97569335183e-17
-8.39313040942e-17
4.63212147805e-05
0.0
-8.39313040942e-17
0.0
8.39313040942e-17
0.0
-4.63212147805e-05
-8.39313040942e-17
7.5096429979e-17
0.000231606073902
0.0101443460369
0.00819885501614
8.17225855654e-17
0.0
0.0
0.0
0.0
0.0
-8.17225855654e-17
0.0
8.17225855654e-17
0.0
4.63212147805e-05
0.0
-4.08612927827e-17
0.0
0.0
0.0
4.08612927827e-17
0.0
0.0
0.0
0.0
0.0
0.0
-4.63212147805e-05
0.0
0.0
0.0
0.0
-8.17225855654e-17
0.0
0.0
0.0
0.0
0.0
8.17225855654e-17
4.63212147804e-05
-4.08612927827e-17
4.08612927827e-17
0.0100517036074
0.00653129128405
0.00162124251732
4.19656520471e-17
-4.19656520471e-17
0.0
0.0
0.0
0.0
0.0
0.0
0.0
8.17225855654e-17
0.0
-8.17225855654e-17
0.0
0.0
2.20871852879e-18
8.39313040942e-17
4.63212147805e-05
-4.63212147806e-05
0.0
0.0
0.0
0.0
8.17225855654e-17
0.0
0.00352041232332
0.00634600642493
0.00171388494688
-8.39313040942e-17
0.0115803036951
0.0
0.0
0.0
0.0
0.0
0.0
0.0
0.0
0.0
0.0
0.0
0.0
4.41743705759e-18
8.39313040942e-17
0.0
0.0
-8.39313040942e-17
0.0
0.0
0.0
0.0
0.0
-0.0115803036951
0.00119576793063
0.00172246860054
0.00694818221707
0.0
0.0
0.0092642429561
0.0
4.41743705759e-17
-4.63212147805e-05
-4.41743705759e-17
0.0
4.41743705759e-17
0.0
0.0
0.0
-0.00268663045727
-0.00648497006927
-0.000277927288683
0.0
0.0
-7.95138670366e-17
8.39313040942e-17
0.0
8.39313040942e-17
0.0
-8.39313040942e-17
0.0
0.0
0.0
0.0
-0.0115803036951
4.63212147805e-05
0.0
-4.41743705759e-17
0.0115803036951
-4.63212147805e-05
0.0
0.0
-3.97569335183e-17
0.0
0.0
3.97569335183e-17
0.0
0.0
0.0
7.95138670366e-17
-7.95138670366e-17
0.0
-0.00097274551039
-0.00314984260507
-0.00111170915473
4.41743705759e-18
0.0
8.39313040942e-17
0.0
4.63212147804e-05
0.0
-0.00273295167205
-0.00222341830946
-0.00504901241107
-8.17225855654e-17
-0.0092642429561
0.0
0.0092642429561
0.0
4.19656520471e-17
0.0
0.0
0.0
0.0
0.0
0.0
0.0
0.0
0.0
-4.63212147805e-05
-2.20871852879e-18
0.0
0.0
8.39313040942e-17
4.63212147805e-05
0.0
0.0
-8.17225855654e-17
0.0
8.17225855654e-17
0.0
8.17225855654e-17
0.0
-0.0092642429561
0.0
0.0092642429561
0.0
0.0
0.0
0.0
0.0
0.0
-4.19656520471e-17
4.19656520471e-17
-8.17225855654e-17
0.0
-4.63212147805e-05
9.26424295611e-05
0.00727243072053
0.00801357015702
0.0
7.95138670366e-17
0.0
-8.39313040942e-17
0.0
0.00537326091454
0.00643864885449
0.0016675637321
-7.95138670366e-17
8.83487411518e-18
0.00731875193532
0.0
0.00792092772746
0.00430787297458
0.00231606073902
-0.000231606073902
0.000509533362585
-5.49048684465e-05
8.58365366596e-06
0.00259398802771
0.00713346707619
-4.41743705759e-17
5.30092446911e-17
0.0119886109745
0.00657761249883
0.00121293523796
0.0073650731501
0.00634600642493
0.00129699401385
0.0092642429561
0.0
0.0
-5.30092446911e-17
0.0
0.0
8.83487411518e-17
-4.63212147805e-05
-8.83487411518e-17
8.83487411518e-17
0.0
-0.00250134559815
-0.00907895809697
-0.0115803036951
-0.0138963644341
-0.00458580026327
-0.00338144867897
4.63212147805e-05
-0.0023623819538
-0.0111634127621
-0.0092642429561
-0.0115803036951
-0.0092642429561
-0.0115803036951
-0.00750403679444
-0.000277927288683
-8.17225855654e-17
4.63212147805e-05
0.0
-0.00481740633717
-0.00458580026327
-0.00338144867897
-8.24128101056e-17
-0.0115803036951
0.0092642429561
0.0
0.0
0.0
0.0
0.0
0.0
0.0
0.0
0.0
0.0
0.0
0.0
0.0
0.0
0.0
4.63212147805e-05
6.90224540248e-19
-8.24128101056e-17
-4.63212147805e-05
-8.22747651976e-17
1.3804490805e-19
1.3804490805e-19
1.3804490805e-19
1.3804490805e-19
1.3804490805e-19
1.3804490805e-19
0.0
0.0
0.0
-4.12754275068e-17
4.12754275068e-17
-4.12754275068e-17
4.12754275068e-17
0.0
0.0
0.0
0.0
0.0
0.0
-8.24128101056e-17
8.24128101056e-17
0.0
0.0
8.28269448298e-19
8.22747651976e-17
-8.24128101056e-17
4.63212147805e-05
0.0
-4.63212147805e-05
0.0
0.0
0.0
0.0
0.0
0.0
-0.000176701205456
4.12064050528e-17
0.0
-4.12064050528e-17
-4.63212147805e-05
0.0
4.12064050528e-17
-8.24128101056e-17
0.0
0.0
0.0
0.0
0.0
0.0
8.23437876516e-17
-8.32065683269e-17
-7.93758221285e-19
6.90224540248e-20
1.3804490805e-19
1.3804490805e-19
-0.000833781866049
0.0
-0.00463212147805
-8.28269448298e-17
0.0
0.0
0.0
8.28269448298e-17
-1.1043592644e-18
-0.000231606073903
-0.00708714586141
-0.00268663045727
-0.003798339612
-4.19656520471e-17
-0.0092642429561
0.0
0.0
0.0
0.0
0.0
0.0
0.0
3.97569335183e-17
0.0
-3.97569335183e-17
0.0
0.0
0.0
0.0
0.0
0.0
0.0
0.0
0.0
0.0
0.0
0.0
0.0
0.0
0.0
0.0
0.0
0.0
-8.39313040942e-17
8.39313040942e-17
0.0
0.0
-8.39313040942e-17
0.0092642429561
-4.19656520471e-17
-4.19656520471e-17
-0.0092642429561
0.0
0.0
0.0
0.0
0.0
-3.97569335183e-17
0.0
3.97569335183e-17
0.0
0.0
0.0
0.0121361582725
0.0
0.00773564286834
0.000602175792146
0.0
0.0
8.39313040942e-17
0.0
8.28269448298e-17
0.0
-8.28269448298e-17
0.0
0.0
0.0
-8.17225855654e-17
0.0
0.0
0.0
4.08612927827e-17
0.0
0.0
0.0
0.0
0.0
0.0
0.0
-4.63212147805e-05
4.63212147805e-05
-8.28269448298e-17
0.0
8.28269448298e-17
0.00486372755195
4.14134724149e-17
0.0078282852979
4.63212147805e-05
5.52179632199e-19
-8.28269448298e-17
0.0
0.0
0.0
0.0
-4.63212147805e-05
0.0
0.0
8.28269448298e-17
0.0
-0.0092642429561
0.00694818221707
0.0
0.0
4.11373825988e-17
0.0
0.0
4.11373825988e-17
-8.25508550137e-17
0.0
0.0
0.0
8.25508550137e-17
0.0
-8.19986753815e-17
8.28269448298e-19
0.0
0.0
0.0
0.0
8.22747651976e-17
0.0
-2.76089816099e-19
-2.76089816099e-19
-2.76089816099e-19
-2.76089816099e-19
-8.22747651976e-17
-0.0115803036951
0.0092642429561
0.0
0.0
0.0
0.0
0.0
0.0
4.63212147804e-05
0.0073650731501
0.00463212147805
0.00528061848497
-8.17225855654e-17
0.0
8.58365366596e-06
-8.58365366596e-06
0.00509533362585
0.00977377631868
0.000370569718244
-4.63212147805e-05
0.0
-7.95138670366e-17
0.0
0.0
0.0
7.95138670366e-17
-7.95138670366e-17
7.95138670366e-17
0.0
-7.95138670366e-17
-0.0092642429561
-8.39313040942e-17
0.0
4.41743705759e-17
0.0092642429561
0.0
0.0
-3.97569335183e-17
8.39313040942e-17
-3.97569335183e-17
-3.97569335183e-17
4.63212147805e-05
0.0
0.0
-4.63212147805e-05
7.95138670366e-17
-7.95138670366e-17
0.0
8.39313040942e-17
4.41743705759e-18
0.0
-8.39313040942e-17
0.0
0.0
0.0
0.0
0.0
7.95138670366e-17
0.0
-0.0092642429561
4.63212147805e-05
-3.97569335183e-17
-4.63212147805e-05
0.00694818221707
0.0
-3.97569335183e-17
0.0
0.0
0.0
3.97569335183e-17
0.0
-3.97569335183e-17
8.39313040942e-17
-8.39313040942e-17
0.0
0.0
0.0
0.0
0.0
-4.63212147805e-05
4.63212147805e-05
0.0
0.0
0.0
-0.00245502438337
-0.00222341830946
-0.00792092772746
-4.63212147805e-05
0.0
0.0
-0.0115803036951
1.1043592644e-18
4.08612927827e-17
-4.08612927827e-17
0.00694818221707
4.19656520471e-17
-0.000185284859122
-0.0142669341524
-0.00458580026327
-0.00393730325634
0.0
-4.19656520471e-17
8.17225855654e-17
0.0
0.0
-8.17225855654e-17
0.0
-4.63212147805e-05
-2.20871852879e-18
0.0
4.63212147805e-05
0.0
-8.17225855654e-17
0.0
0.0
8.39313040942e-17
0.0
0.0
-8.39313040942e-17
0.0
0.0119971946281
0.00463212147805
0.0035667335381
-0.0092642429561
-5.52179632199e-19
-5.52179632199e-19
0.0115803036951
0.0
0.0
0.0
0.007596679224
0.00463212147805
0.00342776989376
0.0
0.0
0.0
0.0
0.0
0.00260257168137
0.00226115587058
0.00717978829097
0.0
4.63212147805e-05
8.83487411518e-17
0.0
-8.83487411518e-17
0.0
8.83487411518e-17
0.0
-8.83487411518e-17
0.0
0.0
0.0
-0.0092642429561
0.0
-3.97569335183e-17
3.97569335183e-17
-3.97569335183e-17
0.0092642429561
-4.63212147805e-05
0.0
4.41743705759e-17
0.0
-4.41743705759e-17
0.0
4.41743705759e-17
-4.41743705759e-17
0.0
4.63212147805e-05
0.0
8.58365366608e-06
-8.58365366608e-06
-0.00931056417088
-0.00704082464663
-0.00407626690068
-8.39313040942e-17
0.0
8.39313040942e-17
0.0
0.0
0.0
0.0
0.0
0.0
-0.00680921857273
-0.00787460651268
-0.0115803036951
4.08612927827e-17
0.0115803036951
0.0
0.0
0.0
-4.63212147805e-05
0.0
0.0
4.14134724149e-17
-4.14134724149e-17
-4.14134724149e-17
0.0
0.0
0.0
8.22747651976e-17
-8.22747651976e-17
4.63212147805e-05
8.22747651976e-17
8.28269448298e-17
5.52179632199e-19
-8.17225855654e-17
-8.22747651976e-17
0.0
0.0
0.0
0.0
8.28269448298e-17
0.0
0.0
-0.0115803036951
1.1043592644e-18
0.0115803036951
-4.14134724149e-17
4.14134724149e-17
0.0
0.0
0.0
0.0
-4.14134724149e-17
-4.63212147804e-05
-8.22747651976e-17
0.0
8.22747651976e-17
5.52179632199e-19
-8.22747651976e-17
4.63212147805e-05
-0.00101906672517
-0.003798339612
-0.00477108512239
-8.22747651976e-17
8.22747651976e-17
0.0
0.0
4.63212147805e-05
0.0
0.0
0.0
0.0
0.0
8.22747651976e-17
0.0
-8.22747651976e-17
0.0
8.22747651976e-17
-8.22747651976e-17
8.22747651976e-17
-8.22747651976e-17
-0.000176701205456
-4.12064050528e-17
4.12064050528e-17
-4.12064050528e-17
0.0
0.0
-4.63212147805e-05
8.24128101056e-17
-8.24128101056e-17
8.24128101056e-17
-8.24128101056e-17
0.0
0.0
8.24128101056e-17
-9.31803129335e-19
-8.23782988786e-17
8.6278067531e-19
6.90224540248e-20
6.90224540248e-20
6.90224540248e-20
6.90224540248e-20
6.90224540248e-20
6.90224540248e-20
8.23437876516e-17
-6.90224540248e-20
0.0
-1.3804490805e-19
-8.23437876516e-17
0.0
4.63212147805e-05
0.0
4.12064050528e-17
-4.63212147805e-05
0.0
0.0
0.0
-4.12064050528e-17
8.24128101056e-17
0.0
-8.24128101056e-17
0.0
0.0
6.90224540248e-20
6.90224540248e-20
1.3804490805e-19
8.23437876516e-17
-0.0113486976212
-0.00671657614317
-0.00203813345034
8.39313040942e-17
-0.00477108512239
-0.00231606073902
-0.00856942473439
-9.26424295611e-05
4.63212147805e-05
0.0
0.0
0.0115339824803
7.95138670366e-17
0.0
0.0
-0.0092642429561
0.0
0.0
0.0
0.0
-3.97569335183e-17
3.97569335183e-17
3.97569335183e-17
-3.97569335183e-17
0.0
0.0
0.0
0.0
0.0
0.0
-4.41743705759e-18
0.0
0.0
0.0
0.0
0.0
0.0
0.0
0.00264030924249
0.0115339824803
0.00731875193532
0.000370569718244
-8.39313040942e-17
-8.17225855654e-17
0.0115803036951
-0.00694818221707
0.0
0.007596679224
0.0
0.00727243072053
0.000277927288683
-4.63212147805e-05
4.63212147805e-05
4.08612927827e-17
-4.08612927827e-17
8.28269448298e-17
0.0
0.0
0.0
-8.28269448298e-17
0.0
-1.1043592644e-18
-1.1043592644e-18
-1.1043592644e-18
0.0
8.17225855654e-17
-4.08612927827e-17
4.08612927827e-17
0.00963481267434
0.00458580026327
0.00333512746419
7.95138670366e-17
0.0
0.0
0.0
-0.00921792174131
0.0
0.0115803036951
-4.63212147805e-05
0.0
0.0
0.0
-3.97569335183e-17
8.39313040942e-17
0.0
-8.39313040942e-17
0.0
8.39313040942e-17
0.0
0.0
0.0
-7.95138670366e-17
0.0
7.95138670366e-17
-7.95138670366e-17
8.39313040942e-17
4.63212147805e-05
-4.63212147805e-05
0.0
0.0
0.0
7.95138670366e-17
0.0
-0.0092642429561
0.0115803036951
0.0
0.0
0.0
0.0
3.97569335183e-17
-3.97569335183e-17
-3.97569335183e-17
3.97569335183e-17
-3.97569335183e-17
0.0
0.0120435158429
0.0
0.00856942473439
-4.63212147805e-05
0.0
0.0
0.0
0.0
0.0
0.0
0.00731875193532
0.00745771557966
0.000416890933024
0.0
4.63212147805e-05
0.0
8.83487411518e-17
-0.0115803036951
0.0
-4.41743705759e-17
3.53394964607e-17
0.0
4.41743705759e-17
0.0115803036951
-4.41743705759e-17
0.0
4.41743705759e-17
0.0
-4.63212147805e-05
0.0
-7.95138670366e-17
8.58365366602e-06
-8.58365366594e-06
-0.00963481267434
-0.00639232763971
-0.00171388494688
8.83487411518e-17
0.0
0.0
0.0
0.00713346707619
0.00231606073902
0.00606807913624
-4.63212147805e-05
0.0
0.0
0.0
0.0
0.0
-0.0115803036951
-0.000416890933024
-0.000463212147805
-0.000416890933024
0.00305720017551
0.00148227887298
-0.00453947904849
-0.00893999445263
-0.0138500432194
-0.0138963644341
-0.00463212147805
-0.003798339612
0.0
-4.08612927827e-17
0.0
0.0
0.0
8.28269448298e-17
0.0
-8.28269448298e-17
0.0
4.63212147805e-05
0.0
0.0
0.0
0.0
0.0
-8.17225855654e-17
-4.63212147805e-05
8.28269448298e-17
-8.28269448298e-17
8.28269448298e-17
0.0
8.28269448298e-17
0.0
-8.17225855654e-17
0.0
0.0
0.0
0.0
-0.00092642429561
-0.0129236189238
-0.00708714586141
-0.00453947904849
0.0
0.0
3.97569335183e-17
-3.97569335183e-17
0.0
4.41743705759e-17
-8.39313040942e-17
-0.00717978829097
-0.00755035800922
-0.000787460651268
0.0
-8.39313040942e-17
4.63212147805e-05
0.0
0.0
-7.95138670366e-17
-4.63212147805e-05
0.0
8.39313040942e-17
-8.39313040942e-17
0.0
0.0
0.0
0.0
8.39313040942e-17
0.0092642429561
0.0
-3.97569335183e-17
0.0
-0.0092642429561
0.0
0.0
0.0
0.00745771557966
0.00231606073902
0.00518797605541
0.0
0.0
0.000138963644341
0.00963481267434
0.007596679224
0.000370569718244
8.22747651976e-17
0.0
4.63212147804e-05
2.04306463913e-17
0.007596679224
0.00463212147805
0.00551222455888
-8.17225855654e-17
0.0
8.39313040942e-17
0.0
-8.39313040942e-17
0.0
0.0
0.00755035800922
0.00226973952424
0.00574383063278
8.39313040942e-17
0.0
-0.0092642429561
0.0
-1.23688237612e-16
0.0115803036951
0.0
0.0
0.0
-4.63212147805e-05
3.97569335183e-17
0.0
0.0
-8.39313040942e-17
8.39313040942e-17
0.0
-8.39313040942e-17
0.0
8.39313040942e-17
4.63212147805e-05
-8.39313040942e-17
0.0
0.0
-8.39313040942e-17
0.0
0.0
8.39313040942e-17
-8.39313040942e-17
0.0
0.0
-0.0092642429561
-0.00120435158429
-0.0154249645219
-0.00138963644341
-0.0023623819538
0.0
0.0
4.14134724149e-17
0.0
-4.14134724149e-17
-0.00713346707619
-0.00231606073902
-0.00648497006927
0.0
0.0
8.17225855654e-17
0.0
0.0
-8.39313040942e-17
-0.00101906672517
-0.00884735202307
-0.000277927288683
0.0
0.0
7.95138670366e-17
-8.39313040942e-17
0.0
-8.39313040942e-17
8.39313040942e-17
0.0
0.0
8.39313040942e-17
-8.39313040942e-17
0.0092642429561
0.0
4.19656520471e-17
-0.0115339824803
-0.0097274551039
-0.00231606073902
-0.00629968521014
-9.26424295609e-05
-4.41743705759e-17
-4.41743705759e-17
0.000231606073902
0.0
-4.63212147805e-05
0.0
0.0
0.0
0.0
0.0
0.0
0.0
9.2642429561e-05
0.0
-4.63212147805e-05
4.41743705759e-17
0.0
-8.83487411518e-18
0.0073650731501
0.00463212147805
0.00551222455888
-7.95138670366e-17
9.2642429561e-05
0.0
0.0
0.0
0.0
2.20871852879e-17
-2.20871852879e-17
0.0
2.20871852879e-17
-2.20871852879e-17
0.0
2.20871852879e-17
-2.20871852879e-17
-4.63212147805e-05
-4.63212147805e-05
0.0
7.95138670366e-17
0.0
0.0
0.0
0.0
4.63212147805e-05
-4.63212147805e-05
0.0
4.63212147805e-05
0.0
0.0
0.0
0.0
0.0
0.0
0.0
0.0
0.0
0.0
0.0
0.0
0.0
0.0
0.000231606073902
0.0092642429561
0.0
-4.19656520471e-17
-0.0115803036951
0.0
0.0
4.63212147805e-05
-3.97569335183e-17
4.63212147805e-05
0.0
0.0
0.0
0.0
0.0
0.0
0.0
0.0
0.0
-0.000176701205456
4.12064050528e-17
4.63212147805e-05
0.0
4.12064050528e-17
0.0
0.0
-4.12064050528e-17
0.0
0.0
0.0
0.0
-4.63212147805e-05
-8.6278067531e-19
-8.6278067531e-19
-8.6278067531e-19
0.0
8.22057427436e-17
-2.07067362074e-19
-2.07067362074e-19
-2.07067362074e-19
-2.07067362074e-19
-2.07067362074e-19
-2.07067362074e-19
-2.07067362074e-19
0.0
0.0
0.0
0.0
4.63212147805e-05
0.0
0.0
0.0
-0.00708714586141
-0.00467844269283
-0.00393730325634
0.0
8.17225855654e-17
-8.17225855654e-17
0.0
0.0
0.0
0.0
8.17225855654e-17
0.0
0.0
0.0
-4.63212147805e-05
0.0
0.0
4.63212147805e-05
0.0115803036951
5.52179632199e-19
-0.0092642429561
0.0
0.0
0.0
4.19656520471e-17
-4.19656520471e-17
0.0
0.0
0.0
0.0
0.0
2.20871852879e-18
2.20871852879e-18
2.20871852879e-18
0.0
0.0
0.0
0.0
8.39313040942e-17
0.0
0.0
0.0
-4.63212147805e-05
0.0
0.0092642429561
-0.0138963644341
4.63212147805e-05
-4.19656520471e-17
4.19656520471e-17
0.0
-4.19656520471e-17
0.0120898370577
0.00226973952424
0.00792092772746
4.14134724149e-17
0.0
0.0
0.0
0.0
-4.63212147805e-05
0.0
4.63212147805e-05
0.0
0.0
0.0
0.0
-8.28269448298e-17
8.28269448298e-17
-8.22747651976e-17
0.0
0.0
0.0
0.0
0.0
0.0
0.0
0.0
4.14134724149e-17
-4.63212147805e-05
0.0
0.0
0.0
0.0
4.63212147805e-05
0.0
-5.52179632199e-19
1.1043592644e-18
1.1043592644e-18
0.0
0.0
0.0
0.0
0.0
0.0
0.0
0.0
-4.63212147805e-05
-0.0115803036951
0.0115803036951
0.0
0.0
0.0
4.63212147805e-05
0.0
-4.14134724149e-17
0.00954217024478
0.00231606073902
0.00866206716395
9.26424295609e-05
0.0
0.0
0.0
0.00741139436488
0.00472476390761
0.00352041232332
8.83487411518e-17
0.0
0.0
-7.95138670366e-17
0.0
8.83487411518e-17
0.0
-4.63212147805e-05
0.0
-0.0115803036951
0.0
0.0
0.0
0.0115803036951
0.0
0.0
4.63212147805e-05
0.0
0.0
-4.41743705759e-17
4.41743705759e-17
-7.95138670366e-17
0.0
0.0
0.0
-4.63212147805e-05
0.0
0.0
0.0
0.0
8.83487411518e-17
-0.00958849145956
-0.00467844269283
-0.00389098204156
0.0
0.0
0.0
-0.0115803036951
0.0
0.0115803036951
3.97569335183e-17
-3.97569335183e-17
0.0
3.97569335183e-17
-3.97569335183e-17
3.97569335183e-17
-3.97569335183e-17
8.39313040942e-17
0.0
0.0
0.0
0.0
0.0
0.0
0.0
-8.39313040942e-17
0.0
0.0
0.0
0.0
0.0
0.0
-0.0115803036951
0.0
0.0
0.0115803036951
0.0
0.0
-4.63212147805e-05
0.0
0.0
3.97569335183e-17
4.63212147805e-05
0.0
0.0
0.00940320660044
0.00463212147805
0.0059291154919
-7.95138670366e-17
0.0113486976212
0.00773564286834
0.000416890933024
0.0
4.63212147805e-05
0.0
0.0
-7.95138670366e-17
0.0
7.95138670366e-17
-0.00231606073902
-0.00704082464663
-0.00463212147805
-0.00389098204156
0.0
0.0
0.0
0.0115803036951
0.0
-0.00463212147805
-0.0208445466512
-0.00231606073902
-0.00643864885449
0.0
3.97569335183e-17
0.0
0.0
-4.63212147805e-05
4.63212147805e-05
0.0
0.0
0.0
0.0
-8.39313040942e-17
8.39313040942e-17
-4.41743705759e-18
0.000185284859122
0.0141742917228
0.00704082464663
0.00365937596766
-8.83487411518e-17
0.00727243072053
0.00453947904849
0.00361305475288
-0.0115803036951
0.0
4.41743705759e-17
0.0
0.0
0.0138963644341
0.0
0.0
0.0
0.0
0.0
0.0
-4.41743705759e-17
-4.63212147805e-05
0.0
4.63212147805e-05
0.0
0.0
-8.83487411518e-17
8.83487411518e-17
-8.83487411518e-17
0.0
0.0
0.0
8.83487411518e-17
-0.000138963644342
-0.0139890068637
-0.00671657614317
-0.00217709709468
-0.0115803036951
-0.000926424295609
-0.015193358448
-0.00676289735795
0.00963481267434
0.0
0.0
0.0
0.0
0.0
4.19656520471e-17
-4.19656520471e-17
8.17225855654e-17
-8.17225855654e-17
-0.00231606073902
0.00231606073902
-4.63212147805e-05
-2.20871852879e-18
0.0
0.000185284859122
0.0119045521986
0.00764300043878
0.000509533362585
0.0
0.0
0.0
0.0
0.0
0.0
-0.0115803036951
0.0
0.0
0.0115803036951
-0.00944952781522
-0.00231606073902
-0.00847678230483
-0.00875470959351
-0.00662393371361
-0.00180652737644
0.0
0.0
0.0
0.0
0.0
0.0
0.0
2.08447811155e-17
-2.05686912994e-17
0.0
0.0
0.0
0.0
0.0
-0.000138963644341
-8.28269448298e-19
-8.28269448298e-19
1.3804490805e-19
1.3804490805e-19
8.22747651976e-17
-4.63212147806e-05
9.26424295611e-05
0.0
0.0
0.0
0.0
4.63212147805e-05
-4.11373825988e-17
4.11373825988e-17
0.0
8.58365366592e-06
0.0
0.0
0.0
0.0
0.0
0.0
0.0
0.0
0.0
0.0
0.0
0.0
-4.63212147805e-05
4.63212147805e-05
0.0
0.0
0.0
0.0
0.0
0.0
0.0
-0.00268663045727
-0.00676289735795
-0.00375201839722
-0.000138963644341
0.0
0.0115803036951
-0.0138963644341
0.0
0.0
0.0
0.0
0.0
0.0
0.0
0.0
0.0
0.0
8.17225855654e-17
0.0
0.0
0.0
-8.17225855654e-17
4.63212147805e-05
0.0
0.0
0.0
0.0
-4.63212147805e-05
0.0
0.0
0.0115803036951
-4.08612927827e-17
-0.0115803036951
4.19656520471e-17
-4.19656520471e-17
0.0
0.0
0.0
0.0
0.0
0.0
0.0
0.0
2.20871852879e-18
2.20871852879e-18
2.20871852879e-18
2.20871852879e-18
0.0
8.17225855654e-17
-8.39313040942e-17
4.63212147805e-05
0.0
0.0
0.0
-4.63212147805e-05
8.17225855654e-17
0.0138963644341
-0.0092642429561
0.0
0.0
0.0
0.0
0.0
4.19656520471e-17
4.19656520471e-17
0.0
0.0
-8.17225855654e-17
8.17225855654e-17
0.0
0.0
-8.17225855654e-17
0.0
0.00991273996302
0.00231606073902
0.00565118820322
0.0
0.0
0.0
0.0
0.0
0.0
0.0
-4.63212147804e-05
0.0
0.0
0.0
0.0
0.0
0.0
0.0
0.0
0.0
0.0
0.0
0.0
0.0
4.63212147805e-05
0.0
0.0
-4.63212147805e-05
0.0
0.0
0.0
0.0
8.17225855654e-17
0.0
0.0
0.0
0.0
0.0
0.0
0.0
0.0
0.0
0.0
4.63212147804e-05
8.28269448298e-17
0.0
0.0
0.0
0.000880103080829
0.0106538793995
0.010329630896
0.000741139436488
0.0
0.0120898370577
0.00676289735795
0.00185284859122
0.0
0.0
-7.95138670366e-17
0.0
7.95138670366e-17
0.0
0.0
-0.0115803036951
-4.63212147805e-05
0.0
0.0115803036951
0.0
0.00287191531639
0.00695676587074
0.00810621258658
0.0115803036951
0.0
0.0
0.0
0.0
-4.63212147804e-05
0.0
-8.83487411518e-17
7.06789929214e-17
-8.83487411518e-17
7.06789929214e-17
-0.0140353280785
-0.00231606073902
-0.00662393371361
0.0
0.0
0.0
0.0
0.0
4.63212147805e-05
-0.00481740633717
-0.007596679224
-0.000509533362585
-0.0115803036951
0.0
-4.63212147805e-05
0.0
0.0092642429561
-4.41743705759e-17
4.41743705759e-17
-4.41743705759e-17
-0.00931056417088
0.0
-0.00870838837873
-9.2642429561e-05
8.39313040942e-17
0.0
0.0
-4.63212147805e-05
0.0
4.63212147805e-05
0.0
0.0
0.0
0.0
0.0
0.0
0.0
0.0
0.0
0.0
-0.0092642429561
0.0
0.0092642429561
3.97569335183e-17
0.000231606073902
0.0119508734134
0.00755035800922
0.000416890933024
4.41743705759e-17
0.0
-4.41743705759e-17
4.41743705759e-17
0.0
0.0
-8.83487411518e-17
0.0
0.0
0.0
4.63212147805e-05
0.0
-4.63212147805e-05
0.0
7.95138670366e-17
-8.83487411518e-17
7.95138670366e-17
0.0
0.0
-0.00944952781522
-0.00801357015702
-0.0115339824803
0.0
0.0115803036951
0.0
-3.97569335183e-17
0.0
-0.00495636998151
-0.00699450343185
-0.00407626690068
-4.19656520471e-17
0.0
0.0
0.0
0.0
0.0
0.0
0.0
0.0
-4.63212147805e-05
0.0
0.0
0.0
0.0
0.0
0.00755035800922
0.00768932165356
0.00694818221707
0.00648497006927
0.00217709709468
0.0116266249099
0.00208445466512
0.0181579161939
0.000370569718244
0.0040299456859
0.00796724894224
0.0
0.0
0.0
0.0097274551039
0.0080598913718
0.00444683661893
0.0073650731501
0.0125993704203
0.00232464439269
0.0113023764064
0.0
-4.63212147805e-05
-3.53394964607e-17
3.53394964607e-17
0.0
0.0
8.58365366597e-06
-8.58365366591e-06
-0.0116266249099
-0.00463212147805
-0.00587421062345
-8.583653666e-06
-0.00477108512239
-0.0195938738521
-0.000694818221707
-0.00347409110854
-0.013711079575
-0.00713346707619
-0.00375201839722
0.0
0.0
0.0
0.0
-0.00486372755195
-0.00927282660976
-0.00792092772746
-0.00921792174132
-0.00602175792146
-0.00699450343185
-0.003798339612
0.0115803036951
0.0
3.97569335183e-17
-3.97569335183e-17
-0.00250134559815
-0.00699450343185
-0.000416890933024
4.19656520471e-17
0.0
0.0
0.0
0.0
0.0
4.63212147805e-05
0.0
0.0
-8.17225855654e-17
0.0
0.0
0.0
8.17225855654e-17
0.0
0.0
-8.17225855654e-17
8.17225855654e-17
-0.0115803036951
0.0092642429561
4.19656520471e-17
-4.19656520471e-17
-4.63212147805e-05
0.0
0.0
-8.17225855654e-17
0.0
8.17225855654e-17
-8.17225855654e-17
8.17225855654e-17
-8.17225855654e-17
4.63212147805e-05
0.0
0.0
0.0
0.0
0.0
0.0
-8.17225855654e-17
-0.000138963644341
4.63212147805e-05
-4.63212147805e-05
0.0
0.0
0.0
9.26424295609e-05
-4.63212147805e-05
0.0
0.0
-0.0115803036951
0.0115803036951
0.000138963644341
0.0
-4.63212147805e-05
0.0
0.0
0.0
0.0
0.0
0.0
0.0
0.0
0.0
0.0
0.0
0.0
0.0
-0.000138963644341
-4.63212147805e-05
0.0
0.0
0.0
0.0
0.0
0.0
0.0
0.0
0.0
0.0
0.0
-8.6278067531e-19
-8.6278067531e-19
-8.6278067531e-19
0.0
0.0
0.0
0.0
-4.63212147805e-05
-6.90224540248e-20
-6.90224540248e-20
4.63212147805e-05
-6.90224540248e-20
0.0
0.0
0.0
0.0
4.12064050528e-17
-4.12064050528e-17
4.12064050528e-17
0.0
0.0
0.0
0.0
-0.00713346707619
0.0
-0.00843046109005
-9.2642429561e-05
2.20871852879e-18
2.20871852879e-18
0.0
0.0
0.0
0.0
0.0
0.0
0.0
0.0
0.0
0.0115803036951
4.63212147805e-05
-0.0092642429561
-4.19656520471e-17
0.0
4.19656520471e-17
-4.19656520471e-17
-4.63212147805e-05
0.0
-4.19656520471e-17
0.0
0.0
0.0
0.0
0.0
0.0
0.0
0.0
0.0
0.0
0.0
0.0
0.0
0.0
0.0
0.0
0.0092642429561
-0.0115803036951
0.0
0.0
0.0
0.0
4.63212147805e-05
-4.19656520471e-17
0.0
-4.63212147805e-05
0.0
0.0
0.0
0.0
0.00500269119629
0.00727243072053
0.000231606073902
0.0
0.0
0.0
0.0
0.00528061848497
0.00861574594917
0.00152860008776
0.0
0.0
0.0
0.0
-0.0115339824803
0.0115803036951
-0.00727243072053
-0.00453947904849
-0.00370569718244
0.0
0.0
0.0
0.0
0.0
0.0
0.0
0.00963481267434
0.00463212147805
0.00579015184756
0.0
4.63212147805e-05
0.0
8.17225855654e-17
-8.17225855654e-17
-4.63212147804e-05
-8.39313040942e-17
0.00504901241107
0.00231606073902
0.00514165484063
0.0
0.0
0.0
0.0
-0.0115339824803
0.0
0.0115803036951
0.0
0.0
0.0
-4.63212147805e-05
0.0
0.0
-3.97569335183e-17
0.0
0.0
0.0
0.0
0.0
0.0
0.0
0.0
0.0
4.63212147805e-05
0.0
0.0
0.0
-4.63212147805e-05
0.00250134559815
0.00680921857273
-0.00856942473439
-4.63212147805e-05
0.0
0.0115803036951
0.0
0.0
0.0
0.0
0.0
0.0
4.41743705759e-17
0.0
0.0
0.0
0.0
-7.95138670366e-17
4.63212147805e-05
-7.95138670366e-17
-4.63212147805e-05
0.0
0.0
0.0
0.0
-0.00921792174131
-0.00463212147805
-0.00639232763971
0.0
0.0
-0.0115803036951
4.08612927827e-17
0.0138963644341
0.0
0.0
0.0
0.0
0.0
8.39313040942e-17
-8.39313040942e-17
0.0
4.63212147805e-05
0.0
0.0
0.0
0.0
-4.41743705759e-18
0.0
0.0
0.0
-4.63212147805e-05
0.0
0.0
0.0
0.0
-0.0092642429561
-3.97569335183e-17
0.0092642429561
0.0
0.0
0.0
0.0
0.0
0.0
0.0
0.0
0.0
4.63212147805e-05
0.0
0.0
-4.41743705759e-18
0.0
0.0
0.0
-4.63212147805e-05
0.0
0.0097274551039
0.00653129128405
0.00180652737644
0.0
0.0
4.63212147805e-05
-0.0138963644341
0.0
0.0
0.0115803036951
0.0
0.0
0.0
3.97569335183e-17
0.0
-4.63212147805e-05
0.0
0.0
0.0
0.0
0.0
0.0
7.95138670366e-17
4.41743705759e-18
0.0
0.0
0.0
0.0
0.0
0.0
0.0
-0.0115339824803
0.0
0.0
0.0115803036951
0.0
-4.63212147805e-05
0.0
3.97569335183e-17
0.0
0.0
0.0
0.0
0.0
0.0
0.0
0.0
0.0
0.0
0.0
0.0
-7.95138670366e-17
0.0
0.0
0.0
0.0
0.0
-0.0115803036951
4.63212147805e-05
3.97569335183e-17
0.0115339824803
0.0
0.0
0.0
0.0
0.0
0.0
0.0
0.0
0.0
0.0
-7.95138670366e-17
7.95138670366e-17
-7.95138670366e-17
0.0
0.0
0.0
0.0
0.0
0.0
0.0
0.0
-0.0115803036951
0.0
3.97569335183e-17
-0.00111170915473
-0.00500269119629
-0.0138963644341
-0.00898631566741
-0.00199181223556
0.0
0.0
0.0
0.0
4.14134724149e-17
0.0
0.0
0.0
0.0
0.0
4.63212147805e-05
-8.28269448298e-17
8.22747651976e-17
-8.28269448298e-17
0.0
-4.63212147805e-05
0.0
-8.22747651976e-17
0.0
0.0
0.0
0.0
4.63212147805e-05
0.0
0.0
0.0
0.0
0.0
0.0
-4.63212147805e-05
-4.14134724149e-17
4.14134724149e-17
0.0
-4.14134724149e-17
4.14134724149e-17
0.0
-4.14134724149e-17
-8.4058775895e-05
0.0
-4.63212147805e-05
4.12064050528e-17
-4.12064050528e-17
0.0
0.0
0.0
0.0
0.0
0.0
0.0
0.0
0.0
0.0
0.0
0.0
0.0
0.0
-4.63212147805e-05
-6.90224540248e-20
-6.90224540248e-20
-8.22747651976e-17
1.3804490805e-19
1.3804490805e-19
1.3804490805e-19
0.0
4.63212147805e-05
0.0
0.0
0.0
0.0
0.0
0.0
-0.000185284859122
-0.00704082464663
-0.0108391642586
-0.000138963644341
-8.17225855654e-17
8.17225855654e-17
0.0
0.0
0.0
0.0
0.0
0.0
0.0
-8.39313040942e-17
8.39313040942e-17
-8.39313040942e-17
4.63212147805e-05
-8.17225855654e-17
0.0115803036951
-0.0115803036951
0.0
0.0
0.0
0.0
0.0
4.19656520471e-17
0.0
0.0
0.0
0.0
0.0
0.0
0.0
0.0
-2.20871852879e-18
-2.20871852879e-18
0.0
0.0
0.0
0.0
0.0
0.0
0.0
0.0115803036951
1.1043592644e-18
-0.0115339824803
0.0
0.0
-4.63212147805e-05
0.0
4.19656520471e-17
0.0
-8.17225855654e-17
0.00750403679444
0.00639232763971
0.00157492130254
0.0
0.0
-8.17225855654e-17
0.00486372755195
0.00639232763971
0.00162124251732
8.17225855654e-17
-4.63212147805e-05
0.0
0.0
0.0
0.0
4.63212147805e-05
8.39313040942e-17
-8.17225855654e-17
0.0
0.0
0.0
0.0
0.0
0.0
0.0
0.0
-4.19656520471e-17
0.0
0.0
0.0
0.0
-4.63212147805e-05
2.20871852879e-18
0.0099590611778
0.00463212147805
0.00579015184756
0.0
-4.63212147805e-05
8.39313040942e-17
-8.39313040942e-17
8.39313040942e-17
0.0
-8.39313040942e-17
0.0
0.0
-0.0115803036951
-3.97569335183e-17
4.19656520471e-17
0.0092642429561
-3.97569335183e-17
0.0
0.0
0.0
0.0
0.0
0.0
0.0
0.0
-4.63212147805e-05
0.0
4.63212147805e-05
-8.39313040942e-17
4.41743705759e-18
4.41743705759e-18
0.0
0.0
0.0
0.0
0.0
0.0
0.0
-0.0115803036951
0.0
0.0115803036951
0.0
-4.63212147805e-05
0.0
0.0
4.63212147805e-05
0.0
0.0
0.0
0.0
0.0
0.0
0.0
0.0
4.41743705759e-18
4.41743705759e-18
4.41743705759e-18
0.0
0.0
0.0
-4.63212147805e-05
0.0
0.0
-0.0092642429561
4.19656520471e-17
0.0
4.63212147804e-05
0.00694818221707
0.0
0.0
0.0
0.0
0.0
0.0
-3.97569335183e-17
3.97569335183e-17
0.0
0.0
0.0
0.0
0.0
0.0
0.0
0.0
0.0
0.0
-4.63212147805e-05
8.39313040942e-17
0.0
-8.39313040942e-17
7.95138670366e-17
0.0
0.0
-8.39313040942e-17
0.0
0.0
0.0
-0.00694818221707
-4.19656520471e-17
4.63212147805e-05
0.0115803036951
-3.97569335183e-17
0.0
0.0
0.0
0.0
0.0
3.97569335183e-17
-3.97569335183e-17
0.0
0.0
0.0
0.0
0.0
-4.63212147805e-05
0.0
0.0
0.0
0.0
0.0
0.0
8.39313040942e-17
0.0
0.0
-8.39313040942e-17
8.39313040942e-17
-0.0115803036951
0.0
0.0115803036951
0.0
0.0
0.0
0.0
-3.97569335183e-17
3.97569335183e-17
0.0
0.0
0.0
0.0
-4.63212147805e-05
0.0
4.41743705759e-18
0.0
0.0
0.0
-8.39313040942e-17
0.0
0.0
0.0
0.0
7.95138670366e-17
-0.0092642429561
8.39313040942e-17
0.0
0.0115803036951
0.0
3.97569335183e-17
0.0
-3.97569335183e-17
0.0
0.0
0.0
0.0
0.0
-4.63212147805e-05
0.0
0.0
-7.95138670366e-17
0.0
0.0
0.0
0.0
0.0
0.0
0.0
0.0
0.0
-0.0115803036951
0.0
0.0
0.0115803036951
4.63212147805e-05
3.97569335183e-17
0.0
-3.97569335183e-17
3.97569335183e-17
-3.97569335183e-17
0.0
0.0
0.0
-4.63212147805e-05
0.0
0.0
0.0
0.0
0.0
0.0
0.0
0.0
0.0
0.0
0.0
-0.0115803036951
0.0
0.0
0.0092642429561
0.0
3.97569335183e-17
0.0
-3.97569335183e-17
3.97569335183e-17
0.0
0.0
4.63212147805e-05
0.0
-4.63212147805e-05
0.0
0.0
0.0
8.39313040942e-17
-0.000463212147805
-0.0113486976212
-0.00931056417088
-0.0138500432194
-0.0101443460369
-8.17225855654e-17
0.000416890933024
0.0
0.0
0.0
0.0
0.0
8.17225855654e-17
4.63212147805e-05
0.0
0.0
0.0
-4.63212147805e-05
-4.19656520471e-17
4.19656520471e-17
0.0
0.0
-4.19656520471e-17
4.19656520471e-17
0.0
0.0
-4.19656520471e-17
4.19656520471e-17
0.0
4.63212147805e-05
0.0
0.0
0.0
0.0
0.0
5.49048684464e-05
-4.12064050528e-17
0.0
0.0
4.12064050528e-17
0.0
-4.63212147805e-05
0.0
0.0
0.0
0.0
0.0
0.0
4.63212147805e-05
6.90224540248e-20
-7.85130414532e-19
6.90224540248e-20
-8.22833930043e-17
8.08339214698e-17
6.90224540248e-20
6.90224540248e-20
-8.22833930043e-17
1.29417101297e-19
1.29417101297e-19
8.08339214698e-17
-8.22229983571e-17
0.0
0.0
-4.12064050528e-17
0.0
-4.63212147805e-05
0.0
0.0
0.0
0.0
-0.00704082464663
-0.00685553978751
-0.003798339612
0.0
8.17225855654e-17
0.0
0.0
0.0
0.0
-8.17225855654e-17
0.0
8.17225855654e-17
0.0
0.0
0.0
0.0
0.0
0.0
0.0115803036951
-0.0138963644341
0.0
0.0
0.0
0.0
4.63212147805e-05
0.0
-3.97569335183e-17
0.0
0.0
0.0
0.0
0.0
0.0
0.0
0.0
0.0
0.0
0.0
0.0
0.0
0.0
0.0
-8.39313040942e-17
0.0115803036951
4.08612927827e-17
0.00625336399536
0.00643864885449
0.00152860008776
0.0
0.0
0.00727243072053
0.00463212147805
0.00528061848497
0.0
0.0
3.97569335183e-17
0.0
-8.39313040942e-17
0.0
0.0
0.0
3.97569335183e-17
3.97569335183e-17
0.0073650731501
0.00639232763971
0.0016675637321
-3.97569335183e-17
-0.00745771557966
-0.0092642429561
-0.0162587463879
-0.00699450343185
-0.00352041232332
0.0
4.63212147805e-05
0.0
0.0
0.0
0.0115803036951
-0.0092642429561
0.0
0.0
4.14134724149e-17
0.0
-8.22747651976e-17
4.14134724149e-17
0.00717978829097
0.00755035800922
0.000277927288683
0.0
0.0
0.0
-2.20871852879e-18
4.63212147805e-05
0.0
8.17225855654e-17
0.0
0.0
0.0
0.0
-4.63212147805e-05
0.0
0.0
0.0
0.0
-0.0115803036951
0.0115803036951
4.19656520471e-17
0.0
-4.19656520471e-17
0.0
0.0
0.0
-4.19656520471e-17
0.0
0.0
0.0
8.17225855654e-17
-8.6140022623e-17
0.0
0.00944952781522
0.00884735202307
0.00180652737644
0.0
0.0
0.00708714586141
0.00472476390761
0.0035667335381
-8.83487411518e-17
8.83487411518e-17
0.0
0.0
-0.0115803036951
0.0
0.0
-3.97569335183e-17
0.0115803036951
-4.63212147805e-05
0.0
0.0
0.0
0.0
0.0
7.95138670366e-17
0.0
0.0
0.0
0.0
-7.95138670366e-17
4.63212147805e-05
0.0
0.0
0.0
0.0
0.0
-4.63212147805e-05
0.0
-7.95138670366e-17
-0.0138963644341
0.0
-4.41743705759e-17
0.0
0.0115803036951
0.0
0.0
-4.41743705759e-17
7.95138670366e-17
4.63212147805e-05
0.0
0.0
0.0
0.0
0.0
0.0
0.0
-4.63212147805e-05
0.0
0.0
0.0
0.0
0.0
0.0
0.0
-0.0115803036951
-0.00862432960283
-0.00231606073902
-0.0135257947159
4.08612927827e-17
0.0115803036951
0.0
0.0
0.0
0.0
0.0
-4.63212147805e-05
-3.97569335183e-17
0.0
0.0
0.0
0.0
0.0
0.0
0.0
0.0
0.0
8.39313040942e-17
-8.39313040942e-17
0.0
4.63212147805e-05
0.0
0.0
0.0
-0.0115803036951
0.0115803036951
0.0
-4.63212147805e-05
0.0
0.0
0.0
-3.97569335183e-17
0.0
8.39313040942e-17
-8.39313040942e-17
0.0
0.0
0.0
-4.41743705759e-18
7.95138670366e-17
0.00541958212932
0.00453947904849
0.00319616381985
0.0
0.0
0.0
0.0
0.0
0.0
0.0
-0.0115803036951
3.97569335183e-17
-3.97569335183e-17
0.0092642429561
0.0
0.00741139436488
0.00643864885449
0.0016675637321
0.0
0.0
0.0
0.0
0.0
0.0
0.0
0.0
0.0
4.63212147805e-05
0.0
0.0
0.0
-7.95138670366e-17
7.95138670366e-17
-4.63212147805e-05
0.0
0.0
-0.0115803036951
0.0
0.0
0.0
0.0115803036951
-4.41743705759e-17
4.41743705759e-17
0.0
0.0
-4.41743705759e-17
4.41743705759e-17
-4.41743705759e-17
0.0
0.0
0.0
0.0
7.95138670366e-17
-0.000185284859122
-0.00958849145956
-0.0231142861755
-0.00231606073902
-0.0059291154919
-8.17225855654e-17
0.0
0.0
0.0
-0.00472476390761
-0.00778196408312
-0.000694818221707
0.0
0.0
0.0
0.0
0.0
0.0
0.0
-4.08612927827e-17
4.08612927827e-17
-4.08612927827e-17
8.28269448298e-17
0.0
-8.28269448298e-17
0.0
0.0
0.0
0.0
0.0
-4.63212147804e-05
4.63212147804e-05
8.28269448298e-17
0.0
0.0
0.0
0.0
0.0
0.0
0.0
-8.17225855654e-17
-3.77375611146e-05
4.12064050528e-17
0.0
0.0
-4.12064050528e-17
0.0
0.0
-4.12064050528e-17
8.24128101056e-17
0.0
0.0
0.0
0.0
4.63212147805e-05
0.0
-4.63212147805e-05
6.47085506483e-20
6.47085506483e-20
6.47085506483e-20
6.47085506483e-20
6.47085506483e-20
8.2348101555e-17
-8.2348101555e-17
6.47085506483e-20
6.47085506483e-20
0.0
0.0
0.0
0.0
4.12064050528e-17
-4.12064050528e-17
-0.00931056417088
-0.00792092772746
-0.00092642429561
0.0
-4.19656520471e-17
0.0
-4.63212147805e-05
0.0
0.0
0.0
0.0
0.0
0.0
0.0
0.0
0.0
0.0
0.0
0.0
0.0
0.0
0.0115803036951
-0.0115803036951
0.0
0.0
4.63212147805e-05
0.0
0.0
0.0
4.19656520471e-17
0.0
0.0
0.0
0.0
-4.63212147805e-05
0.0
0.0
0.0
-8.39313040942e-17
0.0
0.0
0.0
0.0
0.0
0.0
0.0
0.0115803036951
0.0
-0.0115803036951
0.0
0.0
0.0
0.0
0.0146838250854
0.00231606073902
0.00574383063278
-4.14134724149e-17
8.22747651976e-17
0.0
0.0
0.0
-4.63212147805e-05
0.0
0.0
0.0
5.52179632199e-19
0.0
0.0
4.63212147805e-05
0.0
0.0
0.0
0.0
0.0
0.0
0.0
4.14134724149e-17
-4.14134724149e-17
0.0
4.14134724149e-17
-4.63212147805e-05
0.0
0.0
0.0
0.0
0.0
0.0
4.63212147805e-05
1.1043592644e-18
-5.52179632199e-19
-5.52179632199e-19
8.22747651976e-17
4.63212147805e-05
0.00931056417088
0.0080598913718
-4.63212147805e-05
-7.95138670366e-17
7.95138670366e-17
-7.95138670366e-17
7.95138670366e-17
0.00509533362585
0.00092642429561
0.00143595765819
0.0
0.0115803036951
0.0
0.0
0.0
4.41743705759e-17
-4.41743705759e-17
0.0
0.0
0.0
0.0
-4.63212147805e-05
0.0
0.0
0.0
4.63212147804e-05
0.0
0.0
0.0
0.0
0.0
7.95138670366e-17
-7.95138670366e-17
-0.00694818221707
-0.00264030924249
-0.00583647306234
-0.00134331522863
0.0092642429561
0.0
0.0
0.0
0.0
-4.63212147805e-05
-3.97569335183e-17
8.39313040942e-17
-8.39313040942e-17
8.39313040942e-17
-8.39313040942e-17
0.0
0.0
4.63212147805e-05
4.41743705759e-18
4.41743705759e-18
0.0
0.0
0.0
0.0
0.0
0.0
-4.63212147805e-05
-0.0115803036951
-3.97569335183e-17
0.0
0.0115803036951
0.0
0.0
0.0
0.0100517036074
0.00643864885449
0.00148227887298
-4.41743705759e-17
4.41743705759e-17
-4.41743705759e-17
7.95138670366e-17
-4.63212147805e-05
0.0
0.0
-8.83487411518e-17
0.0
0.0
0.0
0.0
0.0
0.0
0.0
0.0
0.0
-0.0115803036951
0.0
4.63212147805e-05
-3.97569335183e-17
0.0092642429561
0.0
0.0
0.0
-4.41743705759e-17
8.83487411518e-17
-0.00977377631868
-0.00463212147805
-0.00407626690068
0.0
0.0
0.0
0.0
-4.63212147805e-05
0.0
0.0
0.0
0.0
0.0
-7.95138670366e-17
8.39313040942e-17
4.63212147805e-05
0.0
0.0
0.0
-0.0115803036951
0.0
0.0115803036951
0.0
0.0
0.0
0.0
0.0
0.0
0.0
0.0
0.0
-4.63212147805e-05
0.0
0.0
0.0
0.0
8.39313040942e-17
-8.39313040942e-17
8.39313040942e-17
-8.39313040942e-17
8.39313040942e-17
0.00518797605541
0.0138500432194
0.00755035800922
0.000324248503463
-0.0115803036951
0.0
0.0
4.41743705759e-17
4.63212147804e-05
0.0115803036951
0.0
-4.41743705759e-17
4.41743705759e-17
0.0
-4.41743705759e-17
0.0
0.0
-4.63212147805e-05
0.0
7.95138670366e-17
-8.83487411518e-17
0.0
8.83487411518e-17
0.0
0.0
-7.95138670366e-17
0.0
7.95138670366e-17
0.0
0.0
-0.0115803036951
0.0
4.63212147805e-05
0.0
0.0115803036951
4.41743705759e-17
-4.41743705759e-17
0.0
0.0
0.0
0.0
0.0
-4.63212147805e-05
0.0
0.0
0.0
7.95138670366e-17
0.0
-1.67862608188e-16
-0.00129699401385
-0.0109318066882
-0.0092642429561
-0.0138963644341
-0.0092642429561
-0.00815253380136
0.0
-0.0061607215658
-0.00792092772746
-0.000741139436488
0.0
8.39313040942e-17
0.000138963644341
0.00931056417088
0.00773564286834
0.000324248503463
0.0
4.63212147805e-05
0.0
0.0
0.0
0.0
-4.63212147805e-05
4.08612927827e-17
0.0
0.0
-8.28269448298e-17
8.28269448298e-17
0.0
-8.39313040942e-17
-1.1043592644e-18
-1.1043592644e-18
0.0
0.0
0.0
8.17225855654e-17
0.0
0.0
-8.17225855654e-17
0.0
