0.0
0.0
0.0
-4.63212147805e-05
0.0
0.0
0.0
0.0
0.0
0.0
-0.0139890068637
-0.00458580026327
-0.00393730325634
0.0
0.0
0.0
0.0
0.0
0.0
0.0
-8.39313040942e-17
0.0
0.0
0.0
0.0115803036951
0.0
-0.0115803036951
0.0
0.0
-4.63212147805e-05
0.0
0.0
0.0
4.63212147805e-05
0.0
0.0
0.0
0.0
0.0
-8.39313040942e-17
0.0
0.0
0.0
0.0
0.0
0.0
0.0
-8.39313040942e-17
0.0
0.0115803036951
0.0
-0.0115803036951
0.0
0.0
-4.63212147805e-05
0.0
3.97569335183e-17
0.0
4.63212147804e-05
0.0
-0.0163977100323
0.0
-0.00912527931175
-0.000138963644341
0.0
0.0
0.0
0.0
0.0
0.0
0.0
0.0
0.0
0.0
0.0115803036951
0.0125616328592
0.00230747708536
0.00620704278058
-0.0115803036951
0.0
0.0
0.0
0.0
0.0
-4.63212147805e-05
0.0
0.0
0.0
0.0
0.0
0.0
4.63212147805e-05
-4.41743705759e-18
-4.41743705759e-18
-4.41743705759e-18
0.0121361582725
0.00444683661893
0.0035667335381
0.0
0.0
0.0
0.0
0.0115803036951
-0.0115803036951
-4.08612927827e-17
0.0
0.0
-4.63212147805e-05
0.0
0.0
4.08612927827e-17
0.0
0.0
0.0
0.0
4.63212147805e-05
0.0
0.0
0.0115803036951
0.00787460651268
0.000463212147805
0.0
0.0
0.0
0.0
-4.63212147805e-05
0.0
-0.0115803036951
4.63212147805e-05
0.0115803036951
0.0
0.0
0.0
4.19656520471e-17
-4.19656520471e-17
0.0
0.0
0.0
0.0
0.0
0.0
0.0
0.0
2.20871852879e-18
-4.63212147805e-05
0.0
-8.39313040942e-17
0.0
4.63212147805e-05
0.0
0.0
0.0
0.0
-0.0115803036951
0.0115803036951
0.0
0.0
0.0
0.0
0.0
4.19656520471e-17
4.19656520471e-17
-8.17225855654e-17
0.0
0.0
0.0
-4.63212147805e-05
4.63212147805e-05
0.0
0.0
0.0
0.0
0.0
0.0
0.0
0.0
0.0
0.0
0.0
-0.0115803036951
0.0092642429561
0.0
0.0
0.0
0.0
0.0
0.0
0.0
-4.63212147805e-05
0.00982009753346
0.00671657614317
0.00208445466512
0.0
0.0
4.41743705759e-18
0.0
0.0
0.0
0.0
-4.63212147805e-05
0.0
0.0
0.0
-0.0115803036951
4.19656520471e-17
0.0
0.0115803036951
0.0
0.0
0.0
0.0
0.0
-3.97569335183e-17
3.97569335183e-17
0.0
-0.0120898370577
-0.00662393371361
-0.001899169806
-8.28269448298e-17
0.0
0.0
0.0
0.0
0.0
0.0
0.0
0.0
0.0
0.0
0.0
0.0140353280785
0.00231606073902
0.0059291154919
0.0
0.0
-4.63212147805e-05
0.0
0.0
0.0
-3.97569335183e-17
0.0
0.0
0.0
0.0
4.63212147805e-05
0.0
-4.41743705759e-18
0.0
0.0
-0.0191306617043
-0.00653129128405
-0.0016675637321
0.0
0.0
0.0
-4.63212147805e-05
0.0
0.0
0.0
0.0
0.0
0.0
0.0
0.0
0.0
0.0142206129376
0.00231606073902
0.00537326091454
0.0
0.0
0.0
0.0
8.39313040942e-17
0.0
-4.63212147805e-05
0.0
0.0
0.0
-0.00704082464663
-0.00657761249883
-0.00185284859122
0.0
-0.0115803036951
-4.1689562231e-17
0.0115803036951
0.0
-4.63212147805e-05
0.0
0.0
4.08612927827e-17
0.0
-8.28269448298e-17
0.0
8.28269448298e-17
0.0
0.0
-8.17225855654e-17
-0.00268663045727
-0.00680921857273
-6.90224540248e-20
-8.23437876516e-17
-4.63212147805e-05
0.0
0.0
4.63212147805e-05
-6.90224540248e-20
-6.90224540248e-20
-6.90224540248e-20
-6.90224540248e-20
-8.23437876516e-17
0.0
0.0
0.0
0.000101226083227
-4.12064050528e-17
0.0
0.0
0.0
0.0
0.0
4.12064050528e-17
-4.63212147805e-05
0.0
-0.0140353280785
-0.00231606073902
-0.00671657614317
8.39313040942e-17
0.0
0.0
0.0
0.0
0.0
-4.63212147805e-05
0.0
7.95138670366e-17
0.0
0.0
0.0
0.0115803036951
0.0
-0.0115803036951
0.0
3.97569335183e-17
0.0
0.0
0.0
0.0
0.0
0.0
0.0
-0.00226973952424
0.00231606073902
0.0
0.0
0.0
0.0
-4.63212147805e-05
0.0
0.0
0.0
0.0
0.0
0.0
0.0115803036951
0.0
-0.0115803036951
0.0
0.0
0.0
0.0
0.0
0.0
-3.97569335183e-17
0.0
0.0
0.0
4.63212147805e-05
0.0
4.41743705759e-18
4.41743705759e-18
-4.63212147805e-05
0.0
0.0
0.0
-8.39313040942e-17
0.0
0.0
0.0
0.0
0.0115803036951
0.0
-0.0115803036951
0.0
0.0
0.0
0.0
3.97569335183e-17
0.0
0.0145448614411
0.00231606073902
0.00565118820322
4.63212147804e-05
8.24128101056e-17
-8.24128101056e-17
6.90224540248e-20
-0.0119045521986
-0.0078282852979
-0.000787460651268
-7.95138670366e-17
0.0
0.0
0.0
0.0
-4.63212147805e-05
0.0
0.0
0.0092642429561
0.0
-0.0115803036951
0.0
0.0
0.0
0.0139890068637
0.00787460651268
0.000416890933024
0.0
0.0
0.0
0.0
0.0
0.0
0.0
-8.28269448298e-19
1.3804490805e-19
1.3804490805e-19
1.3804490805e-19
1.3804490805e-19
1.3804490805e-19
0.0
0.0
0.0
0.0
0.0
0.0
0.0
0.0
0.0
0.0
0.0
8.24128101056e-17
0.0
-4.63212147806e-05
4.63212147805e-05
0.0
0.0
8.28269448298e-19
0.0
0.0
0.0
0.0
0.0
0.0
0.0
0.0
0.0
0.0
1.3804490805e-19
0.0
0.0
0.0
4.63212147805e-05
0.0
0.0
0.0
0.0
-4.12754275068e-17
0.0
0.0
0.0
0.0
0.0
0.0145911826559
0.00463212147805
0.00518797605541
0.0
0.0
0.0
0.0
-7.95138670366e-17
7.95138670366e-17
-7.95138670366e-17
0.0
0.0
-0.0115803036951
0.0
0.0115803036951
0.0
0.0
0.0
0.0
-3.97569335183e-17
8.39313040942e-17
0.0
-4.63212147805e-05
0.0
0.0
0.0
0.0
4.63212147805e-05
0.0
0.0
0.0
0.0
0.0
0.0
0.0
0.0
0.0
-0.0115803036951
0.0
0.0
0.0115803036951
0.0
0.0
0.0
-4.63212147805e-05
0.0
0.0
3.97569335183e-17
0.0
0.0
0.0
-7.95138670366e-17
-0.0119045521986
-0.00231606073902
-0.00699450343185
8.28269448298e-19
0.0
0.0
0.0
-8.22747651976e-17
0.0
0.0
0.0
0.0
0.0
0.0
0.0
-4.63212147805e-05
0.0
0.0
0.0
0.0
0.0
0.0
0.0
0.0
0.0
0.0
4.63212147805e-05
0.0
0.0
8.28269448298e-19
0.0
0.0
0.0100053823926
0.00458580026327
0.00365937596766
0.0
0.0
0.0
-0.0115803036951
4.08612927827e-17
0.0138963644341
-3.97569335183e-17
0.0
0.0
0.0
0.0
0.0
0.0
8.39313040942e-17
0.0
0.0
-4.63212147805e-05
0.0
4.63212147805e-05
-0.00986641874824
-0.0080598913718
-0.000509533362585
0.0
0.0
0.0
0.0
0.0
0.0
0.0
-0.0138963644341
0.0092642429561
0.0
0.0
4.63212147805e-05
0.0
0.0
4.12064050528e-17
-4.63212147805e-05
0.0
0.0
0.0
0.0
5.52179632199e-19
8.28269448298e-19
8.28269448298e-19
-0.00472476390761
-0.00467844269283
-0.00333512746419
-1.6565388966e-16
0.0
0.0
0.0
0.0
4.63212147806e-05
0.0
0.0115339824803
-0.0115803036951
0.0
0.0
-0.000416890933024
0.0
-0.000639913353261
4.12754275068e-17
0.0
0.0
0.0
0.0
0.0
0.0
0.0
0.0
4.63212147805e-05
-4.63212147805e-05
-0.011811909769
-0.00231606073902
-0.00676289735795
0.0
0.0
4.63212147805e-05
0.0
0.0
0.0
0.0
0.0
0.0
0.0
0.0
0.0115803036951
4.08612927827e-17
-0.0115803036951
0.0
-0.014127970508
-0.00801357015702
-0.000602175792146
0.0
-4.41743705759e-17
0.0
4.41743705759e-17
-7.95138670366e-17
0.0
0.0
8.83487411518e-17
-4.63212147805e-05
0.0100517036074
0.00620704278058
0.00148227887298
0.0
0.0
0.0
0.0
-8.39313040942e-17
0.0
0.0115803036951
0.0
-0.0115803036951
0.0
0.0
0.0
0.0
0.0
0.0
0.0
0.0
0.0
0.0120898370577
0.00708714586141
0.00361305475288
-1.1043592644e-18
-4.63212147805e-05
0.0
0.0
0.0
4.63212147805e-05
8.22747651976e-17
-8.22747651976e-17
0.0
0.0
0.0
0.0115803036951
-0.0115803036951
0.0
0.0
-0.0117655885542
-0.00810621258658
-0.000741139436488
0.0
-4.63212147805e-05
-8.39313040942e-17
0.0
0.0
0.0
0.0
0.0
0.0
0.0
0.0
0.0
0.0
0.0
0.0
0.0
0.0
0.0
0.0115803036951
0.0
-0.0092642429561
4.63212147805e-05
0.0
-4.63212147805e-05
0.0
-3.97569335183e-17
0.0
0.0
0.0
0.0
0.0
0.0121361582725
0.00704082464663
0.00365937596766
-8.28269448298e-19
1.3804490805e-19
1.3804490805e-19
1.3804490805e-19
1.3804490805e-19
1.3804490805e-19
0.00713346707619
0.00463212147805
0.00597543670668
0.0
0.0
-0.0115803036951
0.0115803036951
0.0
0.0
-4.63212147805e-05
4.63212147805e-05
0.0
-4.19656520471e-17
-4.19656520471e-17
8.17225855654e-17
0.0
0.0
0.0
0.0
0.0
0.0
0.0
0.0
0.0
0.0
0.0
-4.63212147805e-05
-8.39313040942e-17
0.0
0.0
-0.0115339824803
0.0
0.0115803036951
0.0
0.0
0.0
0.0
4.19656520471e-17
0.0
0.0
0.0
0.0
0.0
-2.20871852879e-18
0.0
0.0
0.0
0.0
-4.63212147805e-05
0.0
0.0
0.0
0.0
0.0
4.63212147805e-05
0.0
-0.0115803036951
0.0115803036951
0.0
0.0
0.0
0.0
0.0
4.19656520471e-17
0.0
0.0123214431316
0.00231606073902
0.00796724894224
0.0
0.0
0.0
0.0
0.0
4.63212147805e-05
0.0
-4.63212147805e-05
0.0
0.0
0.0
0.0
0.0
0.0
-0.0115803036951
0.0
0.0
0.0115803036951
0.0
0.0
0.0
0.0
0.0
0.0
-4.41743705759e-17
0.0
0.0
0.0
0.0
0.0
0.0
0.0
0.0
7.95138670366e-17
0.0
-0.00097274551039
-0.0107465218291
-0.00880103080829
-9.2642429561e-05
0.0
0.0
-0.0115803036951
0.0
0.0115803036951
3.97569335183e-17
4.63212147805e-05
0.0
0.0
3.97569335183e-17
0.0
0.0
0.0
0.0
0.0
0.0
0.0
0.0
0.0
0.0
0.0
-4.63212147805e-05
7.95138670366e-17
-7.95138670366e-17
8.39313040942e-17
0.0
0.0
0.0
-0.0115803036951
0.0115803036951
0.0
4.63212147805e-05
0.0
0.0
0.0
0.0
3.97569335183e-17
0.0
0.0
0.0
-8.39313040942e-17
0.0
0.0
0.0
0.0
0.0
-4.63212147805e-05
0.0
0.0
0.0
0.0
0.0
0.0
-0.0211224739399
0.000185284859122
-0.000509533362585
0.0
0.0
0.0
0.0
0.0
0.0
0.0
0.0
0.0
-0.00273295167205
-0.00217709709468
-0.00467844269283
0.0
0.0
0.0097274551039
0.00889367323785
0.00138963644341
0.0
0.0
0.0
-8.17225855654e-17
0.0
0.0
-0.0115803036951
0.0115803036951
0.0
0.0
0.0
0.0
0.0
-0.000509533362585
-4.08612927827e-17
8.28269448298e-17
5.49048684464e-05
-4.12064050528e-17
0.0
0.0
4.12064050528e-17
0.0
-4.12064050528e-17
0.0
-4.63212147805e-05
0.0
0.0
0.0
0.0
0.0
-0.00917160052653
-0.0080598913718
-0.000648497006927
0.0
0.0
0.0
0.0
0.0
4.63212147805e-05
-4.63212147805e-05
0.0115803036951
-4.08612927827e-17
-0.0115803036951
0.0
0.0
0.0
-4.19656520471e-17
8.17225855654e-17
0.0
0.0
0.0
0.0
0.0
2.20871852879e-18
0.0
-2.20871852879e-18
0.0
-2.20871852879e-18
0.0
0.0
0.0
0.0
0.0
-8.39313040942e-17
0.0
0.0
0.0115803036951
0.0
-0.0115803036951
0.0
0.0
0.0
-4.19656520471e-17
0.0
0.0
0.0
0.0
0.0
0.0
8.39313040942e-17
2.20871852879e-18
0.0
0.0
0.0
-8.39313040942e-17
0.0
0.0
4.63212147805e-05
-4.63212147804e-05
0.0
0.0
0.0
0.0023623819538
-0.00472476390761
-0.0042615517598
-0.0115339824803
0.0
0.0
0.0
3.97569335183e-17
0.0
0.0
0.0
0.0
0.0
-7.95138670366e-17
0.0
0.0
-4.41743705759e-18
-4.41743705759e-18
-4.41743705759e-18
0.0
0.0
0.0
-4.63212147805e-05
0.0
0.0
0.0115803036951
4.63212147805e-05
0.0
-0.0115803036951
0.00528061848497
0.0115803036951
0.00833781866049
4.19656520471e-17
0.0
0.0
0.0
0.0
0.0
0.0
0.0
0.0
0.0
0.0
0.0
0.0
0.0
0.0
0.0
0.0
0.0
0.0
0.0
0.0115803036951
-0.0092642429561
0.0
0.0
4.08612927827e-17
-4.08612927827e-17
0.0
0.0
0.0
0.0
0.0
0.00741139436488
0.00787460651268
0.0
4.63212147805e-05
0.0
0.0
8.28269448298e-17
-4.63212147805e-05
0.0
0.0
0.0
0.0
0.0
0.0
0.00375201839722
0.00231606073902
0.00528061848497
0.0115803036951
4.63212147805e-05
0.0
0.0
0.0
0.0
-3.97569335183e-17
3.97569335183e-17
0.0
0.0
0.0
0.0
0.0
-4.41743705759e-18
-4.41743705759e-18
0.0
0.0
-4.63212147805e-05
0.0
0.0
0.0
0.0
0.0
0.0
-0.00694818221707
-3.97569335183e-17
0.0115803036951
0.0
0.0
4.63212147805e-05
0.0
3.97569335183e-17
-3.97569335183e-17
0.0120435158429
0.00231606073902
0.00843046109005
4.63212147805e-05
0.0
7.95138670366e-17
-7.95138670366e-17
7.95138670366e-17
0.0
0.0
0.0
0.0
0.0
0.0
-4.63212147805e-05
0.0
0.0
-0.0115803036951
4.63212147805e-05
0.0
0.0115803036951
0.0
0.0
0.0
0.0
0.0
0.0
0.0
0.0
0.0
0.0
0.0
-0.0138963644341
6.18441188062e-17
-0.00889367323785
-9.2642429561e-05
4.41743705759e-18
0.0
4.63212147805e-05
0.0
0.0
-8.39313040942e-17
0.0
0.0
-0.0115803036951
0.0
0.0115339824803
3.97569335183e-17
-3.97569335183e-17
0.0
0.0
-3.97569335183e-17
0.0
0.0
0.0
0.0
0.0
0.0
7.95138670366e-17
4.41743705759e-18
4.41743705759e-18
4.41743705759e-18
0.0
0.0
4.63212147805e-05
8.39313040942e-17
0.0
0.0
-4.63212147805e-05
0.0
-0.0115803036951
0.0
0.0115803036951
0.0
0.0
0.0
3.97569335183e-17
0.0
0.0
0.0
0.0
0.0
0.0
0.0
-0.0163513888175
-0.00477108512239
-0.00398362447112
8.17225855654e-17
-8.17225855654e-17
8.17225855654e-17
-4.63212147805e-05
0.0
0.0
0.0
0.0
0.0
0.0
0.0
-4.08612927827e-17
4.08612927827e-17
0.0
0.0
0.0
0.0
4.08612927827e-17
4.63212147805e-05
0.0
0.0
0.0
0.0
-4.63212147805e-05
0.0
0.0
0.0
0.0
-8.17225855654e-17
0.0
4.63212147805e-05
-4.63212147805e-05
0.0
0.0
0.0
0.0092642429561
-0.0115803036951
0.0
0.0
0.0
-0.000231606073902
-0.000138963644341
0.0
0.0
-8.28269448298e-17
0.0
0.0
-4.63212147805e-05
4.12064050528e-17
4.63212147805e-05
-4.63212147805e-05
0.0
0.0
0.0
4.12064050528e-17
0.0
0.0
0.0
0.0
0.0
7.85130414532e-19
7.85130414532e-19
7.85130414532e-19
-0.00940320660044
-0.00801357015702
-0.000833781866049
0.0
0.0
0.0
0.0
0.0
0.0092642429561
0.0
-0.0115803036951
0.0
0.0
0.0
0.0
0.0
-8.39313040942e-17
0.0
0.0
0.0
0.0
0.0
4.63212147805e-05
0.0
8.39313040942e-17
-4.63212147805e-05
0.0
-0.0117192673395
-0.00680921857273
-0.00231606073902
0.0
0.0
0.0
0.0115803036951
0.0
4.63212147805e-05
-0.0115803036951
4.41743705759e-17
0.0
0.0
0.0
0.0
0.0
0.0
0.0
0.0
0.0
0.0
0.0
-4.63212147805e-05
0.0
0.0
0.0
0.0
0.0
0.0
4.63212147805e-05
0.0
0.0
0.0092642429561
0.0
0.0
-0.0115803036951
0.0
0.0
0.0
-4.41743705759e-17
4.41743705759e-17
-4.41743705759e-17
4.41743705759e-17
0.0
0.0
-4.63212147805e-05
0.0
0.0
0.0191769829191
0.00792092772746
0.000416890933024
0.0
0.0
0.0
0.0
8.17225855654e-17
0.0
0.0
0.0115803036951
-0.0115803036951
0.0
0.0
0.0
-4.19656520471e-17
0.0
0.011811909769
0.00463212147805
0.00384466082678
0.0
8.22747651976e-17
0.0
-5.52179632199e-19
-5.52179632199e-19
-5.52179632199e-19
0.0
0.0
0.0
0.0
0.0
0.0
4.63212147804e-05
0.0
0.0
0.0
0.0
-4.63212147805e-05
0.0
0.0
0.0
0.0
0.0
4.14134724149e-17
0.0
0.0
0.0
0.0
-8.22747651976e-17
0.0
0.0
0.0
4.63212147805e-05
0.0
-4.63212147805e-05
0.0
0.0
0.0
8.28269448298e-17
0.0
0.0
-0.0115803036951
0.0115803036951
0.0
0.0
0.0
-4.14134724149e-17
4.14134724149e-17
-4.14134724149e-17
0.0
0.0
0.0
0.0
0.0
-4.63212147805e-05
4.63212147805e-05
8.17225855654e-17
-5.52179632199e-19
0.0
0.0
0.0
0.0
0.0
0.0
0.0
0.0
0.0
-0.0115803036951
0.0115803036951
0.0
4.14134724149e-17
0.0
0.0
0.0
0.0
-4.14134724149e-17
0.0
0.00537326091454
0.00745771557966
-2.20871852879e-18
0.0
-2.20871852879e-18
-2.20871852879e-18
0.0097274551039
0.00768932165356
0.000602175792146
0.0
0.0
0.0
0.0
0.0
-0.0115339824803
0.0
0.0
0.0115803036951
0.0
0.0
0.0
3.97569335183e-17
0.0
0.0
0.0
-0.00717978829097
-0.00231606073902
-0.0080598913718
-0.00092642429561
0.0
0.0
0.0
0.0
0.0
0.0
0.0
0.0
0.0
0.0
0.0
0.0
-0.0115803036951
-4.63212147805e-05
0.0115803036951
0.0
4.63212147805e-05
0.0
0.0
0.0
0.0
0.0
0.0
0.0
0.0
-2.20871852879e-18
8.17225855654e-17
0.0
2.20871852879e-18
2.20871852879e-18
0.0
0.0
0.0
-8.17225855654e-17
0.0
0.0
-4.63212147805e-05
0.0
-0.0115803036951
-5.52179632199e-19
0.0115803036951
0.0
4.63212147805e-05
0.0
0.0
4.19656520471e-17
0.0
-4.19656520471e-17
0.0
0.0
0.0
0.0
-2.20871852879e-18
0.0
2.20871852879e-18
2.20871852879e-18
0.0
0.0
0.0
0.0
0.0
-8.17225855654e-17
-4.63212147805e-05
-0.0115803036951
0.0
0.00463212147805
-0.00463212147805
-0.00685553978751
0.0
-4.11373825988e-17
-4.63212147805e-05
0.0
0.0
0.0
0.0
0.0
0.0
4.63212147805e-05
-8.22747651976e-17
0.0
0.0
0.0
0.0
0.0
0.0
0.0
0.0
-4.63212147804e-05
-2.76089816099e-19
-2.76089816099e-19
-2.76089816099e-19
0.0
0.0
0.0
0.0
-3.77375611145e-05
0.0
0.0
0.0
-4.12064050528e-17
0.0
0.0
4.12064050528e-17
0.0
0.0
0.0
0.0
0.0
4.63212147805e-05
-0.0138037220046
-0.0023623819538
-0.00634600642493
-7.95138670366e-17
0.0
0.0
0.0
0.0
0.0
0.0
0.0
0.0115803036951
0.0
-0.0115803036951
0.0
0.0
-0.00231606073902
0.00231606073902
0.0
0.0
0.0
0.0
0.0
4.63212147805e-05
0.0
-4.63212147805e-05
-8.39313040942e-17
0.0
0.0
7.95138670366e-17
0.0
0.0
0.0
-7.95138670366e-17
0.0
0.0
0.0115803036951
-4.19656520471e-17
-0.0138963644341
-0.0163050676027
-0.00708714586141
-0.00407626690068
0.0
0.0
0.0
0.0
0.0
0.0
0.0
0.0
0.0
0.0
0.0
0.0
0.0
0.0
0.0
0.0
4.63212147805e-05
0.0
0.0
0.0115803036951
0.0
0.0
-4.63212147805e-05
-0.00180652737644
0.00755035800922
0.000416890933024
0.0
0.0
3.97569335183e-17
-3.97569335183e-17
0.0
0.0
0.0
0.0
0.0
-4.63212147805e-05
0.0
0.0
0.0
0.0
0.0
0.0
0.0
0.0
0.0211687951547
0.00667025492839
0.00185284859122
-0.0092642429561
0.0
0.0
0.0
0.0
-4.19656520471e-17
0.0
4.63212147805e-05
0.0142206129376
0.00671657614317
0.00157492130254
4.63212147805e-05
0.0
0.0
0.0
0.0
0.0
0.0
0.0
0.0
0.0
0.0
0.0
0.0
-0.0115803036951
0.0115803036951
-4.63212147805e-05
0.0
0.0
0.0
0.0
0.0
8.28269448298e-17
4.63212147805e-05
0.00727243072053
0.00694818221707
0.00333512746419
-4.63212147805e-05
0.0
4.63212147805e-05
0.0
4.41743705759e-18
4.41743705759e-18
0.0
0.0
0.0
0.0
0.0
-8.39313040942e-17
0.0
-0.0115803036951
0.0
0.0115803036951
0.0
0.0
0.0
0.0
0.0
-4.63212147805e-05
0.0
0.0
0.0
4.63212147805e-05
0.0
0.0
0.0
8.39313040942e-17
4.41743705759e-18
0.0
0.0
0.0
0.0
0.0
0.0
0.0
-0.0115803036951
-4.19656520471e-17
0.0
0.0115803036951
0.0
3.97569335183e-17
-4.63212147805e-05
-3.97569335183e-17
0.0
0.0
-3.97569335183e-17
0.0
0.0
4.63212147805e-05
0.0
0.0
0.0
0.0
0.0
0.0
0.0
0.0
0.0
0.0
0.0
0.0
-0.0115803036951
0.0
0.0115339824803
0.0
-3.97569335183e-17
0.0
0.0
8.39313040942e-17
-8.39313040942e-17
8.39313040942e-17
0.0
0.0
0.0
0.0
4.63212147805e-05
4.41743705759e-18
4.41743705759e-18
4.41743705759e-18
0.0
0.0
0.0
0.0
0.0
0.0
0.0
0.0
-0.0163977100323
-0.00898631566741
0.00944952781522
0.0
0.0
0.0
4.63212147805e-05
4.19656520471e-17
4.19656520471e-17
0.0
0.0
-4.63212147805e-05
0.0
0.0
0.0
-8.17225855654e-17
0.0
0.0
0.0
0.0
0.0
0.0
0.0
0.0
0.0
0.0
8.17225855654e-17
0.0119971946281
0.00764300043878
0.000509533362585
3.97569335183e-17
0.0
0.0
0.0
0.0
0.0
0.0
0.0
0.0
0.0
0.0
0.0
0.0
-0.00717978829097
-0.00792092772746
-0.000602175792146
0.0
0.0
0.0
0.0
0.0
-0.0115803036951
0.0115803036951
0.0
0.0
0.0
-0.00486372755195
-0.0078282852979
-9.26424295609e-05
0.0
8.25508550137e-17
0.0
-8.25508550137e-17
0.0
0.0
4.63212147805e-05
8.28269448298e-19
8.28269448298e-19
0.0
0.0
0.0
0.0
0.0
-4.63212147805e-05
0.0
0.0
4.63212147805e-05
-2.76089816099e-19
0.0
0.0
0.0
-4.63212147805e-05
0.0
-0.000416890933024
0.0
0.0
0.0
-0.000130379990676
0.0
0.0
0.0
4.12064050528e-17
-4.12064050528e-17
0.0
0.0
0.0
0.0
0.0
0.0
0.0
0.0
0.0
0.0
0.0
0.0
0.0
0.0
-0.0092642429561
-0.00231606073902
-0.00875470959351
-9.26424295609e-05
0.0
0.0115803036951
1.1043592644e-18
-0.0115803036951
0.0
0.0
0.0
0.0
0.0
0.0
-3.97569335183e-17
0.0
0.0
0.0
0.0
8.39313040942e-17
0.0
0.0
4.63212147805e-05
0.0
0.0
0.0
-4.63212147805e-05
0.0
0.0
0.0
0.0
0.0115803036951
0.0
-0.0115803036951
0.0
0.0
0.0
0.0
-3.97569335183e-17
0.0
0.0
0.0
0.0
0.0
7.95138670366e-17
0.0
0.0
4.63212147805e-05
0.0
-4.63212147805e-05
0.0
0.0
0.0
-8.39313040942e-17
7.95138670366e-17
-7.95138670366e-17
0.0
0.0115803036951
0.0
-0.0115803036951
0.0
0.0
0.0
3.97569335183e-17
0.0
0.0
3.97569335183e-17
0.0
0.0
0.0
4.63212147805e-05
0.0
-4.63212147805e-05
0.0
0.0
-7.95138670366e-17
0.0
0.0
0.0
0.0
0.0
0.0
0.0
0.0115803036951
-0.0115803036951
0.0
0.0
0.0
0.0
3.97569335183e-17
0.0
-8.39313040942e-17
0.0
0.0
0.0
4.63212147805e-05
0.0
-4.63212147805e-05
0.0
0.0
0.0
7.95138670366e-17
0.0
0.0
0.0
0.0
0.0
0.0
0.0115803036951
0.0
0.00319616381985
0.00856942473439
0.0
0.0
0.0
0.0
4.14134724149e-17
0.0
0.0
0.0
0.0
-4.63212147805e-05
1.1043592644e-18
8.28269448298e-17
4.63212147805e-05
-8.17225855654e-17
0.0
0.0
0.0
0.0
0.0
0.0
0.0
8.22747651976e-17
0.0
0.0
0.0
0.0
-4.63212147805e-05
0.0
0.0
0.0
-4.14134724149e-17
0.0
0.0
0.0
0.0
4.63212147805e-05
-1.1043592644e-18
-1.1043592644e-18
5.52179632199e-19
8.22747651976e-17
0.0
0.0
0.0
0.0
0.0
0.0121824794873
0.00231606073902
-0.00194549102078
8.39313040942e-17
-3.97569335183e-17
0.0115803036951
0.0
4.63212147805e-05
0.0
0.0
-3.97569335183e-17
8.39313040942e-17
0.0
0.0
-4.63212147805e-05
0.0
0.0
0.0
-4.41743705759e-18
0.0
0.0
0.0
0.0
0.0
0.0
0.0
0.0
0.0
-0.0092642429561
0.0
0.0115803036951
0.0
0.0
0.00991273996302
0.00231606073902
0.00602175792146
0.0
0.0
0.0
0.0
0.0
-4.63212147805e-05
0.0
0.0
0.0
0.0
0.0
0.0
0.0
0.0
0.0
4.63212147805e-05
0.0
0.0
-0.0115803036951
0.0
0.0
0.0
0.0115803036951
0.0
0.0
0.0
-4.63212147805e-05
0.0
0.0
0.0
0.0
0.0
0.0
0.0
0.0
0.0
0.0
0.0
4.63212147805e-05
0.0
0.0
0.0
0.0
-0.0092642429561
-0.00963481267434
-0.00458580026327
-0.00375201839722
0.0115803036951
-0.0142206129376
-0.00231606073902
-0.00889367323785
-4.63212147805e-05
0.0
-4.63212147804e-05
0.0
-8.28269448298e-17
0.0
0.0
0.0
-1.1043592644e-18
-1.1043592644e-18
-1.1043592644e-18
0.0
0.0
0.0
0.0
0.0
4.63212147805e-05
0.0
0.0
8.17225855654e-17
-8.17225855654e-17
0.0
0.0
0.0
0.0
0.0
-4.63212147805e-05
0.0
0.0
0.0
0.0
0.0
0.0
0.0
-1.1043592644e-18
-1.1043592644e-18
-1.1043592644e-18
-8.28269448298e-17
4.63212147805e-05
8.17225855654e-17
0.0
-4.63212147805e-05
0.0
0.0
0.0
-4.63212147805e-05
0.0
0.0
4.08612927827e-17
0.0
0.0
-0.000324248503463
0.0
0.0
0.0
0.0
0.0
0.0
0.0
0.0
0.0
-4.63212147805e-05
0.0
0.0
0.0
0.0
0.0
-6.90224540248e-20
-8.6278067531e-19
-6.90224540248e-20
0.0
0.0
0.0
0.0
0.0
0.0
-6.03946472717e-20
-6.03946472717e-20
-0.00954217024478
-0.00143595765819
-0.00361305475288
-0.0115339824803
0.0
0.0
0.0
0.0
3.97569335183e-17
0.0
-0.00954217024478
-0.0101906672517
-0.000555854577366
7.95138670366e-17
0.0
0.0
4.63212147805e-05
0.0
0.0
0.0
-7.95138670366e-17
0.0
0.0
0.0
0.0
0.0
0.0115803036951
0.0
0.0
-0.0092642429561
0.0
0.0
0.0
0.0
0.0
0.0
0.0
0.0
0.0
0.0
4.63212147805e-05
0.0
0.0
0.0
0.0
0.0
0.0
0.0
0.0
0.0
-4.63212147805e-05
0.0
0.0115803036951
0.0
0.0
-0.0092642429561
0.0
0.0
0.0
-4.41743705759e-17
7.95138670366e-17
0.00968113388912
0.00708714586141
0.00342776989376
0.0
0.0
0.0
4.41743705759e-18
0.0
0.0
-4.63212147805e-05
0.0
0.0
0.0
0.0
0.0
0.0
0.0
0.0092642429561
0.0
-0.0115803036951
0.0
0.0
0.0
0.0
-3.97569335183e-17
0.0
0.0
8.39313040942e-17
4.63212147805e-05
0.0
0.00722610950575
0.00463212147805
0.0061607215658
0.0
8.17225855654e-17
0.0
0.0
0.0
0.0
0.0
0.0
0.0
-4.63212147805e-05
0.0
0.0
0.0
4.63212147805e-05
0.0
0.0
0.0
0.0
4.08612927827e-17
0.0
0.0
0.00111170915473
0.00384466082678
0.00453947904849
-5.52179632199e-19
-5.52179632199e-19
1.1043592644e-18
0.0
0.0
0.0
0.0
4.63212147805e-05
0.0
-4.63212147805e-05
0.0
0.0
-0.0092642429561
0.0115803036951
0.00731875193532
0.00231606073902
0.00727243072053
0.0
0.0
0.0
-3.97569335183e-17
3.97569335183e-17
0.0
-4.63212147805e-05
0.0
0.0
4.63212147805e-05
0.0
0.0
0.0
0.0
0.0
0.0
0.0
0.0
0.0
-8.39313040942e-17
-0.0115803036951
0.0
0.0
0.0115803036951
0.0
0.0
0.0
-4.63212147805e-05
3.97569335183e-17
0.0
0.0
0.0
0.0
0.0
0.0
0.0
4.63212147805e-05
-8.39313040942e-17
0.0
0.0
0.0
0.0
0.0
0.0
0.0
-8.39313040942e-17
-0.0115803036951
0.0
0.0
0.0115803036951
-4.63212147805e-05
0.0
0.0
0.0
-3.97569335183e-17
0.0
3.97569335183e-17
0.0
0.0
0.0
0.0
4.63212147805e-05
0.0
-7.95138670366e-17
4.41743705759e-18
0.0
0.0
0.0
0.0
0.0
8.39313040942e-17
0.0
-0.0256156317736
0.00148227887298
-9.2642429561e-05
4.11373825988e-17
0.0
0.0
0.0
0.0
0.0117655885542
0.00463212147805
0.00347409110854
8.17225855654e-17
-8.17225855654e-17
8.17225855654e-17
-2.20871852879e-18
4.63212147805e-05
0.0
0.0
0.0
0.0
0.0
-0.00453947904849
-0.00634600642493
-0.00143595765819
0.0
0.0
-0.0115803036951
0.0092642429561
4.14134724149e-17
4.63212147805e-05
0.0
0.0
0.0
0.0
0.0
0.0
0.0
0.0
0.0
-5.52179632199e-19
0.0
0.0
5.52179632199e-19
0.0
0.0
0.0
0.0
0.0
0.0
0.0
0.0
-4.63212147805e-05
-0.0115803036951
0.0092642429561
0.0
0.0
0.0
4.63212147805e-05
0.0
0.0
0.0
0.0
0.0
0.0
0.0
5.52179632199e-19
8.28269448298e-19
8.28269448298e-19
8.28269448298e-19
-4.63212147805e-05
0.0
0.0
0.0
4.63212147805e-05
0.0
0.0
0.0
-0.0115803036951
0.0115803036951
0.0
0.0
-0.000639913353261
4.12754275068e-17
0.0
-4.63212147805e-05
0.0
0.0
0.0
-4.12754275068e-17
0.0
0.0
4.63212147805e-05
0.0
0.0
1.3804490805e-19
1.3804490805e-19
-0.00940320660044
-0.00792092772746
-0.00092642429561
0.0
0.0
0.0
0.0
0.0
0.0
0.0
0.0092642429561
-0.0115803036951
-3.97569335183e-17
0.0
0.0
0.0
0.0
0.0
3.97569335183e-17
0.0
0.0
-4.63212147805e-05
0.0
0.0
0.0
0.0
4.63212147805e-05
7.95138670366e-17
0.0
-0.00935688538566
-0.00467844269283
-0.00416890933024
0.0
0.0
8.39313040942e-17
0.0115803036951
0.0
0.0
-0.0115803036951
0.0
0.0
0.0
3.97569335183e-17
0.0
-0.0140353280785
-0.00671657614317
-0.00217709709468
4.63212147804e-05
0.0
8.83487411518e-17
0.0
0.0
0.0
0.0
-4.63212147805e-05
0.0
0.0
0.0
0.0144522190115
0.00467844269283
0.00324248503463
0.0115803036951
0.0
0.0
0.00773564286834
0.00231606073902
0.00588279427712
0.0
0.0
0.0
-8.17225855654e-17
0.0
0.0
0.0
0.0
0.0
-4.63212147805e-05
0.0
8.17225855654e-17
-2.20871852879e-18
0.0
0.0
0.0
0.0
0.0
4.63212147805e-05
0.0
-8.39313040942e-17
0.0115803036951
-0.0115803036951
4.19656520471e-17
0.0
0.0
0.0
0.0
-4.19656520471e-17
0.0
-4.63212147805e-05
0.0
0.0
0.0
2.20871852879e-18
0.0
0.0
0.0
0.0
0.0
0.012228800702
0.00819885501614
0.0
8.17225855654e-17
0.0
0.0
-0.0115803036951
0.021307758799
0.0
0.00597543670668
0.0023623819538
0.0
0.0
-3.97569335183e-17
0.0
3.97569335183e-17
-4.63212147805e-05
0.0
0.0
0.0
0.0
4.63212147805e-05
0.0
-0.00713346707619
-0.00852310351961
-4.63212147805e-05
4.63212147805e-05
0.0
0.0
0.0
0.0
0.0
-0.0115803036951
0.0115803036951
-4.19656520471e-17
0.0
0.0
0.0
0.0
-4.63212147805e-05
-4.19656520471e-17
0.0
0.0
0.0
0.0
0.0
4.63212147805e-05
0.0
8.39313040942e-17
0.0
8.17225855654e-17
-8.17225855654e-17
0.0
0.0
0.0
0.0
0.0
0.0
-0.0092642429561
0.0115803036951
0.0
0.0
0.0
-4.63212147805e-05
0.0
4.19656520471e-17
0.0
0.0
0.0
0.0
0.0121361582725
0.00643864885449
0.00171388494688
4.41743705759e-18
4.41743705759e-18
4.41743705759e-18
4.63212147805e-05
0.00551222455888
0.00731875193532
0.000416890933024
0.0
0.0
-0.0092642429561
0.0
0.0
0.0
0.0115803036951
0.0
0.0
4.41743705759e-17
0.0
0.0
0.0
0.0
0.0
-4.63212147805e-05
0.0
0.0
0.0
0.0
0.0
0.0
0.0
0.0
0.0
0.0
8.83487411518e-17
0.0
-0.0115803036951
0.0
0.0
0.0115803036951
4.63212147805e-05
0.0
0.0
0.0
-4.41743705759e-17
0.0
4.41743705759e-17
0.0
-4.63212147805e-05
0.0
0.0
0.0
-8.83487411518e-17
0.0
0.0
0.0
8.83487411518e-17
0.0
0.0
0.0
0.0
-0.0184907483511
8.583653666e-06
-0.00833781866049
4.41743705759e-17
0.0115803036951
0.0
-0.0141742917228
-0.00690186100229
-0.00398362447112
0.0
0.0
0.0
0.0
0.0
0.0
8.28269448298e-17
-1.1043592644e-18
-1.1043592644e-18
-1.1043592644e-18
-8.28269448298e-17
0.0
4.63212147805e-05
8.28269448298e-17
-8.28269448298e-17
8.28269448298e-17
0.0
0.0
0.0
-0.0115803036951
0.0115803036951
-4.08612927827e-17
4.08612927827e-17
-4.08612927827e-17
-4.63212147805e-05
0.0
0.0
4.08612927827e-17
-0.00768932165356
-0.0080598913718
-0.000555854577366
4.63212147805e-05
0.00106538793995
0.0107002006143
0.00833781866049
4.63212147805e-05
0.0
0.0
0.0
0.0
0.0
0.0
0.0
0.0
-8.39313040942e-17
-0.0092642429561
0.0115803036951
0.0
0.0
0.0
0.0
0.0
0.0
0.0
0.000101226083227
4.12064050528e-17
0.0
0.0
-4.12064050528e-17
4.12064050528e-17
0.0
0.0
0.0
-4.63212147805e-05
0.0
0.0
-0.00944952781522
-0.00467844269283
-0.00421523054502
0.0
0.0
0.0
0.0
0.0
0.0
0.0
0.0
0.0
0.0
0.0115803036951
0.0
-0.0115803036951
0.0
0.0
0.0
0.0
-4.63212147805e-05
0.0
4.19656520471e-17
0.0
0.0
0.0
4.63212147805e-05
0.0
-2.20871852879e-18
0.0
-2.20871852879e-18
0.0
0.0
0.0
0.0
0.0
0.0
0.0
0.0
0.0115803036951
0.0
-0.0115803036951
0.0
4.19656520471e-17
-4.63212147805e-05
0.0
-8.17225855654e-17
0.0
0.0
0.0
0.0
0.0
4.63212147805e-05
-2.20871852879e-18
-2.20871852879e-18
-8.39313040942e-17
0.0
0.0
0.0
0.0
0.0
0.0
0.0
8.39313040942e-17
-4.63212147805e-05
0.0115803036951
-0.0115803036951
0.0
0.0
0.0
0.0
4.63212147805e-05
0.0
0.0
0.0
0.0
0.0
0.0
2.20871852879e-18
0.0
0.0
0.0
-8.39313040942e-17
-4.63212147805e-05
0.0
0.0
0.0
0.0
0.0
0.0
0.0115803036951
0.0
-0.00657761249883
0.0100517036074
0.000555854577366
0.0
0.0
4.14134724149e-17
0.0
0.0
0.0
0.0
0.0
0.0
0.0
-8.28269448298e-17
0.0
0.0
0.0
0.0
4.63212147805e-05
-4.63212147805e-05
0.0
0.0
0.0
0.0
0.0
0.0
0.0
0.0
0.0
0.0
0.0
-4.14134724149e-17
0.0
0.0
0.0
0.0
0.0
8.11704059332e-17
5.52179632199e-19
5.52179632199e-19
0.0
0.0
0.0
0.0
0.0
0.0
0.0
0.0
0.0
0.0
0.0
4.14134724149e-17
-4.14134724149e-17
0.0
4.14134724149e-17
0.0
0.0
0.0
-4.63212147805e-05
0.0
4.63212147805e-05
0.0
0.0
0.0
0.0
0.0
0.0
0.0
-8.22747651976e-17
0.0
0.0
0.0
0.012228800702
0.00824517623092
-0.0115803036951
4.08612927827e-17
0.0115803036951
4.63212147805e-05
0.0
0.0
0.0
0.0
4.19656520471e-17
-4.63212147805e-05
0.0
0.0
0.0
0.0
0.0
0.0
0.00982009753346
0.0
0.00819885501614
0.0
8.39313040942e-17
0.0
0.0
0.0
-8.39313040942e-17
-4.63212147805e-05
-0.0115803036951
0.0
0.0
0.0115803036951
0.0
0.0
0.0
3.97569335183e-17
4.63212147805e-05
-3.97569335183e-17
0.0
0.0
0.0
0.0
0.0
0.0
0.0
0.0
0.0
0.0
-8.39313040942e-17
0.0
-4.63212147805e-05
0.0
7.95138670366e-17
0.0
-0.0115803036951
-0.00931056417088
-0.00111170915473
-0.000833781866049
0.0
0.0
0.0
4.63212147805e-05
0.0
4.19656520471e-17
0.0
-4.63212147805e-05
-8.17225855654e-17
-2.20871852879e-18
-2.20871852879e-18
0.0
0.0
0.0
0.0
0.0
0.0
0.0
0.0
0.0
0.0
0.0
-0.0115803036951
0.0115803036951
0.0
0.0
0.0
4.63212147805e-05
-0.00537326091454
-0.00898631566741
-0.00208445466512
0.0
0.0
0.0
-8.22747651976e-17
0.0
-1.1043592644e-18
-1.1043592644e-18
-1.1043592644e-18
-1.1043592644e-18
8.28269448298e-17
0.0
0.0
4.63212147805e-05
0.0
0.0
0.0
0.0
0.0
0.0
0.0
0.0
0.0
0.0
-4.63212147805e-05
0.0
4.14134724149e-17
0.0
0.0
0.0
0.0
0.0
-1.1043592644e-18
-1.1043592644e-18
-1.1043592644e-18
4.63212147805e-05
0.0
0.0
-4.63212147805e-05
0.0
0.0
0.0
0.0
0.0
0.0
0.0
0.0
0.0
-3.77375611146e-05
0.0
4.12064050528e-17
0.0
-4.12064050528e-17
0.0
0.0
-4.12064050528e-17
8.24128101056e-17
0.0
0.0
0.0
0.0
4.63212147805e-05
-4.63212147805e-05
-7.24735767261e-19
-0.0141742917228
-0.0104685945404
-0.000741139436488
0.0
0.0
0.0
0.0
0.0
0.0
0.0115803036951
0.0
-0.0092642429561
0.0
0.0
0.0
0.0
3.97569335183e-17
0.0
0.0
0.0
0.0
-4.63212147805e-05
-0.0120435158429
-0.0078282852979
-0.000463212147805
7.95138670366e-17
-0.00231606073902
0.00231606073902
0.0
0.0
0.0
0.0
0.0
0.0115803036951
0.0
0.0118582309838
0.00101906672517
0.00152860008776
0.0
0.0
0.0
4.19656520471e-17
4.63212147805e-05
-8.17225855654e-17
8.17225855654e-17
-4.63212147805e-05
0.0
0.0
0.0
0.0
0.0
0.0
0.0
0.0
0.0
0.0
0.0
0.0
0.0
8.39313040942e-17
0.0138963644341
4.19656520471e-17
-0.0115339824803
-4.63212147805e-05
-4.19656520471e-17
0.0
-4.19656520471e-17
0.0
0.0
8.17225855654e-17
0.0
0.0
2.20871852879e-18
2.20871852879e-18
0.0121361582725
4.14134724149e-17
0.00787460651268
0.0
0.0
0.0
0.0
-4.63212147805e-05
0.0
0.0
0.0
0.0
0.0
0.0
0.0
0.0
0.0
4.63212147805e-05
0.0
0.0
-4.14134724149e-17
0.0
0.0
0.0
0.0
0.0
-4.63212147805e-05
0.0
0.0
-1.1043592644e-18
0.0
0.0
0.0
0.0
0.0
0.0
0.0
4.63212147805e-05
0.0
0.0
0.0
0.0
0.0
0.0
0.0
0.0
8.22747651976e-17
0.0
-4.63212147805e-05
0.0
0.0
0.0
1.1043592644e-18
1.1043592644e-18
0.0
0.0
0.0
4.63212147805e-05
0.0
0.0
0.0
0.0
0.0
0.0
0.0092642429561
-0.0115803036951
0.0
0.0
0.014776467515
0.00662393371361
0.00180652737644
3.97569335183e-17
0.0
0.0
0.0
0.0
0.0
0.0
-8.39313040942e-17
-4.41743705759e-18
0.0
0.0
7.95138670366e-17
-4.63212147805e-05
0.0
-8.39313040942e-17
8.39313040942e-17
-8.39313040942e-17
4.63212147805e-05
-0.0115803036951
0.0
0.0115803036951
0.0
0.0
0.0
-3.97569335183e-17
0.0
0.0
0.0122751219168
0.007596679224
0.000555854577366
7.95138670366e-17
0.0
0.0
0.0
0.0
0.0
0.0
0.0
0.0
0.0
0.0
0.0
0.0
-0.0115803036951
-4.63212147805e-05
0.0
0.0115803036951
0.0
-4.41743705759e-17
0.0
4.63212147805e-05
0.0
0.0
0.0
0.0
0.0
0.0
0.0
0.0
0.0
0.0
0.0
0.0
0.0
0.0
0.0
0.0
0.0
-4.63212147805e-05
-0.0115803036951
-0.00955075389844
-0.00230747708536
-0.000185284859122
-0.000694818221707
0.0
0.0
0.0
3.97569335183e-17
-3.97569335183e-17
0.0
0.0
0.0
0.0
-4.63212147805e-05
0.0
0.0
0.0
0.0
-8.39313040942e-17
0.0
0.0
0.0
0.0
0.0
4.63212147805e-05
0.0
-0.0115803036951
0.0
0.0092642429561
0.0
0.0
0.0
-0.00699450343185
-0.00898631566741
0.000648497006927
0.0
0.0
0.0
0.0
4.63212147805e-05
0.0
0.0
1.1043592644e-18
8.22747651976e-17
0.0
0.0
0.0
0.0
0.0
0.0
0.0
0.0
0.0
0.0
0.0
-4.63212147805e-05
0.0
0.0
0.0
0.0
0.0
0.0
0.0
0.0
0.0
4.63212147805e-05
-5.52179632199e-19
-8.22747651976e-17
0.0
8.22747651976e-17
0.0
0.0
-1.64549530395e-16
0.0
0.0
0.0
0.0
-0.0115803036951
0.0092642429561
0.0
0.0
0.0
-0.000176701205456
0.0
0.0
0.0
4.12064050528e-17
0.0
0.0
0.0
0.0
0.0
-8.24128101056e-17
-0.00231606073902
0.00231606073902
-7.24735767261e-19
-7.24735767261e-19
-7.24735767261e-19
-4.63212147805e-05
6.90224540248e-20
8.22747651976e-17
-8.23437876516e-17
8.22747651976e-17
-1.3804490805e-19
-1.3804490805e-19
-1.3804490805e-19
4.63212147805e-05
0.0
0.0
0.0
0.0
0.0
0.0
0.0
0.0
4.12064050528e-17
0.0
0.0
0.0
0.0
-6.21202086223e-19
-8.6278067531e-19
-4.63212147805e-05
-6.90224540248e-20
-6.90224540248e-20
-6.90224540248e-20
-6.90224540248e-20
-6.90224540248e-20
-6.90224540248e-20
-6.90224540248e-20
-6.90224540248e-20
-6.90224540248e-20
-6.90224540248e-20
0.0
0.0
-0.0164903524618
-0.00453947904849
-0.00365937596766
0.0
3.97569335183e-17
0.0
0.0
-8.39313040942e-17
8.39313040942e-17
-4.63212147805e-05
4.63212147805e-05
0.0
0.0
0.0
0.0
-4.41743705759e-18
0.0
0.0
8.39313040942e-17
0.0
0.0
0.0
0.0
0.0115803036951
0.0
-0.0092642429561
0.0
0.0
0.0
0.0
0.0
0.0
-3.97569335183e-17
-4.63212147805e-05
4.63212147805e-05
0.0
0.0
0.0
0.0
0.0
0.0
0.0
0.0
0.0
0.0
0.0
0.0
0.0
0.0
0.0115803036951
-4.19656520471e-17
-0.0138963644341
-3.97569335183e-17
0.0
0.0165829948914
0.00847678230483
4.63212147805e-05
0.0
0.0
0.0
0.0
0.0
-4.63212147805e-05
8.14810069763e-17
-9.31803129335e-19
-9.31803129335e-19
-1.20789294543e-19
-1.20789294543e-19
-1.20789294543e-19
-1.20789294543e-19
-1.20789294543e-19
-1.20789294543e-19
4.63212147805e-05
-8.23437876516e-17
6.90224540248e-20
0.0
0.0
0.0
0.0
0.0
0.0
0.0
-4.12064050528e-17
-4.63212147804e-05
0.0
0.0
0.0
0.0
-9.31803129335e-19
-9.31803129335e-19
-8.32065683269e-17
4.63212147805e-05
1.3804490805e-19
1.3804490805e-19
1.3804490805e-19
1.3804490805e-19
1.3804490805e-19
1.3804490805e-19
1.3804490805e-19
-4.63212147805e-05
8.24818325597e-17
0.0
0.0
0.0
0.0
0.0
0.0
-4.12064050528e-17
0.0
0.0
0.0
0.0
0.0
4.63212147805e-05
9.31803129335e-19
9.31803129335e-19
6.90224540248e-20
0.0
6.90224540248e-20
-4.63212147804e-05
-1.20789294543e-19
-1.20789294543e-19
-1.20789294543e-19
-1.20789294543e-19
-6.90224540248e-20
-6.90224540248e-20
0.0
0.0
0.0
0.0
0.0
0.0
0.0
-4.12064050528e-17
0.0
0.0
0.0
0.0
4.63212147805e-05
-6.90224540248e-20
-6.90224540248e-20
-6.90224540248e-20
-4.63212147805e-05
8.23437876516e-17
-1.3804490805e-19
-1.3804490805e-19
-1.3804490805e-19
-1.3804490805e-19
-1.3804490805e-19
-1.3804490805e-19
-8.24128101056e-17
0.0
0.0
0.0
0.0
0.0
0.0
0.0
0.0
0.0
8.24128101056e-17
0.0
0.0
0.0
4.63212147805e-05
-4.63212147805e-05
0.00764300043878
0.00866206716395
0.00180652737644
0.0
0.0
0.0
0.0
0.0
0.0
0.0
0.0
-0.0115803036951
0.0115339824803
0.0
0.0
0.0
0.0
0.0
-4.19656520471e-17
-4.19656520471e-17
0.0
0.0
0.0
0.0
0.0
0.0188990556304
0.00467844269283
0.00361305475288
0.0
-4.63212147805e-05
-7.95138670366e-17
8.83487411518e-17
-7.95138670366e-17
0.0
0.0
-0.0115803036951
0.0
0.0
0.0
0.0092642429561
0.0
0.0
-4.41743705759e-17
0.0
0.0
0.0
4.41743705759e-17
0.0
0.0
0.0
-0.0120435158429
-0.0078282852979
-0.000509533362585
4.41743705759e-18
0.0
0.0
0.0
0.0
0.0
0.0
0.0
0.0
-0.0161661039584
0.0
0.0021307758799
-4.63212147805e-05
0.0
4.63212147805e-05
0.0
4.08612927827e-17
-0.00491004876673
-0.00231606073902
-0.00537326091454
0.0
0.0
0.0
0.0
0.0
0.0
4.63212147805e-05
-4.63212147804e-05
-8.0618226301e-17
8.22747651976e-17
0.0
0.0
0.0
0.0
0.0
0.0
0.0
0.0
0.0
0.0
-0.000130379990676
0.0
0.0
0.0
0.0
-4.63212147805e-05
0.0
0.0
0.0
0.0
0.0
0.0
0.0
-8.6278067531e-19
-8.6278067531e-19
-8.6278067531e-19
-0.00741139436488
4.08612927827e-17
-0.00819885501614
-4.63212147805e-05
0.0
0.0
-0.00231606073902
0.00226973952424
0.0
0.0092642429561
0.0
-0.0115803036951
0.0
0.0
0.0
-0.00958849145956
-0.00231606073902
-0.00847678230483
-0.000138963644341
4.63212147805e-05
0.0
0.0
0.0
0.0
0.0
0.0
0.0
0.0
0.0
0.0
-4.63212147805e-05
0.0
0.0
7.95138670366e-17
0.0
0.0115803036951
-4.41743705759e-17
0.0
-0.0115803036951
0.0
0.0
0.0
3.97569335183e-17
0.0
4.63212147805e-05
0.0
0.0
0.0
0.0
0.0
4.41743705759e-18
0.0
0.0
-4.63212147805e-05
0.0
0.0
0.0
0.0
0.0
8.39313040942e-17
0.0145534450947
-8.583653666e-06
0.00764300043878
0.0
-0.0115803036951
0.0
4.63212147805e-05
0.0
0.0
0.0
0.0
0.0
0.0
0.0
-8.39313040942e-17
-4.63212147805e-05
0.0
0.0
0.0
0.0
0.0
0.0
0.0
7.95138670366e-17
4.63212147805e-05
0.0
0.0
0.0
0.0115803036951
-0.0115803036951
-3.97569335183e-17
3.97569335183e-17
-3.97569335183e-17
0.0
3.97569335183e-17
0.0
-4.63212147805e-05
0.0
8.39313040942e-17
0.0
0.0
0.0
4.41743705759e-18
4.41743705759e-18
0.0
0.0
0.0
0.0
0.0
0.0
4.63212147805e-05
0.0
0.0124140855612
0.00792092772746
0.0
-4.08612927827e-17
0.0
0.0
0.0
0.0
0.0
-4.08612927827e-17
-4.63212147805e-05
0.0
4.63212147805e-05
0.0
0.0
0.0
0.0
0.0
8.39313040942e-17
0.0
0.0
0.0
0.0
0.0
0.0
0.0
0.0
-8.28269448298e-17
0.0
4.08612927827e-17
0.0
0.0
4.63212147805e-05
0.0
0.0
4.08612927827e-17
0.0
0.0
0.0
0.0
0.0
0.0
0.0
0.0
-8.17225855654e-17
0.0
0.0
0.0100517036074
0.00648497006927
0.00157492130254
0.0
0.0
0.0
-0.0115339824803
-5.52179632199e-19
0.0115803036951
0.0
0.00954217024478
0.00662393371361
0.00180652737644
-3.97569335183e-17
0.0
0.0
4.63212147805e-05
-8.39313040942e-17
-4.63212147805e-05
0.0
0.0
0.0
0.0
0.0
0.0
0.0
0.0
0.0
0.0
0.0
0.0
-0.0115803036951
0.0
0.0
0.0115803036951
0.0
0.0
0.0
0.0
0.0
0.0
-4.63212147805e-05
0.0
4.63212147805e-05
0.0
0.0
0.0
0.0
0.0
0.0
0.0
0.0
-0.00731875193532
-0.00648497006927
-0.00180652737644
-8.17225855654e-17
0.0
-0.0115803036951
-5.52179632199e-19
-5.52179632199e-19
0.0115803036951
-4.63212147805e-05
0.0
0.0
0.0
0.0
0.0
4.19656520471e-17
4.63212147805e-05
0.0
-2.20871852879e-18
-2.20871852879e-18
0.0
0.0
0.0
0.0
0.0
0.0
0.0
0.0
0.0
0.0
0.0
-0.0115803036951
-5.52179632199e-19
0.0115803036951
0.0
-0.0143595765819
-0.00231606073902
-0.00667025492839
4.63212147805e-05
-4.19656520471e-17
0.0
0.0
0.0
0.0
8.17225855654e-17
-2.20871852879e-18
-4.63212147805e-05
0.0
0.0
0.0
0.0
0.0
0.0
0.0
0.0
0.0
0.0
0.0
0.0
0.0
0.0
0.0
0.0
0.0
4.63212147805e-05
4.19656520471e-17
0.0
0.0
0.0
0.0
0.0
-4.63212147805e-05
0.0
0.0
0.0
0.0
-8.17225855654e-17
0.0
0.0
4.63212147805e-05
0.0
-4.63212147804e-05
0.0
-0.0115803036951
0.0115803036951
0.0
4.63212147805e-05
4.63212147805e-05
0.0
0.0
0.0
0.0
0.0
0.0
-4.12064050528e-17
8.24128101056e-17
-4.63212147805e-05
0.0
-0.00958849145956
-0.0102833096813
-0.000833781866049
0.0
0.0
0.0
4.63212147805e-05
8.39313040942e-17
0.0
0.0
0.0
0.0
0.0
0.0115803036951
1.1043592644e-18
-0.0092642429561
0.0
0.0
-4.19656520471e-17
0.0
0.0
0.0
-4.63212147805e-05
0.0
0.0
8.17225855654e-17
2.20871852879e-18
2.20871852879e-18
0.0
0.0
0.0
0.0
0.0
4.63212147805e-05
0.0
0.0
0.0
0.0
0.0
0.0115803036951
0.0
-0.0092642429561
0.0
4.19656520471e-17
0.0
0.0
0.0
0.0
-4.63212147805e-05
-8.17225855654e-17
0.0
0.0
0.0
0.0
0.0
0.0
4.63212147805e-05
0.0
0.0
0.0
0.0
8.17225855654e-17
0.0
0.0
0.0
0.0115803036951
5.52179632199e-19
-0.0115803036951
0.0
0.0
4.19656520471e-17
0.0
0.0
-8.17225855654e-17
-0.00940320660044
-0.00815253380136
-0.000833781866049
0.0
0.0
0.0
0.0
0.0
0.0
0.0
0.0
0.014127970508
0.00463212147805
0.00606807913624
0.0
0.0
0.0
0.0115803036951
-0.0138963644341
0.0
0.0
0.0
0.0
-4.63212147805e-05
0.0
0.0
0.0
0.0
-8.17225855654e-17
0.0
0.0
0.0
0.0
0.0
0.0
0.0
0.0
0.0
4.63212147805e-05
0.0
0.0
0.0
0.0115803036951
6.21202086223e-19
0.000694818221707
0.00690186100229
0.0035667335381
0.0
0.0
4.19656520471e-17
-4.63212147805e-05
0.0
0.0
0.0
0.0
0.0
2.20871852879e-18
2.20871852879e-18
2.20871852879e-18
0.0
0.0
0.0
0.0
4.63212147805e-05
0.0
0.0
0.0
-4.63212147805e-05
-0.0092642429561
0.0115803036951
0.0
0.0
0.0
0.0
0.0
-4.19656520471e-17
4.19656520471e-17
0.0
0.0
0.0
0.0
-2.20871852879e-18
0.0
0.0
0.0
4.63212147805e-05
0.0
0.0
-4.63212147805e-05
0.0
0.0
0.0
0.0
0.0
0.0
4.19656520471e-17
-4.19656520471e-17
0.0
0.0
0.0
0.0
0.0
0.0
0.0
0.0
0.0097274551039
0.00745771557966
0.000416890933024
0.0
0.0
-7.95138670366e-17
8.39313040942e-17
0.0
0.0
0.0
0.0120435158429
0.00870838837873
-0.007596679224
0.0
0.0
-4.63212147805e-05
0.0115803036951
0.0
0.0
0.0
0.0
4.41743705759e-17
-0.0118582309838
-0.00648497006927
-0.00231606073902
0.0
0.0
0.0
4.63212147805e-05
0.0
0.0
0.0
0.0
0.0
0.0
7.95138670366e-17
0.0
0.0
0.0
-0.0115803036951
-4.63212147805e-05
0.0115803036951
0.0
-3.97569335183e-17
3.97569335183e-17
-3.97569335183e-17
0.0
0.0
0.0
0.0
0.0
0.0
8.39313040942e-17
0.0
4.63212147805e-05
0.0
0.0
0.0
0.0
0.0
0.0
0.0
-4.63212147805e-05
0.0
-0.0117741722079
-0.00226973952424
-0.0113023764064
0.0092642429561
0.0
0.0
0.0
0.0
0.0
0.0
-4.19656520471e-17
0.0
0.0
0.0
0.0
0.0
0.0
0.0
0.0
0.0
0.0
0.0
0.0
0.0
0.0
0.0
0.0
0.0
0.0
0.0
4.19656520471e-17
0.0
0.0
0.0
0.0
-4.19656520471e-17
0.0
0.0
0.0
4.63212147805e-05
-4.63212147805e-05
0.0
0.0
0.0
0.0
-8.17225855654e-17
0.0
0.0
0.0
0.0
0.0
0.0
-4.63212147805e-05
0.0
0.0
0.0
0.0
4.63212147805e-05
-0.000509533362585
5.49048684464e-05
0.0
-4.12064050528e-17
0.0
4.12064050528e-17
0.0
-4.63212147805e-05
0.0
0.0
0.0
0.0
0.0
0.0
0.0
0.0
-0.00968113388912
-0.00829149744571
-9.26424295609e-05
0.0
0.0
0.0
0.0
0.0
0.0
0.0115803036951
0.0
-0.0092642429561
0.0
0.0
0.0
0.0
0.0
0.0
4.19656520471e-17
0.0
-8.17225855654e-17
0.0
0.0
0.0
2.20871852879e-18
0.0
0.0
8.17225855654e-17
-8.17225855654e-17
8.39313040942e-17
0.0
0.0
0.0
0.0
0.0
0.0115803036951
5.52179632199e-19
-0.0092642429561
0.0
-4.19656520471e-17
0.0
0.0
0.0
0.0
0.0
0.0
0.0
0.0
2.20871852879e-18
2.20871852879e-18
2.20871852879e-18
0.0
0.0
0.0
8.17225855654e-17
0.0
0.0
0.0
0.0
0.0
-8.17225855654e-17
0.0138963644341
-0.0115803036951
0.0
0.0
4.19656520471e-17
0.0
0.0
0.0
4.19656520471e-17
-4.63212147805e-05
0.0
0.0
4.63212147805e-05
0.0
0.0
0.0
0.0
0.0
0.0
0.0
0.0
0.0
0.0
0.0
0.0
0.0115803036951
6.21202086223e-19
-0.0092642429561
4.08612927827e-17
-4.08612927827e-17
0.0
0.0
0.0
-4.63212147805e-05
0.0
0.0
0.0
4.63212147805e-05
0.0
0.0
0.0
0.0
0.0
0.0
0.0144522190115
0.00690186100229
0.00393730325634
0.0
0.0
0.0
0.0
0.0
-0.0115803036951
0.0115803036951
0.0
0.0
-4.63212147805e-05
0.0
0.0
0.0
-4.19656520471e-17
0.0
0.0
0.0
0.0
4.63212147805e-05
-2.20871852879e-18
-2.20871852879e-18
0.0
8.17225855654e-17
0.0
0.0
0.0
-4.63212147805e-05
0.0
0.0
-8.17225855654e-17
0.0
0.0
0.0
0.0
0.0
0.0
0.0
0.0
0.0
8.17225855654e-17
0.0
0.0
0.0
4.63212147804e-05
-2.20871852879e-18
-2.20871852879e-18
-2.20871852879e-18
0.0
-4.63212147806e-05
0.0
0.0
0.0
0.0
0.0
0.0
8.17225855654e-17
-0.0138963644341
0.0092642429561
0.0
0.0
0.0
0.0
0.0
0.0
-4.19656520471e-17
0.0
0.0
4.63212147805e-05
0.0
-2.20871852879e-18
-4.63212147805e-05
2.20871852879e-18
2.20871852879e-18
0.0
0.0
0.0
0.0
0.0
0.0
0.0
8.39313040942e-17
0.0
-0.0115803036951
0.0115803036951
0.0
0.0
0.0
0.0
0.0
0.0
-4.19656520471e-17
0.0123677643464
0.00884735202307
0.00162124251732
0.0
4.63212147805e-05
0.0
4.41743705759e-18
4.41743705759e-18
-4.63212147805e-05
0.0
0.0
0.0
0.0
0.0
0.0
0.0
-0.0115803036951
0.0
0.0115803036951
0.0
0.0
0.0
-3.97569335183e-17
0.0
0.0
0.0
0.0
0.0
4.63212147805e-05
0.0
0.0
-4.63212147805e-05
8.39313040942e-17
0.0
0.0
0.0
0.0
0.0
0.0
-7.95138670366e-17
0.0
0.0
-0.0115803036951
0.0
0.0115803036951
0.0
0.0
0.0
-3.97569335183e-17
3.97569335183e-17
0.0
-3.97569335183e-17
8.39313040942e-17
0.0
0.0
0.0
0.0
-8.39313040942e-17
0.0
0.0
0.0
0.0
-0.0140353280785
-0.00231606073902
-0.00680921857273
-0.0092642429561
-0.00676289735795
-0.00226973952424
0.0
0.0
-4.08612927827e-17
0.0
4.63212147805e-05
4.08612927827e-17
0.0
4.08612927827e-17
0.0
-8.28269448298e-17
0.0
-4.63212147805e-05
0.0
0.0
0.0
0.0
0.0
0.0
0.00741139436488
0.0059291154919
0.0042615517598
0.000185284859122
0.0
0.0
0.0
0.0
-0.0092642429561
0.0115803036951
-4.63212147805e-05
0.0
-0.000463212147805
0.0
0.0
4.19656520471e-17
-8.17225855654e-17
-4.63212147805e-05
0.0
0.0
0.0
0.0
0.0
0.0
0.000509533362585
-3.77375611146e-05
0.0
0.0
0.0
4.12064050528e-17
0.0
0.0
0.0
0.0
0.0
-4.63212147805e-05
0.0
0.0
-6.90224540248e-20
-6.90224540248e-20
-6.90224540248e-20
-6.90224540248e-20
-6.90224540248e-20
-6.90224540248e-20
4.63212147804e-05
1.29417101297e-19
1.29417101297e-19
1.29417101297e-19
1.29417101297e-19
1.29417101297e-19
1.29417101297e-19
0.0
-0.014127970508
-0.00463212147805
-0.00685553978751
0.0
0.0
0.0
-3.97569335183e-17
0.0
0.0
0.0
0.0
0.0
0.0
0.0
0.0
0.0
0.0
0.0
0.0
4.63212147805e-05
0.0
0.0
-4.63212147805e-05
0.0115803036951
0.0
-0.0115803036951
0.0
0.0
0.0
0.0
0.0
0.0
0.0
0.0
0.0
8.39313040942e-17
0.0
0.0
0.0
0.0
0.0
0.0
0.0
4.63212147804e-05
0.0
-4.63212147805e-05
0.0
0.0
8.39313040942e-17
0.0138963644341
0.0
-0.0092642429561
0.0
0.0
0.0
0.0
3.97569335183e-17
0.0
3.97569335183e-17
0.0
-8.39313040942e-17
0.0
0.0
0.0
-4.41743705759e-18
-4.41743705759e-18
-4.63212147805e-05
4.63212147805e-05
-8.39313040942e-17
8.39313040942e-17
0.0
0.0
0.0
0.0
0.0
0.0115803036951
0.0
-0.0115803036951
-3.97569335183e-17
0.0
0.0
0.0
0.0
0.0
0.0
0.0
0.0
-8.39313040942e-17
0.0
0.0
0.0
-4.63212147805e-05
0.0
4.63212147806e-05
0.0143132553672
0.00231606073902
0.00847678230483
4.63212147805e-05
0.0
0.0
0.0
8.28269448298e-17
0.0
0.0
0.0
0.0
-4.63212147805e-05
0.0
0.0
-4.14134724149e-17
0.0
0.0
4.63212147805e-05
0.0
0.0
0.0
0.0
8.28269448298e-17
0.0
0.0
0.0
0.0
-4.63212147805e-05
0.0
0.0
0.0
0.0
8.28269448298e-17
0.0
0.0
4.63212147805e-05
0.0
0.0
0.0
0.0
4.14134724149e-17
0.0
0.0
0.0
0.0
-4.63212147805e-05
-5.52179632199e-19
-5.52179632199e-19
-5.52179632199e-19
0.0118582309838
0.00231606073902
0.00620704278058
0.0
0.0
0.0
-4.63212147805e-05
0.0
0.0
0.00528061848497
0.00880103080829
0.00171388494688
0.0115803036951
0.0
0.0
0.0
0.0
0.0
0.0
-4.63212147805e-05
0.0
4.63212147805e-05
0.0
0.0
0.0
0.0
0.0
0.0
0.0
0.0
0.0
0.0
0.0
0.0
-0.0115803036951
0.0
0.0
0.0
0.0115803036951
0.0
-4.63212147805e-05
0.0
0.0
0.0
0.0
-4.41743705759e-17
0.0
0.0
4.63212147805e-05
0.0
-0.0164440312471
-0.00704082464663
-0.00430787297458
4.63212147805e-05
0.0
0.0
0.0
0.0
0.0
0.0
0.0
-0.0115803036951
-0.000231606073902
-0.00463212147805
-0.00643864885449
0.0
0.0
0.0
0.0
0.0
0.0
0.0
0.0
0.0
4.63212147805e-05
-1.3804490805e-19
-1.3804490805e-19
-1.3804490805e-19
0.0
-8.24128101056e-17
0.0
0.0
-4.63212147805e-05
0.0
0.0
1.3804490805e-19
0.0
0.0
0.0
0.0
0.0
0.0
0.0
0.0
0.0
0.0
0.0
0.0
0.0
4.63212147805e-05
-5.52179632199e-19
-8.28269448298e-19
-8.28269448298e-19
1.3804490805e-19
0.0
1.3804490805e-19
0.0
-4.63212147805e-05
0.0
0.0
0.0
0.0
0.0
0.0092642429561
-0.0115803036951
-4.12754275068e-17
4.12754275068e-17
0.0
0.0
0.0
0.0
0.0
4.63212147805e-05
0.0
0.0
0.0
-5.52179632199e-19
-4.63212147805e-05
0.0
0.0
0.0
0.0
0.0
0.0
4.63212147805e-05
1.3804490805e-19
1.3804490805e-19
1.3804490805e-19
1.3804490805e-19
0.0
0.0
0.0
0.0
-4.12754275068e-17
-8.40587758951e-05
4.12064050528e-17
0.0
0.0
0.0
-0.00231606073902
0.00231606073902
4.12064050528e-17
-8.24128101056e-17
0.0
0.0
0.0
0.0
6.90224540248e-20
6.90224540248e-20
-7.93758221285e-19
6.90224540248e-20
-4.63212147805e-05
0.0
-0.0092642429561
-0.00463212147805
-0.00634600642493
-4.63212147805e-05
0.0
0.0
0.0115803036951
-0.0141828753765
-0.00463212147805
-0.0115803036951
0.0
0.0
0.0
0.0
0.0
0.0
0.0
0.0
0.0
4.63212147805e-05
0.0
0.0
0.0
0.0
0.0
7.95138670366e-17
-4.63212147805e-05
-8.39313040942e-17
0.0
0.0
0.0
0.0115803036951
0.0
0.0
3.97569335183e-17
-0.0115803036951
0.0
0.0
3.97569335183e-17
0.0
0.0
0.0
-3.97569335183e-17
0.0
0.0
0.00768932165356
0.00231606073902
0.00528061848497
0.0
0.0
0.0
0.0
0.0
0.0
-4.63212147805e-05
0.0
0.0
0.0
0.0115803036951
3.97569335183e-17
-0.0115803036951
0.0
3.97569335183e-17
4.63212147805e-05
0.0
0.0
0.0
0.0
0.0
0.0
0.0
0.0
0.0
-4.41743705759e-18
-4.63212147805e-05
0.0
0.0
0.0
0.0
0.0120898370577
0.00463212147805
0.00588279427712
-2.76089816099e-19
-8.25508550137e-17
0.0115803036951
-0.0115803036951
0.0
0.0
0.0
0.0
0.0
0.0
0.0
0.0
0.0
4.63212147805e-05
-4.63212147805e-05
-5.52179632199e-19
0.0
0.0
0.0
-8.22747651976e-17
2.76089816099e-19
2.76089816099e-19
2.76089816099e-19
2.76089816099e-19
2.76089816099e-19
2.76089816099e-19
2.76089816099e-19
8.25508550137e-17
0.0115803036951
-0.0115803036951
0.0
0.0
0.0
0.0
0.0
-4.11373825988e-17
-4.11373825988e-17
0.0
0.0
0.0
0.0
2.76089816099e-19
2.76089816099e-19
8.14464957493e-17
-8.28269448298e-19
0.0
0.0
0.0
0.0
0.0
0.0
8.22747651976e-17
-4.63212147805e-05
4.63212147805e-05
0.0
4.11373825988e-17
0.0
0.0147301463002
0.007596679224
0.000602175792146
0.0
0.0
0.0
0.0
-4.63212147805e-05
0.0
0.0
0.0
0.0145448614411
0.00722610950575
0.000324248503463
0.0
0.0
0.0
-7.95138670366e-17
4.63212147805e-05
0.0
0.0
-0.0115803036951
0.0
0.0
0.0115803036951
0.0
0.0
0.0
4.41743705759e-17
0.0
-4.63212147805e-05
0.0
0.0
0.0
-7.95138670366e-17
0.0
0.0
0.0
0.0
0.0
0.0
8.83487411518e-17
-7.95138670366e-17
7.95138670366e-17
-0.011811909769
-0.00676289735795
-0.00203813345034
-0.0092642429561
0.0
0.0115803036951
0.0
0.0
0.0
0.0
0.0
0.0
8.39313040942e-17
0.0
0.0
0.0
0.0
-4.63212147805e-05
0.0
0.0
0.0
0.0
-8.39313040942e-17
0.0
0.0
4.63212147805e-05
-0.0115803036951
-0.00467844269283
-0.00421523054502
0.0
0.0
0.0
4.14134724149e-17
0.0141742917228
0.00778196408312
0.000555854577366
0.0
0.0
0.0
0.0
0.0
0.0
0.0
-8.39313040942e-17
0.0
0.0
0.0
-4.63212147805e-05
0.0
0.0
0.0
0.0
7.95138670366e-17
0.0
-0.0115803036951
0.0
0.0115803036951
0.0
-8.39313040942e-17
0.0
4.63212147805e-05
0.0
3.97569335183e-17
0.0
0.0
0.0
0.0
0.0
0.0
0.0
-4.63212147805e-05
0.0
-0.0119971946281
-0.00481740633717
-0.00421523054502
0.0
0.0
0.0
0.0
0.0
0.0
0.0
0.0
0.0119508734134
0.0073650731501
0.000370569718244
0.0
0.0
0.0
-0.00903263688219
-0.00676289735795
-0.00203813345034
0.0
-8.39313040942e-17
0.0
0.0
8.28269448298e-17
0.0
-8.17225855654e-17
8.0618226301e-17
-8.17225855654e-17
4.63212147805e-05
0.0
0.0
0.0
0.0
0.0
0.0
0.0
0.0
0.0
-0.000602175792146
-9.2642429561e-05
-4.08612927827e-17
0.0
8.28269448298e-17
0.0
0.0
0.0
4.63212147805e-05
0.0
0.0
-8.28269448298e-17
0.0
0.0
-9.2642429561e-05
0.0
0.0
-4.63212147805e-05
0.0
0.0
-0.0115803036951
0.0092642429561
-4.08612927827e-17
-4.63212147805e-05
0.0
4.63212147805e-05
0.0
4.08612927827e-17
-4.08612927827e-17
0.0
0.0
0.0
0.0
0.0
-8.4058775895e-05
-4.12064050528e-17
4.63212147805e-05
0.0
0.0
0.0
0.0
4.12064050528e-17
-8.24128101056e-17
0.0
0.0
-0.0092642429561
-0.00671657614317
-0.00176020616166
0.0
0.0
0.0
0.0
0.0
0.0
4.63212147805e-05
0.0
0.0
0.0
0.0
0.0115803036951
1.1043592644e-18
-0.0115803036951
0.0
0.0
-4.63212147805e-05
0.0
0.0
0.0
0.0
0.0
0.0
0.0
2.20871852879e-18
0.0
0.0
0.0
0.0
0.0
0.0
0.0
4.63212147805e-05
0.0
0.0
0.0
0.0
0.0115803036951
0.0
-0.0115803036951
0.0
0.0
0.0
0.0
-4.19656520471e-17
0.0
0.0
0.0
0.0
0.0
2.20871852879e-18
2.20871852879e-18
2.20871852879e-18
0.0
0.0
0.0
0.0
4.63212147805e-05
-8.39313040942e-17
0.0
-4.63212147804e-05
0.0
0.0
0.0115803036951
-0.0115803036951
0.0
0.0
4.19656520471e-17
0.0
0.0
0.0
-4.19656520471e-17
0.0
0.0
0.0
0.0
4.63212147805e-05
0.0
0.0
-8.39313040942e-17
-4.63212147805e-05
0.0
0.0
0.0
0.0
0.0
0.0
0.0
0.0115803036951
0.0
-0.0115803036951
0.0
0.0
0.0
0.0
0.0
0.0
0.0
0.0
0.0
0.0
4.63212147805e-05
8.17225855654e-17
-2.20871852879e-18
-2.20871852879e-18
-4.63212147805e-05
0.0
0.0
0.0
0.0
0.0
0.0
0.0
0.0
0.0115803036951
0.0
-0.0115803036951
0.00755035800922
0.00231606073902
0.00815253380136
0.0
0.0
0.0
4.63212147804e-05
8.24128101056e-17
0.0
0.0
0.0
0.0
0.0
0.0
0.0
0.0
0.0
0.0
-4.63212147805e-05
-6.90224540248e-20
-6.90224540248e-20
-6.90224540248e-20
-6.90224540248e-20
-6.90224540248e-20
0.0
0.0
0.0
0.0
0.0
0.0
0.0
0.0
0.0
0.0
0.0
0.0
0.0
-4.63212147805e-05
-6.90224540248e-20
-6.90224540248e-20
-6.90224540248e-20
0.0
0.0
-6.90224540248e-20
4.63212147805e-05
0.0
-6.90224540248e-20
-6.90224540248e-20
-6.90224540248e-20
-6.90224540248e-20
0.00991273996302
0.0
0.00796724894224
4.63212147805e-05
0.0
0.0
0.0
4.19656520471e-17
4.63212147805e-05
0.0
0.0
0.00727243072053
0.00231606073902
0.00583647306234
0.0
4.63212147805e-05
-7.95138670366e-17
4.41743705759e-18
8.39313040942e-17
0.0
0.0
0.0
0.0
0.0
-4.63212147805e-05
-0.0138963644341
4.19656520471e-17
0.0
0.0115803036951
0.0
0.0
0.0
0.0
-3.97569335183e-17
-0.00921792174131
-0.00903263688219
-0.0021307758799
0.0
-2.20871852879e-18
-2.20871852879e-18
-8.39313040942e-17
0.0
8.39313040942e-17
0.0
0.0
0.0
0.0
0.0
0.0
0.0
0.0
-0.0115803036951
-6.21202086223e-19
0.0115803036951
-4.63212147805e-05
0.0
4.63212147805e-05
0.0
0.0
4.19656520471e-17
0.0
0.0
0.0
0.0
0.0
-8.17225855654e-17
0.0
0.0
0.0
0.0
0.0
0.0
0.00301087896073
-8.17225855654e-17
0.00708714586141
4.63212147805e-05
0.0
-0.0115803036951
-1.1043592644e-18
0.0115803036951
3.97569335183e-17
-3.97569335183e-17
0.0
0.0
3.97569335183e-17
0.0
0.0
0.0
0.0
-4.63212147805e-05
0.0
0.0
4.41743705759e-18
-7.95138670366e-17
0.0
0.0
0.0
8.39313040942e-17
0.0
0.0
0.0
4.63212147805e-05
0.0
-0.0138963644341
0.0115803036951
0.0
0.0
0.0
-4.19656520471e-17
-0.00685553978751
-0.00690186100229
-0.00365937596766
0.0
0.0
-4.63212147805e-05
0.0
0.0
8.28269448298e-19
8.28269448298e-19
8.28269448298e-19
0.0
0.0
0.0
-8.22747651976e-17
4.63212147805e-05
0.0
0.0
0.0
0.0
-0.0115803036951
0.0115803036951
0.0
0.0
-0.000130379990676
0.0
0.0
0.0
0.0
0.0
0.0
0.0
0.0
0.0
0.0
0.0
0.0
0.0
4.63212147805e-05
-7.93758221285e-19
-4.63212147805e-05
-0.0117192673395
-0.00226973952424
-0.00657761249883
0.0
0.0
0.0
0.0
0.0
0.0115803036951
-0.0115339824803
0.0
0.0
-4.63212147805e-05
0.0
0.0
-3.97569335183e-17
0.0
0.0
0.0
0.0
0.0
0.0
0.0
0.0
-4.41743705759e-18
-4.41743705759e-18
0.0
0.0
0.0
0.0
0.0
0.0
0.0
0.0115803036951
4.63212147805e-05
-0.0115803036951
3.97569335183e-17
0.0
0.0
0.0
0.0
0.0
0.0
0.0
-8.39313040942e-17
8.39313040942e-17
-8.39313040942e-17
0.0
0.0
0.0
0.0
0.0
8.39313040942e-17
0.0
0.0
-4.63212147805e-05
0.0
4.63212147805e-05
0.0
0.0115803036951
0.0
-0.0092642429561
0.0
0.0
0.0
0.0
0.0
0.0
-4.19656520471e-17
8.17225855654e-17
0.0
0.0
0.0
0.0
-4.63212147805e-05
0.0
0.0
0.0
4.63212147805e-05
0.0
0.0
-2.20871852879e-18
0.0
0.0
0.0
0.0115803036951
0.0
-0.0115803036951
0.0
0.0
0.0
0.0
0.00940320660044
0.00467844269283
0.0035667335381
0.0
8.24128101056e-17
0.0
0.0
-1.3804490805e-19
-1.3804490805e-19
-1.3804490805e-19
-9.66314356347e-19
-1.3804490805e-19
-1.3804490805e-19
-1.3804490805e-19
-1.3804490805e-19
-4.63212147805e-05
0.0
0.0
0.0
0.0
0.0
0.0
0.0
4.63212147805e-05
0.0
0.0
0.0
4.12754275068e-17
0.0
0.0
-8.24128101056e-17
0.0
0.0
-4.63212147805e-05
8.28269448298e-19
8.28269448298e-19
1.3804490805e-19
0.0
0.0
0.0
0.0
0.0
4.63212147805e-05
1.3804490805e-19
0.0108391642586
0.00231606073902
0.00815253380136
0.0115803036951
0.0
4.63212147805e-05
0.0
0.0
0.0
0.0
0.0
0.0
-4.63212147805e-05
0.0
0.0
0.0
0.0
0.0
0.0
0.0
8.39313040942e-17
0.0
0.0
0.0
0.0
0.0
0.0
-0.0115803036951
-8.39313040942e-17
0.0115803036951
0.0
4.63212147805e-05
0.0
-0.0167219585358
-0.00810621258658
-0.000741139436488
0.0
0.0
0.0
0.0
0.0
0.0
0.0
0.0
0.0
0.0
-4.63212147805e-05
0.0
0.0
0.0
0.0
0.0
0.0
0.0
0.0
0.0
4.63212147805e-05
0.0
0.0
0.0
0.0
0.0
0.0
0.0
0.0
-0.00231606073902
0.00231606073902
0.0
0.0
0.0122751219168
0.00467844269283
0.00365937596766
0.0
0.0
0.0
0.0
0.0
-0.0115803036951
0.0
0.0256619529884
0.00231606073902
0.00611440035102
-4.63212147805e-05
0.0
0.0
0.0
0.0
0.0
0.0
0.0
4.63212147805e-05
0.0
0.0
0.0
0.0
0.0
0.0
0.0
0.0
0.0
-4.63212147805e-05
0.0
-0.0115803036951
0.0
0.0
0.0115803036951
0.0
0.0
0.0
4.41743705759e-17
-7.95138670366e-17
0.0
0.0
4.63212147805e-05
0.0
0.0
0.0
-0.0115339824803
-0.010329630896
-0.000694818221707
-7.95138670366e-17
-0.0138500432194
0.0
-0.00866206716395
-0.000138963644341
0.0
0.0
8.22747651976e-17
-8.22747651976e-17
8.22747651976e-17
0.0115803036951
-0.0115803036951
4.63212147805e-05
0.0
0.0
0.0
0.0
4.14134724149e-17
0.0
0.0
0.0
0.0
0.0
-4.63212147805e-05
-8.22747651976e-17
0.0
0.0
0.0
0.0
0.0142206129376
0.00699450343185
0.000231606073902
0.0
0.0
0.0
-0.0115803036951
0.0
0.0115803036951
-4.63212147805e-05
0.0
-0.000176701205456
4.12064050528e-17
0.0
0.0
0.0
0.0
0.0
-4.63212147805e-05
0.0
0.0
-0.0115339824803
-0.00463212147805
-0.00430787297458
-7.95138670366e-17
7.95138670366e-17
-7.95138670366e-17
0.0
0.0
0.0
0.0
0.0
0.0
0.0
0.0
0.0092642429561
0.0
-0.0115803036951
0.0
0.0
0.0
0.0
0.0
-4.63212147805e-05
-3.97569335183e-17
0.0
0.0
0.0
4.63212147805e-05
0.0
7.95138670366e-17
0.0
-7.95138670366e-17
0.0
0.0
0.0
0.0
0.0
0.0
7.95138670366e-17
0.0
0.0115803036951
0.0
-0.0115803036951
0.0
0.0
-4.63212147805e-05
0.0
0.0
0.0
0.0
0.0
0.0
0.0
4.63212147805e-05
0.0
0.0
7.95138670366e-17
0.0
0.0
0.0
0.0
0.0
0.0
0.0
0.0
-4.63212147805e-05
0.0115803036951
0.0
-0.0115803036951
-3.97569335183e-17
0.0
0.0
4.63212147805e-05
3.97569335183e-17
-3.97569335183e-17
8.39313040942e-17
0.0
0.0
0.0
0.0
0.0
0.0
0.0
0.0
0.0
-4.63212147805e-05
0.0
0.0
0.0
0.0
0.0169072433949
0.00477108512239
-0.00796724894224
0.0115803036951
0.0
0.0
0.0
0.0
0.0
4.63212147805e-05
4.11373825988e-17
0.0
0.0
0.0
0.0
-4.63212147805e-05
0.0
0.0
8.3379124462e-17
-8.22747651976e-17
0.0
0.0
0.0
0.0
0.0
8.25508550137e-17
0.0
0.0
0.0
0.0
0.0
4.63212147805e-05
0.0
-4.11373825988e-17
4.11373825988e-17
-4.11373825988e-17
4.11373825988e-17
0.0
0.0
-4.63212147805e-05
0.0
0.0
0.0
-8.22747651976e-17
8.22747651976e-17
8.22747651976e-17
-2.76089816099e-19
-2.76089816099e-19
-2.76089816099e-19
-2.76089816099e-19
4.63212147804e-05
0.0
0.0
0.0
0.0
0.0
-4.63212147805e-05
0.0
0.0
0.0
0.0
4.11373825988e-17
0.0
0.0
0.0
0.0
0.0
0.0
0.0
0.0
0.0
-8.22747651976e-17
0.0
4.63212147805e-05
0.0
0.0
0.0
0.0
-4.63212147805e-05
0.0
0.0
0.0
0.0
0.0
4.11373825988e-17
-4.11373825988e-17
0.0121824794873
0.00481740633717
0.003798339612
-8.39313040942e-17
0.0
0.0
8.39313040942e-17
0.0
4.63212147805e-05
0.0
0.0
0.0
0.0
0.0
-8.39313040942e-17
0.0
0.0
0.0
-0.0115803036951
0.0
0.0115803036951
0.0
0.0
-4.63212147805e-05
0.0
3.97569335183e-17
0.0
0.0
0.0
0.0
0.0
0.0
0.0
4.63212147805e-05
0.0
0.0
0.0
0.0
0.0
0.0
-8.39313040942e-17
0.0
0.0
0.0
-0.0115803036951
0.0
0.0115339824803
0.0
0.0
-3.97569335183e-17
0.0
0.0
0.0
-3.97569335183e-17
8.39313040942e-17
0.0
0.0
0.0
-0.00722610950575
-0.00708714586141
-0.00338144867897
4.63212147805e-05
0.0
0.0
0.0
-0.00467844269283
-0.0061607215658
-0.00157492130254
0.0
0.0
-4.63212147805e-05
0.0
0.0
-4.08612927827e-17
0.0
0.0
0.0
0.0
0.0
4.08612927827e-17
0.0
0.0
0.0
0.0
0.0
0.0
4.63212147805e-05
-1.1043592644e-18
0.0
0.0
0.0
0.0
0.0
0.0
0.0
-4.63212147805e-05
0.0
0.0
0.0
0.0
0.0
0.0
0.0
0.0
0.0
0.0
0.0
0.0
0.0
-8.28269448298e-17
4.63212147805e-05
0.0
0.0
-4.63212147805e-05
0.0
0.0
-4.63212147805e-05
0.0
0.0
0.0
-3.77375611146e-05
0.0
0.0
-4.63212147805e-05
4.12064050528e-17
-4.12064050528e-17
0.0
0.0
0.0
0.0
0.0
0.0
0.0
6.90224540248e-20
6.90224540248e-20
6.90224540248e-20
0.0
0.0
0.0
-4.63212147805e-05
0.0
-0.0116266249099
-0.00708714586141
-0.00412258811546
0.0115803036951
0.0
-0.0115803036951
0.0
-3.97569335183e-17
0.0
0.0
-4.63212147805e-05
-3.97569335183e-17
0.0
-3.97569335183e-17
8.39313040942e-17
0.0
4.63212147805e-05
0.0
0.0
0.0
0.0
0.0
0.0
0.0
-7.95138670366e-17
0.0
0.0
0.0
0.0
0.0115803036951
0.0
-0.0115803036951
0.0
0.0
0.0
-4.63212147805e-05
0.0
0.0
0.0
0.0
0.0
0.0
4.63212147805e-05
0.0
0.0
0.0
0.0
0.0
0.0
0.0
0.0
0.0
0.0
0.0
0.0
0.0115339824803
0.0
-0.0115803036951
0.0
0.0
0.0
4.63212147805e-05
3.97569335183e-17
0.0
3.97569335183e-17
-8.39313040942e-17
0.0
0.0
0.0
0.0
-4.41743705759e-18
-4.41743705759e-18
-4.41743705759e-18
0.0
0.0
8.39313040942e-17
-4.63212147805e-05
0.0
0.0
0.0
0.0
0.0115803036951
0.0
-0.0115803036951
0.0
0.0
4.63212147805e-05
0.0
0.0
0.0
0.0
0.0
0.0
8.39313040942e-17
0.00977377631868
0.00231606073902
0.005697509418
0.0
0.0
8.28269448298e-17
0.0
0.0
0.0
0.0
0.0
4.63212147804e-05
0.0
0.0
0.0
0.0
0.0
0.0
0.0
0.0
0.0
4.08612927827e-17
-4.63212147805e-05
-8.28269448298e-17
0.00958849145956
0.00824517623092
4.63212147805e-05
0.0
0.0
0.0
0.0
0.0
0.0
-4.63212147805e-05
0.0
0.0
0.0
4.63212147804e-05
0.0
-0.0115803036951
0.0115803036951
0.0
0.0
0.0
0.0
0.0
0.0
-4.19656520471e-17
0.0
0.0
0.0
0.0
-4.63212147805e-05
0.0
0.0
0.0
0.0
8.17225855654e-17
0.0
0.0
4.63212147805e-05
0.0
0.0
0.0
-0.0092642429561
-5.52179632199e-19
0.0115803036951
0.0
0.0
0.0
0.0
-4.19656520471e-17
0.0
8.17225855654e-17
0.0145911826559
0.00708714586141
0.00389098204156
0.0
0.0
0.0
-7.95138670366e-17
0.0
0.0
0.0
0.0
0.0
0.0
0.0
0.0
-0.0115803036951
0.0
0.0
0.0
0.0115803036951
0.0
0.0
0.0
0.0
0.0
0.0
4.41743705759e-17
0.0
0.0
4.63212147805e-05
-7.95138670366e-17
0.0
-0.00778196408312
-0.00231606073902
-0.00870838837873
-0.000185284859122
0.0
0.0
0.0
7.95138670366e-17
0.0
0.0
-0.0115803036951
0.0
0.0115803036951
0.0
0.0
0.0
0.0
3.97569335183e-17
-8.39313040942e-17
-3.97569335183e-17
0.0
0.0
0.0
-4.63212147804e-05
0.0
0.0
0.0
0.0
0.0
0.0
0.0
-0.00949584903
0.0
-0.00810621258658
-9.26424295611e-05
0.0
0.0
0.0
4.14134724149e-17
0.0
0.0
0.0
0.0
0.0
0.0
0.0
0.0
-8.22747651976e-17
8.22747651976e-17
0.0
0.0
0.0
0.0
0.0
0.0
0.0
8.22747651976e-17
0.0
0.0
0.0
0.0
0.0
0.0
0.0
0.0
0.0
0.0
0.0
0.0
0.0
-4.14134724149e-17
8.22747651976e-17
0.0
0.0
0.0
0.0
-1.1043592644e-18
-1.1043592644e-18
-1.1043592644e-18
0.0
0.0
0.0
-8.28269448298e-17
-4.63212147805e-05
0.0
0.0
0.0
4.63212147805e-05
0.0
0.0
0.0
-4.14134724149e-17
-3.77375611145e-05
4.63212147805e-05
0.0
0.0
0.0
0.0
0.0
0.0
0.0
0.0
0.0
0.0
0.0
0.0
0.0
-0.0165366736766
-0.00773564286834
-0.000602175792146
0.0
0.0
0.0
0.0
0.0
0.0
0.0
0.0115803036951
0.0
-0.0092642429561
0.0
0.0
0.0
4.63212147805e-05
0.0
0.0
0.0
0.0
0.0
-8.39313040942e-17
0.0
0.0
-4.63212147805e-05
0.0
0.0
0.0
0.0
0.0
7.95138670366e-17
0.0
0.0
0.0
0.0115803036951
0.0
0.0
-0.0092642429561
0.0
0.0
4.63212147805e-05
0.0
0.0
0.0
-3.97569335183e-17
0.0
8.39313040942e-17
0.0
0.0
0.0
-4.63212147805e-05
0.0
0.0
0.0
0.0
0.0
0.0
0.0
0.0
0.0
0.0115803036951
4.63212147805e-05
-0.0115803036951
0.0
0.0
3.97569335183e-17
0.0
0.0
0.0
-4.63212147805e-05
0.0
0.0
-8.39313040942e-17
0.0
0.0
-4.41743705759e-18
-4.41743705759e-18
7.95138670366e-17
0.0
0.0
-8.39313040942e-17
7.95138670366e-17
-8.39313040942e-17
0.0
4.63212147805e-05
0.0
0.0115803036951
1.1043592644e-18
-0.0115803036951
-3.97569335183e-17
0.0
0.0
0.0
0.0
-4.63212147805e-05
0.00486372755195
0.00463212147805
0.00291823653117
0.0
0.0
4.63212147805e-05
-4.63212147805e-05
0.0
0.0
0.0
0.0
0.0
0.0
0.0
0.00259398802771
0.00588279427712
0.00092642429561
0.0115803036951
-0.0115803036951
0.00977377631868
0.00653129128405
0.00185284859122
-4.63212147805e-05
4.63212147805e-05
0.0
4.19656520471e-17
0.0
0.0
0.0
0.0
0.0
0.0
0.0
0.0
-8.17225855654e-17
0.0
0.0
-4.63212147805e-05
0.0
0.0
0.0
4.63212147805e-05
-0.0115803036951
4.08612927827e-17
0.0115803036951
0.0
0.0
0.0
0.0
0.0
0.0
-8.17225855654e-17
0.0
0.0
0.0
-4.63212147805e-05
0.0
0.0
0.0
2.20871852879e-18
0.0
0.0
0.0
0.0
0.0
4.63212147805e-05
0.0
0.0
-0.0092642429561
0.0115803036951
-3.97569335183e-17
0.0
0.0
0.0
0.0
3.97569335183e-17
0.0
0.0
0.00296455774595
0.00231606073902
0.00449315783371
0.0
4.63212147805e-05
0.0
0.0
0.0
-8.39313040942e-17
0.0
0.0
0.0
0.0
-4.63212147805e-05
0.0
-0.0115803036951
0.0
0.0115803036951
0.0
0.0
0.0
0.0
0.0
-3.97569335183e-17
0.0
0.0
0.0
0.0
0.0
0.0
4.63212147805e-05
0.0
0.0
0.0
0.0
0.0
0.0
-4.63212147805e-05
0.0
7.95138670366e-17
0.0
-0.0115803036951
0.0
0.0171851706836
0.007596679224
0.000370569718244
0.0
0.0
0.0
-4.41743705759e-17
0.0
4.41743705759e-17
0.0
0.0
-0.0137574007898
-0.00486372755195
-0.00421523054502
0.0
0.0
0.0
0.0
0.0
0.0
0.0
0.0
0.0
0.0
-0.0115803036951
0.0
0.0115803036951
0.0
0.0
0.0
0.0
3.97569335183e-17
-8.39313040942e-17
3.97569335183e-17
0.0
0.0
0.0
-4.63212147805e-05
4.63212147805e-05
0.0
0.0
0.0
0.0
0.0
0.0
0.0
0.0
0.0
0.0
-0.0197328374965
-0.00463212147805
-0.00412258811546
-4.08612927827e-17
0.0
0.0
0.0
0.0
4.08612927827e-17
0.0
0.0
-8.28269448298e-17
0.0
0.0
8.17225855654e-17
1.1043592644e-18
1.1043592644e-18
0.0
8.28269448298e-17
0.0
-8.28269448298e-17
4.63212147805e-05
-4.63212147805e-05
0.0
0.0
0.0
0.0
0.0
0.0
0.0
0.0
0.0
-0.000138963644341
0.0
0.0
5.49048684464e-05
4.12064050528e-17
0.0
0.0
0.0
0.0
0.0
-4.12064050528e-17
0.0
0.0
0.0
0.0
0.0
8.6278067531e-19
-0.0116266249099
-0.00704082464663
-0.00416890933024
0.0
0.0
0.0
0.0
0.0
0.0
0.0
0.0115803036951
0.0
-0.0115803036951
4.63212147805e-05
0.0
-0.00231606073902
0.00231606073902
-3.97569335183e-17
-3.97569335183e-17
0.0
0.0
0.0
0.0
-4.63212147805e-05
0.0
0.0
0.0
0.0
0.0
0.0
0.0
0.0
7.95138670366e-17
0.0
0.0
0.0
0.0115803036951
4.63212147805e-05
-0.0115803036951
0.0
0.0
0.0
0.0
0.0
0.0
-4.63212147805e-05
0.0
0.0
0.0
0.0
0.0
7.95138670366e-17
0.0
0.0
0.0
0.0
0.0
0.0
0.0
0.0
4.63212147805e-05
0.0
0.0115803036951
0.0
-0.0115803036951
-4.63212147805e-05
0.0
-3.97569335183e-17
3.97569335183e-17
-8.39313040942e-17
0.0
0.0
0.0
0.0
0.0
0.0
0.0
7.95138670366e-17
0.0
0.0
0.0
0.0
4.63212147805e-05
0.0
0.0
0.0
0.0
-4.63212147805e-05
0.0115803036951
0.0
-0.0115803036951
0.0
0.0
0.00963481267434
0.0078282852979
0.000555854577366
0.0
0.0
0.0
0.0
0.0
-4.63212147805e-05
0.0
0.0
-5.52179632199e-19
4.63212147805e-05
0.0
0.0
0.0
0.0
8.28269448298e-17
0.0
0.0
0.0
0.0
0.0
0.0
0.0
4.14134724149e-17
0.0
0.0
0.0
0.0
0.0
0.0
-4.63212147805e-05
-8.22747651976e-17
4.63212147805e-05
0.0
0.0
0.0
0.0
0.0
8.22747651976e-17
0.0
0.0
0.0
0.0
0.0
0.0115803036951
-0.0115803036951
0.0
-4.63212147805e-05
0.0
0.0
0.0
0.0
-4.14134724149e-17
8.22747651976e-17
4.63212147805e-05
0.0
0.0
-8.28269448298e-17
8.11704059332e-17
-8.22747651976e-17
0.0
0.0
0.0
0.0
-8.22747651976e-17
-4.63212147805e-05
0.0
0.0144058977967
0.00463212147805
0.00606807913624
-0.0115803036951
0.0115803036951
0.0
-4.63212147805e-05
0.0168609221801
0.0
0.00787460651268
0.0
-4.41743705759e-17
4.63212147805e-05
0.0
0.0
0.0
0.0
0.0
0.0
0.0
0.0
0.0
0.0
0.0
0.0
-4.63212147805e-05
0.0
-0.0115803036951
0.0
3.97569335183e-17
0.0
0.0115803036951
0.0
0.0
0.0
0.0
4.63212147805e-05
0.0
-4.41743705759e-17
0.0
-0.011811909769
-0.00889367323785
-0.000138963644341
0.0
8.39313040942e-17
4.41743705759e-18
4.41743705759e-18
0.0
0.0
0.0
0.0
0.0
0.0
0.0
-0.0115803036951
0.0
0.0115803036951
0.0
0.0
0.0
0.0
0.0
0.0
0.0
0.0
0.0
0.0
0.0
0.0
8.39313040942e-17
-8.39313040942e-17
8.39313040942e-17
0.0
0.0
0.0
0.0
0.0
0.0
-8.39313040942e-17
0.0
-0.0115803036951
0.0
0.0115803036951
0.0
-4.63212147805e-05
0.0
4.63212147805e-05
3.97569335183e-17
0.0
0.0
0.0
0.0
-0.0114790776119
-0.00232464439269
-0.00676289735795
1.1043592644e-18
1.1043592644e-18
1.1043592644e-18
0.0
0.0
0.0
0.0
0.0
0.0
-4.63212147805e-05
8.22747651976e-17
0.0
0.0
0.0
0.0
4.63212147805e-05
0.0
0.0
0.0
-4.14134724149e-17
0.0
0.0
0.0
0.0
0.0
0.0
1.1043592644e-18
-4.63212147805e-05
8.17225855654e-17
-8.22747651976e-17
0.0
0.0
4.63212147805e-05
0.0
0.0
0.0
0.0
0.0
0.0
0.0
