0.0
0.0
8.24149670573e-17
0.0
0.0
0.0
-1.64829934115e-16
1.64829934115e-16
-9.2642429561e-05
9.26424295609e-05
1.71477659218e-18
1.98439555321e-19
1.62921031871e-16
-1.66480002156e-16
8.21518189513e-17
8.38018869929e-17
-1.90890224412e-18
-8.41944522001e-17
8.38018869929e-17
-8.41944522001e-17
-1.65006804153e-18
-8.2285549956e-17
0.0
0.0
0.0
0.0
0.0
0.0
-8.24149670573e-17
-9.26424295607e-05
-1.64825620211e-16
0.0
1.64825620211e-16
-1.64825620211e-16
9.26424295609e-05
1.63182023025e-16
0.000277927288683
0.0479887785126
0.012228800702
-0.00435419418936
1.71673073319e-05
0.00917160052653
0.0
0.0
0.0570677366095
0.0125067279907
-0.000538687270034
-1.7167307332e-05
1.7167307332e-05
-1.7167307332e-05
1.59027734073e-16
1.71673073318e-05
7.54751222291e-05
0.0804307961662
0.007596679224
-0.00492721607406
1.71673073319e-05
-1.71673073319e-05
1.7167307332e-05
0.0
7.5475122229e-05
0.0800430591407
0.0125993704203
0.0043713614967
-1.7167307332e-05
1.7167307332e-05
-1.71673073319e-05
0.0
1.71673073318e-05
-1.71673073319e-05
0.0
1.71673073318e-05
-1.71673073319e-05
-3.53394964607e-17
-0.0092642429561
9.2642429561e-05
-9.2642429561e-05
-1.7167307332e-05
1.71673073319e-05
0.0935516865492
-0.00843046109005
-0.0123214431316
0.000185284859122
1.71673073319e-05
0.0
0.0
0.0
0.00928141026343
-1.71673073319e-05
9.26424295612e-05
1.71673073319e-05
-1.7167307332e-05
7.06789929214e-17
-7.54751222289e-05
-1.71673073322e-05
0.0
-0.00461495417072
0.0
-0.000370569718244
-0.000185284859122
7.06789929214e-17
0.000446044840473
1.71673073318e-05
-9.2642429561e-05
0.0
0.0
0.0
0.0
0.0
0.0
0.0
9.2642429561e-05
-0.00463212147805
0.00463212147805
1.29417101297e-19
1.64700517013e-16
-1.66480002156e-16
8.2417124009e-17
-9.2642429561e-05
0.0
0.0
0.0
0.0
0.0
0.0
0.0
0.000277927288683
-9.2642429561e-05
0.000185284859122
9.2642429561e-05
-0.000185284859122
0.0525282575611
0.00704082464663
-0.00491004876673
1.7167307332e-05
-1.7167307332e-05
0.00453947904849
0.0513239059768
0.012228800702
0.000387737025576
-1.71673073319e-05
1.71673073319e-05
-1.7167307332e-05
1.59027734073e-16
-7.06789929214e-17
-7.06789929214e-17
1.94367230534e-16
0.103666878679
0.00898631566741
-0.00500269119629
3.53394964607e-17
1.7167307332e-05
9.2642429561e-05
0.0
-1.71673073321e-05
1.71673073321e-05
3.53394964607e-17
0.105907464296
0.0119508734134
0.00453947904849
-1.7167307332e-05
1.71673073318e-05
-1.71673073318e-05
1.41357985843e-16
1.71673073318e-05
-1.71673073318e-05
-0.0092642429561
-7.06789929214e-17
7.06789929214e-17
0.0
-1.7167307332e-05
1.7167307332e-05
-2.12036978764e-16
-1.71673073319e-05
0.000109809736893
0.01953038533
0.0124140855612
0.00464928878538
-1.71673073319e-05
1.7167307332e-05
-1.71673073319e-05
7.06789929214e-17
1.7167307332e-05
-1.7167307332e-05
2.12036978764e-16
1.7167307332e-05
-1.71673073321e-05
-0.0092642429561
-9.2642429561e-05
-1.41357985843e-16
7.06789929214e-17
-1.7167307332e-05
-7.5475122229e-05
-1.7167307332e-05
1.71673073319e-05
9.2642429561e-05
0.000816614558716
1.71673073316e-05
0.000260759981351
0.000109809736893
-9.2642429561e-05
0.0
0.0
0.0
0.0
0.0
9.26424295609e-05
0.0
8.08425492766e-17
-8.07045043685e-17
1.70830573711e-18
1.3804490805e-19
1.62789457818e-16
-1.66482159108e-16
-9.26424295608e-05
-8.22833930043e-17
-1.51849398855e-18
-1.51849398855e-18
1.31574052985e-19
0.0
0.0
0.0
0.0
8.24149670573e-17
-8.24149670573e-17
8.24149670573e-17
9.26424295609e-05
-8.24128101056e-17
0.0
1.64825620211e-16
0.0
-1.64825620211e-16
0.0
1.64825620211e-16
-9.26424295611e-05
0.0
-1.98439555321e-19
-2.60991154281e-19
0.0
1.31574052985e-19
1.31574052985e-19
0.0756888649513
0.0120435158429
-0.00528061848497
1.71673073318e-05
0.0092642429561
9.2642429561e-05
0.0
-9.2642429561e-05
-7.06789929214e-17
-1.76697482304e-17
0.0478034936535
0.0119508734134
0.000387737025576
-1.7167307332e-05
1.41357985843e-16
-1.06018489382e-16
1.76697482304e-17
1.59027734073e-16
-9.26424295609e-05
0.0
-0.00928141026343
0.131737534836
0.0123214431316
7.06789929214e-17
1.71673073319e-05
-1.71673073319e-05
1.71673073319e-05
0.0092642429561
1.7167307332e-05
-1.7167307332e-05
3.53394964607e-17
0.000109809736893
-1.71673073319e-05
0.0840438509191
0.007596679224
-0.00481740633717
-1.41357985843e-16
1.41357985843e-16
7.5475122229e-05
0.000463212147805
-0.00378117230467
-0.0121361582725
0.00722610950575
-9.26424295609e-05
-0.00928141026343
7.06789929214e-17
0.0
-0.000185284859122
0.000260759981351
-7.54751222291e-05
2.46850179013e-16
8.24128101056e-17
0.0
9.26424295609e-05
0.0
0.0
0.0
-9.26424295609e-05
-4.10769879515e-17
4.10165933042e-17
-1.89811748568e-19
-8.23524154584e-17
8.24128101056e-17
-2.58834202593e-19
-8.22833930043e-17
8.24128101056e-17
-2.58834202593e-19
-1.29417101297e-19
0.0
-8.06354819145e-17
8.22833930043e-17
-8.24128101056e-17
0.0
0.0
9.2642429561e-05
-9.26424295609e-05
-8.24128101056e-17
8.24128101056e-17
0.0
0.0
-9.26424295611e-05
-9.26424295609e-05
0.0434492994641
0.0118582309838
-0.000370569718244
-0.0092642429561
-7.95138670366e-17
1.67862608188e-16
0.0092642429561
0.0570677366095
0.00750403679444
0.000277927288683
-1.76697482304e-16
1.7167307332e-05
-1.71673073318e-05
-1.76697482304e-16
1.7167307332e-05
-1.71673073318e-05
0.103869330845
0.0119508734134
-0.00520514336275
1.71673073318e-05
0.0
9.2642429561e-05
-9.26424295609e-05
7.06789929214e-17
-3.53394964607e-17
7.54751222291e-05
0.0618851429467
0.0092642429561
0.00464928878538
-1.71673073319e-05
1.71673073319e-05
-1.7167307332e-05
0.0
1.7167307332e-05
0.0713346707619
0.0124140855612
-0.00416890933024
0.0
-0.0243821262819
-0.00824517623092
-0.000555854577366
1.7167307332e-05
7.54751222289e-05
1.71673073317e-05
-7.06789929214e-17
1.41357985843e-16
0.0092642429561
2.12036978764e-16
1.71673073319e-05
-1.7167307332e-05
2.12036978764e-16
1.7167307332e-05
-1.7167307332e-05
1.41357985843e-16
1.71673073319e-05
-1.71673073318e-05
-0.00472476390761
-0.000185284859122
0.00016811755179
1.71673073318e-05
2.46852335965e-16
8.24149670573e-17
-9.2642429561e-05
0.0
0.0
0.0
0.0
9.26424295609e-05
4.27874506403e-17
1.21966990165e-16
-1.98439555321e-19
-8.07692129192e-17
8.22833930043e-17
0.0
-8.07692129192e-17
8.2417124009e-17
2.15695168828e-21
-1.6456894296e-16
1.64959351216e-16
-9.26424295611e-05
0.0
8.24128101056e-17
-8.24128101056e-17
0.0
0.0
8.24128101056e-17
0.0
9.26424295608e-05
1.64829934115e-16
-1.64829934115e-16
1.64829934115e-16
0.0
-1.64829934115e-16
0.0
1.61596663534e-16
-1.23425089507e-16
-4.09454138985e-17
1.63113000571e-16
0.0434492994641
0.00796724894224
0.000185284859122
-0.0092642429561
-0.000109809736893
1.71673073319e-05
0.0092642429561
0.0527135424202
0.00722610950575
-0.000741139436488
1.59027734073e-16
1.71673073318e-05
-1.71673073318e-05
1.76697482304e-17
0.0855261297921
0.0125067279907
-0.000387737025576
0.0
-0.00928141026343
1.71673073319e-05
-3.53394964607e-17
-1.71673073319e-05
1.71673073318e-05
0.0
-1.71673073318e-05
1.7167307332e-05
-1.7167307332e-05
0.00928141026343
0.119989113589
0.0124140855612
0.00352041232332
9.26424295611e-05
-1.71673073319e-05
1.7167307332e-05
-1.7167307332e-05
-9.26424295608e-05
-0.0092642429561
7.5475122229e-05
1.71673073319e-05
-1.71673073319e-05
0.0192696253487
0.0124140855612
0.000648497006927
1.71673073319e-05
0.0
0.0
0.0
0.0
0.00470759660028
7.06789929214e-17
-7.5475122229e-05
-1.71673073316e-05
-7.06789929214e-17
1.7167307332e-05
-1.71673073316e-05
7.06789929214e-17
1.71673073318e-05
-0.00928141026343
-7.06789929214e-17
-0.000277927288683
7.06789929214e-17
-1.71673073321e-05
0.000202452166454
-7.06789929214e-17
-1.7167307332e-05
1.71673073319e-05
0.00075723935047
1.71673073318e-05
-9.26424295607e-05
0.0
0.0
-1.64825620211e-16
1.64825620211e-16
0.0
-1.64825620211e-16
9.26424295611e-05
0.0
0.0
-1.58104558751e-18
0.0
0.0
-2.60991154281e-19
-1.31574052985e-19
1.29417101297e-19
1.29417101297e-19
-9.26424295609e-05
0.0
0.0
-1.29417101297e-19
-8.24128101056e-17
0.0
0.0
0.0
0.0
0.0
9.2642429561e-05
0.0
-0.00668742223572
0.0385392506974
0.0121361582725
0.000185284859122
-0.0092642429561
-1.7167307332e-05
1.71673073321e-05
0.0384466082678
0.00620704278058
0.0203058593812
-1.76697482304e-16
0.0
0.043559109201
0.00731875193532
0.000185284859122
7.54751222289e-05
0.0
1.59027734073e-16
0.066887834143
0.00750403679444
-0.00463212147805
1.7167307332e-05
-1.71673073321e-05
1.7167307332e-05
0.0
0.0799332494038
0.00768932165356
0.00390814934889
-1.71673073321e-05
0.0522674975797
0.0121361582725
-0.00435419418936
-1.41357985843e-16
0.0
7.06789929214e-17
-7.06789929214e-17
-1.71673073319e-05
1.7167307332e-05
7.06789929214e-17
7.54751222289e-05
1.71673073318e-05
-7.06789929214e-17
-1.7167307332e-05
1.71673073318e-05
-9.26424295608e-05
1.41357985843e-16
1.41357985843e-16
0.00928141026343
-1.7167307332e-05
1.41357985843e-16
1.71673073319e-05
-1.71673073318e-05
7.06789929214e-17
1.7167307332e-05
-1.71673073318e-05
1.41357985843e-16
-0.0092642429561
0.0
7.06789929214e-17
9.2642429561e-05
-7.54751222291e-05
3.29262989119e-16
-1.64825620211e-16
9.26424295611e-05
0.0
0.0
0.0
0.0
0.0
-9.2642429561e-05
-8.22833930043e-17
1.6272906317e-16
-4.48645951161e-19
-1.64437368907e-16
2.58834202593e-19
1.62918874919e-16
-8.40607211955e-17
-8.2153975903e-17
8.24128101056e-17
-8.25422272069e-17
1.29417101297e-19
8.39313040942e-17
0.0
0.0
0.0
9.2642429561e-05
0.0
0.0
-0.000185284859122
9.26424295609e-05
1.64791108984e-18
9.2642429561e-05
0.0271442318614
0.012228800702
0.000370569718244
-0.00463212147805
0.0525110902537
0.00750403679444
0.00528061848497
0.0
0.0
0.0
0.0
1.71673073319e-05
0.034185056508
0.0120435158429
-1.7167307332e-05
3.53394964607e-17
0.0807841985772
0.0129699401385
-0.00500269119629
1.7167307332e-05
-1.7167307332e-05
1.71673073319e-05
2.12036978764e-16
-1.7167307332e-05
0.00928141026343
1.06018489382e-16
0.099051924508
0.0125067279907
-0.000185284859122
-1.71673073319e-05
1.71673073321e-05
-9.2642429561e-05
-1.71673073318e-05
-0.0092642429561
7.06789929214e-17
-7.06789929214e-17
-1.7167307332e-05
1.7167307332e-05
9.26424295608e-05
-1.7167307332e-05
1.71673073318e-05
0.0244404340968
0.0124140855612
0.000387737025576
7.06789929214e-17
0.00918876783387
-1.7167307332e-05
7.06789929214e-17
7.06789929214e-17
1.71673073319e-05
-1.7167307332e-05
7.06789929214e-17
0.0
7.06789929214e-17
-0.0092642429561
-7.06789929214e-17
7.06789929214e-17
-0.000277927288683
-7.06789929214e-17
9.2642429561e-05
-1.7167307332e-05
0.000109809736893
0.000723972129156
0.0
-9.2642429561e-05
0.0
0.0
0.0
0.0
0.0
0.0
0.0
9.26424295609e-05
-1.38431227755e-18
8.06345805018e-17
3.13877781195e-32
-8.25436437125e-17
3.21933087802e-21
-9.26424295609e-05
0.0
0.0
0.0
0.0
0.0
0.0
0.0
0.0
0.0
0.0
0.0
0.0
0.0
0.0
0.0
0.0
0.0
0.0
9.26424295611e-05
-9.26424295611e-05
0.0
0.0
0.0
0.0
0.0
0.062255712665
0.011395018836
-0.00463212147805
1.71673073321e-05
0.00452231174115
7.95138670366e-17
0.0
0.0
-7.95138670366e-17
1.67862608188e-16
0.0521576878428
0.0123214431316
-7.54751222291e-05
-1.71673073319e-05
0.000109809736893
-1.71673073319e-05
0.0
0.0707788161846
0.0117655885542
-0.0042615517598
1.7167307332e-05
-1.7167307332e-05
0.0523429727019
0.0124140855612
0.00427871906714
7.54751222289e-05
1.7167307332e-05
-1.7167307332e-05
-7.06789929214e-17
1.71673073321e-05
0.0570677366095
0.0232532498198
0.007596679224
-0.00444683661893
7.06789929214e-17
0.0
-1.7167307332e-05
1.71673073319e-05
-7.06789929214e-17
-1.7167307332e-05
1.71673073318e-05
-1.7167307332e-05
1.71673073319e-05
-3.53394964607e-16
-1.7167307332e-05
1.7167307332e-05
-1.41357985843e-16
1.41357985843e-16
2.82715971686e-16
0.0092642429561
1.71673073319e-05
-1.71673073319e-05
1.71673073318e-05
7.06789929214e-17
-1.71673073319e-05
1.41357985843e-16
1.71673073318e-05
-1.71673073318e-05
-0.0092642429561
0.0
-0.000185284859122
0.0
-1.7167307332e-05
0.000648497006927
0.00240870316858
1.71673073318e-05
0.0
0.0
0.0
0.0
0.0
0.0
0.0
0.0
0.0
0.0
-9.26424295611e-05
9.26424295611e-05
0.0
0.0
0.0
0.0
0.0
0.0
0.0
0.0
0.0
0.0
0.0
0.0
0.0
0.0
0.0
0.0
0.0
0.0
0.0
0.0
-9.26424295611e-05
1.64825620211e-16
9.26424295609e-05
0.0
-9.26424295609e-05
0.0293676501708
0.00722610950575
-0.00416890933024
1.71673073318e-05
0.0092642429561
0.0550296031592
0.0120435158429
0.0157663803327
-8.83487411518e-17
8.83487411518e-17
0.043559109201
0.0121361582725
-1.71673073319e-05
-7.06789929214e-17
0.0
0.0738360163601
0.0127846552794
-0.0145620287484
1.7167307332e-05
-1.71673073321e-05
1.7167307332e-05
0.0
-1.7167307332e-05
1.7167307332e-05
0.0092642429561
1.71673073319e-05
-1.7167307332e-05
0.108130882605
0.00750403679444
-0.000370569718244
-1.71673073317e-05
1.7167307332e-05
-0.0304965266329
-0.00750403679444
-0.0159688324991
1.71673073319e-05
-1.7167307332e-05
1.71673073318e-05
-7.06789929214e-17
-1.7167307332e-05
1.7167307332e-05
-3.53394964607e-16
-9.26424295608e-05
0.0433566570345
0.0123214431316
0.00491004876673
-1.71673073318e-05
-1.41357985843e-16
2.12036978764e-16
1.71673073321e-05
-1.71673073322e-05
-0.0092642429561
7.06789929214e-17
0.000185284859122
-9.26424295611e-05
7.06789929214e-17
-1.7167307332e-05
1.71673073318e-05
0.000353402410912
1.71673073318e-05
8.24149670573e-17
-9.26424295611e-05
0.0
0.0
0.0
0.0
0.0
0.0
4.27248990414e-17
-3.96188886102e-17
-1.32005443322e-18
9.2642429561e-05
8.22833930043e-17
-1.63050448972e-16
8.40628781472e-17
8.25443841586e-17
1.29417101297e-19
-8.07670559675e-17
-9.26424295608e-05
1.64791108984e-18
-8.25422272069e-17
-8.24128101056e-17
0.0
0.0
8.24128101056e-17
-8.24128101056e-17
0.0
8.24128101056e-17
-8.24128101056e-17
0.0
1.64825620211e-16
0.0
-1.64825620211e-16
9.26424295611e-05
-8.39291471425e-17
8.2479675608e-17
-9.26424295609e-05
0.000370569718244
0.0288117955935
0.00731875193532
-0.00398362447112
0.0431713721754
0.0121361582725
0.00453947904849
1.76697482304e-16
0.038817177986
0.0123214431316
-0.000260759981351
-1.71673073322e-05
0.0479133033903
0.0120435158429
-0.00455664635582
1.7167307332e-05
-1.7167307332e-05
0.0514165484063
0.00796724894224
0.000833781866049
1.71673073321e-05
0.00453947904849
1.71673073319e-05
-1.7167307332e-05
0.000202452166454
0.0542028158418
0.0422449478798
0.00760931964781
-0.0048345736445
1.7167307332e-05
-1.7167307332e-05
1.7167307332e-05
-1.7167307332e-05
-9.26424295611e-05
1.71673073318e-05
-7.06789929214e-17
-1.7167307332e-05
1.71673073318e-05
0.0
7.06789929214e-17
-1.41357985843e-16
0.0092642429561
1.71673073319e-05
-1.71673073319e-05
1.7167307332e-05
-1.7167307332e-05
7.06789929214e-17
0.000109809736893
-1.7167307332e-05
-7.06789929214e-17
-7.54751222287e-05
-0.00464928878538
0.0
0.0
-9.26424295608e-05
9.26424295608e-05
-1.7167307332e-05
1.71673073319e-05
-1.41357985843e-16
-1.71673073319e-05
0.000370569718244
1.71673073318e-05
-9.26424295609e-05
0.0
9.26424295609e-05
0.0
0.0
0.0
0.0
0.0
0.0
6.68655023365e-20
6.68655023365e-20
0.0
-2.6314810597e-19
1.38476298387e-18
0.0
-2.6314810597e-19
1.38476298387e-18
-9.2642429561e-05
-8.25422272069e-17
8.22833930043e-17
-8.10237332184e-17
8.24128101056e-17
0.0
0.0
9.26424295609e-05
0.0
8.24149670573e-17
0.0
-8.24149670573e-17
0.0
0.0
0.0
0.0
0.0
1.00082558336e-18
0.0572530214687
0.0125067279907
-0.00444683661893
1.7167307332e-05
-1.71673073321e-05
0.00928141026343
-7.95138670366e-17
7.95138670366e-17
0.0
-7.95138670366e-17
0.061607215658
0.00731875193532
-0.000370569718244
-0.000260759981351
-1.7167307332e-05
2.12036978764e-16
0.0473402815056
0.0120606831503
-0.00464928878538
1.71673073319e-05
-1.71673073318e-05
0.0754109376626
0.0124140855612
7.06789929214e-17
0.00464928878538
0.0
1.7167307332e-05
9.26424295609e-05
0.0
-1.71673073318e-05
1.71673073318e-05
-1.71673073319e-05
9.26424295611e-05
-0.00928141026343
0.000185284859122
0.0943099932931
0.00722610950575
0.000277927288683
1.71673073318e-05
-9.2642429561e-05
7.06789929214e-17
9.26424295608e-05
0.0
0.00463212147805
0.0
1.71673073319e-05
-1.71673073318e-05
0.0
1.7167307332e-05
-1.71673073318e-05
-1.41357985843e-16
-0.0092642429561
7.06789929214e-17
0.0
-0.000185284859122
0.000631329699595
1.71673073318e-05
0.0
0.0
8.24149670573e-17
0.0
-1.64829934115e-16
0.0
-9.26424295607e-05
0.0
9.26424295609e-05
3.96253594653e-17
-1.58104558751e-18
-1.98439555321e-19
-1.64791108984e-18
1.31574052985e-19
-1.64791108984e-18
-1.64791108984e-18
1.31574052985e-19
1.65006804153e-18
-1.51633703686e-18
-1.51633703686e-18
1.64791108984e-18
-1.64829934115e-16
0.0
-9.2642429561e-05
0.0
0.0
0.0
8.24128101056e-17
-8.24128101056e-17
9.26424295611e-05
0.0
0.0
-0.000185284859122
6.90224540248e-20
0.043264014605
0.00768932165356
0.000463212147805
-0.00463212147805
-1.71673073319e-05
0.0550467704665
0.00741139436488
0.00537326091454
-8.83487411518e-17
0.0
8.83487411518e-17
0.0575481160647
0.0121361582725
7.54751222292e-05
3.53394964607e-17
-3.53394964607e-17
3.53394964607e-17
3.53394964607e-17
-1.41357985843e-16
0.061312121062
0.0120435158429
9.2642429561e-05
1.71673073319e-05
-1.71673073318e-05
1.71673073319e-05
0.00917160052653
1.7167307332e-05
-1.71673073319e-05
9.26424295609e-05
0.000109809736893
0.0886588050898
0.0126920128499
-0.00474193121494
1.71673073318e-05
-1.7167307332e-05
1.7167307332e-05
-9.26424295612e-05
-1.71673073319e-05
1.71673073318e-05
-1.7167307332e-05
1.7167307332e-05
-2.12036978764e-16
7.06789929214e-17
1.41357985843e-16
0.0
0.0092642429561
1.71673073322e-05
-1.7167307332e-05
1.7167307332e-05
-1.71673073319e-05
7.06789929214e-17
0.000109809736893
-1.71673073318e-05
-9.26424295608e-05
-0.0092642429561
-7.06789929214e-17
-7.06789929214e-17
-9.26424295609e-05
9.26424295609e-05
0.0
1.41357985843e-16
-1.7167307332e-05
1.71673073318e-05
-1.41357985843e-16
0.000446044840473
0.000370569718244
0.000109809736893
0.0
0.0
-8.24128101056e-17
1.64825620211e-16
0.0
0.0
-1.64825620211e-16
1.64825620211e-16
-1.23412147796e-16
-4.11201269853e-17
1.64584041622e-16
-9.26424295611e-05
0.0
0.0
0.0
0.0
0.0
0.0
0.0
0.0
0.0
9.2642429561e-05
0.0
0.0
0.0
0.0
0.0
0.0
-8.24128101056e-17
0.0
0.0
0.0
0.0
-9.26424295609e-05
0.0
0.0
0.0
0.0
0.0
0.0295529350299
0.0125067279907
0.000463212147805
0.0193451004709
0.0116729461247
0.00500269119629
7.95138670366e-17
0.0
0.0571603790391
0.00741139436488
1.71673073318e-05
-1.71673073318e-05
0.0518969278615
0.00731875193532
-0.00511250093318
1.71673073319e-05
-1.71673073319e-05
0.0478034936535
0.0097274551039
7.06789929214e-17
1.71673073319e-05
0.00470759660028
7.06789929214e-17
-1.06018489382e-16
1.7167307332e-05
-1.71673073319e-05
3.53394964607e-17
1.71673073319e-05
-1.71673073319e-05
0.0704254137737
0.064571773404
0.0126920128499
-0.00464307148781
7.06789929214e-17
-1.7167307332e-05
1.71673073318e-05
0.0
-1.71673073319e-05
-0.0199181223556
-0.00768932165356
-0.000723972129156
2.82715971686e-16
-1.41357985843e-16
0.00463212147805
2.12036978764e-16
7.06789929214e-17
1.71673073318e-05
-0.000109809736893
1.7167307332e-05
-1.7167307332e-05
-2.12036978764e-16
-0.00463212147805
0.0
-0.000185284859122
-0.000277927288683
1.71673073318e-05
0.0
-1.6565388966e-18
0.0
0.0
0.0
0.0
0.0
0.0
0.0
6.68655023365e-20
6.68655023365e-20
6.68655023365e-20
-2.6314810597e-19
-9.26424295609e-05
-8.25422272069e-17
-8.25422272069e-17
-1.29417101297e-19
8.22833930043e-17
-8.22833930043e-17
1.6469620311e-16
-1.63436543324e-16
8.24128101056e-17
0.0
0.0
9.2642429561e-05
0.0
-8.24149670573e-17
8.24149670573e-17
-8.24149670573e-17
0.0
0.0
0.0
0.0
0.0
-9.26424295609e-05
-3.9696538871e-17
9.2642429561e-05
0.0290897228821
0.0121361582725
-0.00416890933024
0.058752467649
1.7167307332e-05
0.0161952578658
8.83487411518e-17
-9.2642429561e-05
7.06789929214e-17
0.0250306232888
0.0125993704203
0.000816614558717
1.41357985843e-16
0.0708714586141
0.00741139436488
-0.00481740633717
1.71673073318e-05
-1.71673073318e-05
1.71673073319e-05
-1.06018489382e-16
0.0617753332098
0.00787460651268
0.00464928878538
-1.7167307332e-05
1.71673073319e-05
-1.7167307332e-05
7.06789929214e-17
1.71673073319e-05
-1.71673073319e-05
-9.26424295609e-05
1.71673073318e-05
-1.71673073319e-05
-0.00463212147805
0.00016811755179
0.10765050315
0.0121361582725
-0.000260759981351
7.06789929214e-17
-0.0105612369699
-0.012877297709
0.00370569718244
-1.71673073319e-05
1.7167307332e-05
-1.71673073319e-05
-9.26424295607e-05
-0.0092642429561
7.06789929214e-17
9.26424295608e-05
1.71673073318e-05
-0.000121990678624
-8.24128101056e-17
8.24128101056e-17
-1.64825620211e-16
1.64825620211e-16
0.0
0.0
0.0
-3.94463324752e-17
3.96188886102e-17
-2.07067362074e-19
-1.3804490805e-19
9.26424295609e-05
1.38476298387e-18
-9.2642429561e-05
-8.25335994002e-17
1.20789294543e-19
1.663441142e-16
-1.63445171131e-16
-1.51849398855e-18
1.64549530395e-16
8.24128101056e-17
0.0
0.0
0.0
0.0
0.0
0.0
-1.64825620211e-16
1.64825620211e-16
0.0
0.0
0.0
0.0
-1.64773853371e-16
1.21841886967e-16
0.000185284859122
0.0572530214687
0.0125067279907
-0.00463212147805
1.71673073319e-05
0.0092642429561
-9.26424295609e-05
0.0
0.0
7.95138670366e-17
0.0428934448867
0.0116729461247
1.71673073321e-05
-1.7167307332e-05
1.7167307332e-05
-1.7167307332e-05
0.0851555600738
0.0119508734134
-0.00501985850362
1.71673073319e-05
-1.71673073319e-05
1.71673073319e-05
0.0
-1.71673073319e-05
1.71673073319e-05
0.0987396626046
0.00768932165356
0.00464928878538
-1.71673073318e-05
-7.5475122229e-05
0.000555854577366
0.0195475526374
0.012877297709
-0.00409343420801
1.7167307332e-05
-1.7167307332e-05
1.7167307332e-05
-7.06789929214e-17
-2.12036978764e-16
0.0
7.06789929214e-17
-1.71673073321e-05
1.71673073318e-05
0.0
1.41357985843e-16
-7.06789929214e-17
0.00917160052653
1.7167307332e-05
-1.7167307332e-05
1.41357985843e-16
0.000109809736893
-1.71673073319e-05
7.06789929214e-17
1.7167307332e-05
-1.71673073318e-05
-0.0092642429561
0.0
9.26424295609e-05
1.71673073318e-05
-9.2642429561e-05
0.0
0.0
0.0
0.0
0.0
0.0
0.0
9.2642429561e-05
-8.08317645181e-17
-2.15695168828e-21
8.25465411103e-17
8.2285549956e-17
-1.66480002156e-16
8.24149670573e-17
-9.2642429561e-05
0.0
0.0
0.0
0.0
0.0
0.0
0.0
0.0
0.0
0.0
0.0
0.0
0.0
0.0
0.0
0.0
0.0
0.0
2.91619868255e-18
0.0
0.0
0.0
0.000185284859122
0.0805062712885
0.0118582309838
-0.00444683661893
1.71673073319e-05
-1.71673073319e-05
0.00464928878538
0.0
0.0
-7.06789929214e-17
-1.76697482304e-17
7.06789929214e-17
-7.06789929214e-17
0.0386318931269
0.00731875193532
0.000850949173381
-1.71673073319e-05
-3.53394964607e-17
3.53394964607e-17
0.0800430591407
0.0127846552794
-0.0054659033441
1.7167307332e-05
-1.7167307332e-05
1.71673073321e-05
3.53394964607e-17
-1.7167307332e-05
0.0520650454133
0.00787460651268
0.0048345736445
-1.71673073319e-05
1.7167307332e-05
-1.7167307332e-05
9.26424295609e-05
1.71673073322e-05
-1.7167307332e-05
-1.76697482304e-16
1.7167307332e-05
-1.71673073319e-05
-0.00928141026343
1.7167307332e-05
7.06789929214e-17
-1.7167307332e-05
-7.54751222291e-05
0.0
-7.06789929214e-17
0.111709602743
0.0120435158429
-0.000260759981351
-1.41357985843e-16
1.41357985843e-16
0.00461495417072
1.41357985843e-16
1.7167307332e-05
-1.7167307332e-05
1.7167307332e-05
0.0
7.5475122229e-05
-0.0092642429561
0.0
-0.000185284859122
-9.2642429561e-05
0.0
0.0
0.0
-1.71673073319e-05
1.71673073319e-05
7.5475122229e-05
0.00185284859122
1.71673073318e-05
-8.24149670573e-17
8.24149670573e-17
-8.24149670573e-17
0.0
0.0
0.0
0.0
0.0
-9.26424295609e-05
0.0
6.90224540248e-20
0.0
0.0
-2.58834202593e-19
1.38907688725e-18
0.0
0.0
1.38907688725e-18
1.38907688725e-18
9.26424295611e-05
-2.15695168828e-21
-8.24149670573e-17
0.0
0.0
0.0
8.24149670573e-17
-8.24149670573e-17
-9.26424295608e-05
-8.24128101056e-17
0.0
0.0
0.0
0.0
0.0
6.90224540248e-20
6.90224540248e-20
0.0
0.0
1.29417101297e-19
0.0329807049237
0.0124140855612
0.000185284859122
-0.0092642429561
-7.95138670366e-17
0.0092642429561
0.0
0.0750403679444
0.00731875193532
-0.000277927288683
9.26424295608e-05
-7.54751222289e-05
-1.71673073318e-05
-1.59027734073e-16
1.7167307332e-05
0.070686173755
0.0114876612656
-0.0048345736445
1.71673073319e-05
-1.71673073318e-05
1.71673073319e-05
-9.2642429561e-05
-1.71673073318e-05
0.0473402815056
0.00741139436488
0.00474193121494
-1.71673073319e-05
1.71673073319e-05
0.0
-1.71673073319e-05
1.7167307332e-05
-1.71673073319e-05
0.0
0.000202452166454
-0.00474193121494
0.0979230480459
0.0375373512795
0.0121361582725
0.00016811755179
1.71673073317e-05
-1.71673073319e-05
1.71673073318e-05
0.0
1.41357985843e-16
7.06789929214e-17
-1.41357985843e-16
0.00928141026343
-1.7167307332e-05
2.12036978764e-16
0.000109809736893
-1.7167307332e-05
0.0
1.71673073322e-05
-1.71673073319e-05
-0.0092642429561
-9.2642429561e-05
-7.06789929214e-17
1.41357985843e-16
0.000370569718244
-0.0555682904292
-0.012228800702
-0.00463212147805
7.95138670366e-17
0.0150080735889
0.00778196408312
0.00016811755179
1.7167307332e-05
0.0
0.0
0.0
0.0
0.0
0.0
0.0
0.0
0.0
0.0
0.0092642429561
-9.26424295609e-05
-0.0092642429561
0.0
0.0
0.0
0.0
7.95138670366e-17
0.0
-7.95138670366e-17
0.0
0.0
0.0
-1.71673073319e-05
1.71673073319e-05
0.0
8.83487411518e-18
0.0
-1.67862608188e-16
1.67862608188e-16
0.0
-1.67862608188e-16
1.76697482304e-16
0.0
-8.83487411518e-18
-8.83487411518e-18
0.00463212147805
-1.7167307332e-05
-0.0092642429561
0.0
0.0
0.0
0.0
0.0
0.0
-1.67862608188e-16
1.67862608188e-16
0.0
0.0
0.0
-1.7167307332e-05
-7.54751222291e-05
9.26424295611e-05
-8.83487411518e-18
0.0
0.0
0.0
0.0
0.0
0.0
0.0
0.0092642429561
1.7167307332e-05
-0.00928141026343
0.0
0.0
0.0
0.0
0.0
-8.83487411518e-17
-9.26424295608e-05
0.0
-1.67862608188e-16
0.0
7.54751222291e-05
1.7167307332e-05
0.0
-0.000185284859122
-0.000185284859122
-0.0450070534593
-0.00778196408312
-0.00463212147805
7.95138670366e-17
-7.95138670366e-17
0.0
0.0
0.0
0.0
0.0
-1.7167307332e-05
1.7167307332e-05
8.83487411518e-18
4.41743705759e-17
-4.41743705759e-17
8.83487411518e-18
0.0
0.0
0.0
0.0
0.0
0.0138963644341
7.95138670366e-17
-1.67862608188e-16
-0.0092642429561
7.95138670366e-17
-9.2642429561e-05
-7.95138670366e-17
0.0
7.95138670366e-17
-7.95138670366e-17
7.95138670366e-17
9.26424295609e-05
0.0
-1.7167307332e-05
1.7167307332e-05
-1.71673073319e-05
1.71673073319e-05
1.59027734073e-16
-1.67862608188e-16
1.67862608188e-16
0.0
-1.67862608188e-16
1.59027734073e-16
8.83487411518e-18
-1.59027734073e-16
-9.26424295609e-05
0.0092642429561
-8.83487411518e-18
1.71673073321e-05
-0.00463212147805
0.0
9.2642429561e-05
0.0
0.0
0.0
7.95138670366e-17
-7.95138670366e-17
0.0
1.67862608188e-16
0.0
-1.71673073321e-05
1.71673073321e-05
-9.26424295611e-05
-7.06789929214e-17
7.95138670366e-17
0.0
-8.83487411518e-17
-8.83487411518e-17
1.59027734073e-16
9.26424295609e-05
-1.59027734073e-16
1.59027734073e-16
0.0092642429561
-1.67862608188e-16
-0.0092642429561
0.0
0.0
7.95138670366e-17
-7.95138670366e-17
0.0
7.95138670366e-17
-7.95138670366e-17
0.0
0.0
-0.000109809736893
1.7167307332e-05
-1.67862608188e-16
1.23688237612e-16
4.41743705759e-17
-0.000185284859122
9.2642429561e-05
-7.06789929214e-17
8.83487411518e-17
-7.06789929214e-17
0.0
7.95138670366e-17
0.0
-0.0644619636671
-0.0120435158429
-0.00416890933024
0.0
0.0
0.0339997716489
0.00787460651268
0.00120435158429
7.95138670366e-17
-1.2810567467e-16
-3.97569335183e-17
9.26424295611e-05
-7.95138670366e-17
8.39313040942e-17
4.41743705759e-18
-7.95138670366e-17
8.39313040942e-17
0.0
-8.39313040942e-17
0.00461495417072
-0.0092642429561
0.0
7.95138670366e-17
0.0
0.0
0.0
0.0
0.0
0.0
0.0
0.0
0.0
-9.26424295611e-05
8.83487411518e-17
-7.95138670366e-17
9.26424295611e-05
-8.83487411518e-18
-1.59027734073e-16
1.59027734073e-16
0.0
-1.59027734073e-16
8.83487411518e-17
7.95138670366e-17
-1.59027734073e-16
0.0139135317415
4.41743705759e-18
-0.00928141026343
0.0
0.0
-8.39313040942e-17
-9.26424295609e-05
-7.95138670366e-17
8.39313040942e-17
-8.39313040942e-17
1.63445171131e-16
-1.63445171131e-16
0.000185284859122
-0.000185284859122
-0.00611440035102
-0.0176020616166
-0.000833781866049
0.0092642429561
1.71673073319e-05
-1.71673073319e-05
-0.00463212147805
0.0
0.0
0.0
-7.95138670366e-17
7.95138670366e-17
0.0
0.0
-1.67862608188e-16
1.67862608188e-16
7.54751222291e-05
0.0
-7.54751222292e-05
0.0
-0.000277927288683
0.000185284859122
-0.0375956590944
-0.0131552249977
-0.00407626690068
0.0
0.0
7.95138670366e-17
0.0
0.0
0.0
0.0
-1.7167307332e-05
-7.54751222291e-05
-1.67862608188e-16
2.12036978764e-16
-4.41743705759e-17
0.0
0.0
0.0
0.0
0.0
1.67862608188e-16
0.0092642429561
-7.95138670366e-17
-0.00917160052653
7.95138670366e-17
0.0
0.0
0.0
0.0
-7.95138670366e-17
0.0
1.67862608188e-16
-1.67862608188e-16
0.0
-1.71673073319e-05
1.71673073319e-05
-9.26424295609e-05
0.0
0.0
-8.83487411518e-18
8.83487411518e-17
-7.06789929214e-17
8.83487411518e-18
8.83487411518e-17
9.2642429561e-05
0.0
-7.95138670366e-17
0.0092642429561
0.0
-0.0092642429561
0.0
-7.95138670366e-17
1.59027734073e-16
-1.59027734073e-16
0.0
1.67862608188e-16
-9.26424295611e-05
0.0
0.0
0.0
0.0
-1.71673073319e-05
1.71673073319e-05
9.26424295609e-05
-0.000185284859122
-1.67862608188e-16
1.67862608188e-16
0.0
0.00930781118265
-0.00475116482683
7.95138670366e-17
-8.83487411518e-17
-7.95138670366e-17
1.67862608188e-16
0.0
-1.67862608188e-16
9.26424295611e-05
-1.71673073319e-05
-7.54751222291e-05
-8.83487411518e-18
-0.0559388601475
-0.0117655885542
-0.0042615517598
7.95138670366e-17
-7.95138670366e-17
0.0105612369699
0.0121361582725
9.26424295609e-05
4.41743705759e-17
-4.41743705759e-17
4.41743705759e-17
0.0
0.0
-7.95138670366e-17
7.95138670366e-17
0.0
0.0
0.0
0.00928141026343
-1.71673073319e-05
-0.0092642429561
-9.2642429561e-05
0.0
7.95138670366e-17
0.0
-1.59027734073e-16
0.0
1.59027734073e-16
-1.67862608188e-16
0.0
1.67862608188e-16
9.26424295607e-05
1.67862608188e-16
0.0
-1.67862608188e-16
1.59027734073e-16
0.0
0.0
0.0
0.0
0.0
-9.26424295607e-05
-2.47376475225e-16
7.06789929214e-17
0.0092642429561
1.71673073318e-05
-0.00464928878538
0.0
7.95138670366e-17
-7.95138670366e-17
0.0
7.95138670366e-17
9.2642429561e-05
-7.95138670366e-17
0.0
0.0
0.0
8.83487411518e-18
0.0
-9.2642429561e-05
-7.95138670366e-17
1.76697482304e-16
8.83487411518e-18
-1.67862608188e-16
1.67862608188e-16
-7.95138670366e-17
-7.95138670366e-17
1.67862608188e-16
-7.95138670366e-17
0.0092642429561
0.0
-0.0092642429561
9.26424295609e-05
7.95138670366e-17
0.0
0.0
-7.95138670366e-17
0.0
7.95138670366e-17
0.0
-9.26424295611e-05
1.67862608188e-16
-0.000109809736893
-0.0421351381429
-0.012877297709
-0.00407626690068
-9.26424295611e-05
1.67862608188e-16
-7.95138670366e-17
0.0
1.59027734073e-16
-1.59027734073e-16
0.0
-1.71673073319e-05
1.71673073317e-05
1.59027734073e-16
-8.83487411518e-17
-7.95138670366e-17
1.67862608188e-16
-7.95138670366e-17
-8.83487411518e-17
0.0
8.83487411518e-18
-8.83487411518e-18
0.00928141026343
-1.71673073321e-05
7.06789929214e-17
-0.0092642429561
0.0
0.0
0.0
0.0
9.26424295609e-05
0.0
0.0
-9.26424295609e-05
0.0
-1.67862608188e-16
0.0
-1.71673073318e-05
1.71673073318e-05
0.0
1.23688237612e-16
4.41743705759e-17
-1.67862608188e-16
1.67862608188e-16
0.0
-1.59027734073e-16
8.83487411518e-17
7.95138670366e-17
0.0092642429561
1.71673073318e-05
-1.71673073319e-05
-0.00917160052653
-9.26424295609e-05
-7.95138670366e-17
0.0
7.95138670366e-17
-7.95138670366e-17
0.0
-8.83487411518e-17
0.0
8.83487411518e-18
-1.71673073318e-05
1.7167307332e-05
0.00583647306234
0.012877297709
0.000370569718244
1.67862608188e-16
-1.67862608188e-16
1.59027734073e-16
8.83487411518e-18
0.00928141026343
-1.71673073319e-05
-0.00453947904849
0.0
0.0
0.0
0.0
-9.2642429561e-05
0.0
0.0
1.63445171131e-16
-1.63445171131e-16
0.0
1.63445171131e-16
0.0
-1.63445171131e-16
-0.000185284859122
-0.000185284859122
-0.0279608464201
-0.0123214431316
-0.0042615517598
7.95138670366e-17
-7.95138670366e-17
0.0
0.0
0.0
0.0
0.0
7.5475122229e-05
1.71673073321e-05
0.0
-7.95138670366e-17
7.95138670366e-17
-8.83487411518e-18
-7.95138670366e-17
7.06789929214e-17
-8.83487411518e-18
-7.95138670366e-17
7.95138670366e-17
-8.83487411518e-17
0.00461495417072
0.0
-0.0092642429561
-7.95138670366e-17
7.95138670366e-17
0.0
-7.95138670366e-17
0.0
0.0
1.67862608188e-16
-9.26424295611e-05
0.0
-1.71673073319e-05
1.71673073319e-05
8.83487411518e-18
9.2642429561e-05
7.95138670366e-17
0.0
-1.59027734073e-16
8.83487411518e-18
8.83487411518e-17
-2.47376475225e-16
1.67862608188e-16
8.83487411518e-17
-2.47376475225e-16
0.0092642429561
1.7167307332e-05
-0.00928141026343
0.0
-9.2642429561e-05
0.0
0.0
0.0
7.95138670366e-17
-7.95138670366e-17
0.0
0.0
0.0
9.26424295609e-05
-1.71673073319e-05
1.71673073319e-05
-8.83487411518e-18
4.41743705759e-17
-4.41743705759e-17
0.0
0.0
-9.26424295609e-05
8.83487411518e-18
0.0
0.0
8.83487411518e-18
0.00463212147805
7.95138670366e-17
-0.00463212147805
-7.95138670366e-17
7.95138670366e-17
0.0
9.26424295608e-05
1.59027734073e-16
-1.67862608188e-16
0.0
1.67862608188e-16
0.0
0.000277927288683
-0.0465819747618
-0.00750403679444
-0.00416890933024
7.95138670366e-17
-8.83487411518e-17
8.83487411518e-18
7.95138670366e-17
0.0
-1.71673073321e-05
1.71673073321e-05
-1.7167307332e-05
1.7167307332e-05
0.0
-8.83487411518e-18
-8.83487411518e-18
-8.83487411518e-18
-8.83487411518e-18
9.26424295609e-05
0.0
0.0
-7.95138670366e-17
7.95138670366e-17
0.0092642429561
1.71673073318e-05
-0.00464928878538
0.0
0.0
0.0
-9.26424295611e-05
1.67862608188e-16
0.0
0.0
0.0
0.0
0.0
-1.7167307332e-05
1.7167307332e-05
-8.83487411518e-18
0.0
8.83487411518e-18
9.26424295609e-05
0.0
0.0
0.0
-7.95138670366e-17
7.95138670366e-17
0.0
0.00463212147805
-9.26424295611e-05
1.71673073321e-05
-0.00463212147805
0.0
-7.95138670366e-17
7.95138670366e-17
8.83487411518e-18
-8.83487411518e-17
-7.95138670366e-17
1.67862608188e-16
0.0
-1.67862608188e-16
9.26424295611e-05
-1.71673073319e-05
1.71673073319e-05
0.0
-9.26424295609e-05
4.41743705759e-17
-1.67862608188e-16
7.95138670366e-17
7.95138670366e-17
-8.83487411518e-18
-8.83487411518e-17
2.47376475225e-16
-1.67862608188e-16
0.00463212147805
1.71673073319e-05
-0.00928141026343
0.0
0.0
0.0
0.0
7.95138670366e-17
0.0
9.26424295609e-05
-0.0654981976996
-0.0119508734134
-0.00444683661893
0.0
0.0297382198891
0.0120435158429
0.000353402410912
1.71673073318e-05
1.63445171131e-16
0.0
-1.63445171131e-16
1.63445171131e-16
0.0
-9.2642429561e-05
7.06789929214e-17
-8.83487411518e-18
-8.83487411518e-18
-8.83487411518e-18
0.0092642429561
7.95138670366e-17
-0.00452231174115
0.0
8.39313040942e-17
0.0
0.0
-8.39313040942e-17
0.0
0.0
0.0
1.63445171131e-16
-1.63445171131e-16
-1.71673073319e-05
1.71673073321e-05
-9.26424295611e-05
-4.41743705759e-17
4.41743705759e-17
4.41743705759e-18
0.0
0.0
0.000370569718244
-0.000348226443232
-0.00928141026343
7.95138670366e-17
-7.95138670366e-17
0.0
0.0
0.000185284859122
-0.000480379455137
1.7167307332e-05
9.26424295609e-05
0.0
0.0
0.0
-8.83487411518e-18
0.0
0.0
-1.59027734073e-16
-8.83487411518e-18
1.59027734073e-16
-1.59027734073e-16
0.0092642429561
1.71673073321e-05
-0.00928141026343
-7.95138670366e-17
0.0
0.0
7.95138670366e-17
-7.95138670366e-17
0.000277927288683
9.26424295611e-05
0.000555854577366
-0.250117392507
-0.00722610950575
0.000185284859122
-0.00928141026343
-0.000109809736893
1.71673073319e-05
7.06789929214e-17
-1.7167307332e-05
1.71673073319e-05
7.06789929214e-17
-1.71673073321e-05
1.7167307332e-05
0.0
-1.7167307332e-05
1.7167307332e-05
0.0
0.0
0.0092642429561
0.0
0.000109809736893
-1.7167307332e-05
0.0
1.7167307332e-05
-0.000109809736893
1.41357985843e-16
1.71673073317e-05
-1.71673073319e-05
-3.53394964607e-17
-0.0092642429561
0.0
1.06018489382e-16
-1.06018489382e-16
-1.71673073318e-05
1.71673073319e-05
-1.71673073319e-05
1.7167307332e-05
0.00016811755179
-0.261251651362
-0.012228800702
0.000185284859122
-0.00928141026343
-1.7167307332e-05
1.71673073319e-05
7.06789929214e-17
-1.7167307332e-05
1.71673073319e-05
-0.0104857618477
0.00268663045727
0.0234385346789
0.00833781866049
0.000277927288683
1.71673073319e-05
0.00928141026343
-1.71673073319e-05
-7.06789929214e-17
1.7167307332e-05
-1.7167307332e-05
0.0
1.7167307332e-05
-1.7167307332e-05
0.0
-3.53394964607e-17
1.71673073321e-05
-1.71673073321e-05
-0.00453947904849
1.76697482304e-16
-9.26424295611e-05
-1.7167307332e-05
1.7167307332e-05
-7.06789929214e-17
-1.71673073319e-05
-0.000159806812722
-0.282634885283
0.0169535646097
0.00778196408312
-9.26424295608e-05
-0.00463212147805
-1.71673073319e-05
1.71673073319e-05
-3.53394964607e-17
7.54751222291e-05
1.71673073321e-05
-7.06789929214e-17
0.0
-1.7167307332e-05
1.71673073319e-05
-9.26424295611e-05
-1.7167307332e-05
1.71673073321e-05
3.53394964607e-17
0.00928141026343
-1.7167307332e-05
0.0
1.06018489382e-16
0.0
-1.06018489382e-16
1.7167307332e-05
-1.71673073319e-05
1.71673073318e-05
-1.71673073318e-05
0.0
-0.0092642429561
-3.53394964607e-17
-3.53394964607e-17
-1.71673073319e-05
1.71673073319e-05
-1.06018489382e-16
1.76697482304e-16
-1.7167307332e-05
1.71673073319e-05
3.53394964607e-17
-1.71673073318e-05
0.000185284859122
-0.236591597791
-0.00741139436488
-0.00472476390761
0.0
0.0
1.06018489382e-16
-1.06018489382e-16
-1.71673073319e-05
1.7167307332e-05
0.0
7.5475122229e-05
1.71673073318e-05
1.76697482304e-16
-0.000109809736893
1.71673073318e-05
3.53394964607e-17
7.06789929214e-17
0.0092642429561
-3.53394964607e-17
1.71673073319e-05
-1.71673073319e-05
-3.53394964607e-17
1.71673073319e-05
-1.71673073319e-05
1.71673073319e-05
0.0
0.00509533362585
-0.00143519713532
-0.0285338683048
-0.012228800702
-0.00529778579231
1.7167307332e-05
-1.7167307332e-05
1.71673073318e-05
-9.26424295609e-05
-1.71673073318e-05
1.71673073318e-05
3.53394964607e-17
-1.71673073319e-05
1.71673073319e-05
3.53394964607e-17
0.00937405269299
-1.7167307332e-05
0.000185284859122
0.000387737025576
-0.269387017856
-0.00750403679444
-0.000185284859122
-0.00928141026343
3.53394964607e-17
1.06018489382e-16
0.00591194818457
0.0138963644341
0.0123214431316
9.26424295608e-05
1.7167307332e-05
-1.7167307332e-05
1.7167307332e-05
0.0
0.0
0.00464928878538
-1.71673073319e-05
1.71673073319e-05
7.5475122229e-05
3.53394964607e-17
1.7167307332e-05
-1.7167307332e-05
7.06789929214e-17
1.71673073319e-05
-1.7167307332e-05
0.0
-0.00472476390761
-7.06789929214e-17
7.06789929214e-17
0.0
-7.06789929214e-17
-1.7167307332e-05
1.71673073319e-05
1.06018489382e-16
9.2642429561e-05
-1.7167307332e-05
1.71673073322e-05
-1.41357985843e-16
7.06789929214e-17
1.41357985843e-16
0.00872555568606
-0.26855323599
-0.012228800702
-0.000741139436488
-0.00928141026343
0.00998821508525
0.0130625825681
0.000185284859122
0.000185284859122
-0.00016811755179
0.0092642429561
1.7167307332e-05
-1.71673073319e-05
1.7167307332e-05
1.06018489382e-16
-1.7167307332e-05
-9.26424295611e-05
0.000109809736893
-1.7167307332e-05
0.0
1.71673073318e-05
-0.00928141026343
-3.53394964607e-17
-1.71673073319e-05
1.71673073318e-05
0.0
-1.71673073319e-05
1.7167307332e-05
-1.7167307332e-05
1.71673073321e-05
-1.76697482304e-16
7.54751222291e-05
1.71673073318e-05
3.53394964607e-17
-9.26424295607e-05
0.00928141026343
-1.7167307332e-05
9.2642429561e-05
1.71673073319e-05
-0.000109809736893
-3.53394964607e-17
1.71673073321e-05
0.000555854577366
-0.24326185272
-0.0116729461247
-0.00481740633717
0.0
-1.7167307332e-05
1.7167307332e-05
9.26424295609e-05
-1.71673073319e-05
1.7167307332e-05
-1.06018489382e-16
-1.71673073318e-05
1.7167307332e-05
0.0
-1.7167307332e-05
1.71673073321e-05
-9.26424295611e-05
0.0
0.0092642429561
7.06789929214e-17
1.71673073319e-05
-1.7167307332e-05
0.0
1.7167307332e-05
-1.7167307332e-05
-3.53394964607e-17
1.7167307332e-05
7.54751222289e-05
0.0
1.41357985843e-16
-0.0092642429561
-1.71673073319e-05
-7.54751222289e-05
0.0
-1.7167307332e-05
1.71673073321e-05
-1.41357985843e-16
-1.7167307332e-05
1.71673073322e-05
-1.41357985843e-16
-1.7167307332e-05
1.71673073322e-05
3.53394964607e-17
9.26424295608e-05
0.00461495417072
0.0
-0.00016811755179
-0.273741212045
-0.012228800702
0.0114876612656
0.0100980248221
0.000631329699595
1.7167307332e-05
-1.7167307332e-05
1.7167307332e-05
0.0
-1.71673073319e-05
1.71673073319e-05
3.53394964607e-17
-3.53394964607e-17
0.00463212147805
0.0
1.71673073319e-05
-1.71673073318e-05
-1.76697482304e-16
1.71673073321e-05
-1.71673073319e-05
0.0
-1.76697482304e-16
1.71673073319e-05
-1.71673073319e-05
-0.0092642429561
1.76697482304e-16
-1.06018489382e-16
-1.71673073319e-05
1.71673073319e-05
-3.53394964607e-17
-1.71673073319e-05
1.71673073319e-05
0.0
-1.71673073319e-05
-3.53394964607e-17
-0.236035743214
-0.00722610950575
-0.00240870316858
-0.000202452166454
1.7167307332e-05
-1.7167307332e-05
-3.53394964607e-17
1.71673073321e-05
0.000260759981351
0.00446400392626
-1.71673073319e-05
1.71673073319e-05
-1.71673073319e-05
3.53394964607e-17
-7.54751222291e-05
-0.0135257947159
-0.0080598913718
-0.00594628279923
1.71673073319e-05
-1.71673073319e-05
1.71673073319e-05
-3.53394964607e-17
-1.71673073318e-05
1.71673073319e-05
0.0
7.5475122229e-05
-0.194902504489
-0.0786534226972
-0.0123214431316
0.000370569718244
-0.00928141026343
0.0203641671961
0.0224194679538
0.0122459680094
0.000446044840473
1.7167307332e-05
-1.7167307332e-05
1.71673073318e-05
2.12036978764e-16
-9.2642429561e-05
-3.53394964607e-17
3.53394964607e-17
0.00928141026343
-1.71673073321e-05
3.53394964607e-17
1.71673073321e-05
-1.7167307332e-05
9.26424295608e-05
-0.0197156701892
-0.0125067279907
-0.00585364036967
1.71673073319e-05
-1.71673073319e-05
1.7167307332e-05
-1.06018489382e-16
-1.71673073319e-05
1.71673073319e-05
-1.71673073319e-05
1.7167307332e-05
3.53394964607e-17
-1.41357985843e-16
-1.71673073318e-05
1.7167307332e-05
0.00463212147805
1.71673073319e-05
-0.000555854577366
-0.269201732997
-0.0120435158429
1.76697482304e-16
0.00144794425831
0.0144693863188
0.0125993704203
0.00118718427696
1.71673073319e-05
-1.71673073319e-05
1.71673073319e-05
0.0
-1.71673073319e-05
1.71673073319e-05
-9.26424295609e-05
0.00928141026343
-1.71673073319e-05
0.0
1.71673073319e-05
-1.71673073319e-05
9.26424295609e-05
1.7167307332e-05
-1.7167307332e-05
0.0
1.71673073319e-05
-1.71673073319e-05
-0.0092642429561
7.06789929214e-17
-3.53394964607e-17
-1.7167307332e-05
1.71673073319e-05
7.06789929214e-17
-1.7167307332e-05
1.71673073321e-05
-9.26424295611e-05
-1.7167307332e-05
1.71673073321e-05
0.000433370755041
-0.259474277893
-0.00741139436488
0.000463212147805
-0.00928141026343
-1.71673073319e-05
1.7167307332e-05
-7.06789929214e-17
-1.71673073319e-05
1.71673073318e-05
0.0107293545217
0.012877297709
0.000943591602942
-3.53394964607e-17
0.00928141026343
-1.71673073319e-05
0.0
-7.5475122229e-05
0.0
-1.71673073319e-05
-1.06018489382e-16
1.7167307332e-05
-1.7167307332e-05
3.53394964607e-17
0.0
-0.0092642429561
-1.06018489382e-16
-1.71673073319e-05
1.7167307332e-05
9.2642429561e-05
0.0
7.06789929214e-17
-1.71673073319e-05
1.71673073318e-05
0.0
-0.000131758172601
-0.245114701311
-0.00722610950575
-0.00500269119629
7.06789929214e-17
-1.7167307332e-05
1.7167307332e-05
3.53394964607e-17
-1.7167307332e-05
1.71673073318e-05
2.12036978764e-16
-1.71673073319e-05
-7.54751222291e-05
2.12036978764e-16
7.5475122229e-05
1.7167307332e-05
0.0
-7.06789929214e-17
0.0092642429561
1.71673073319e-05
-1.7167307332e-05
0.0
1.71673073319e-05
7.06789929214e-17
-1.7167307332e-05
0.0
1.71673073319e-05
-1.71673073319e-05
-9.26424295609e-05
-0.0092642429561
7.06789929214e-17
9.26424295609e-05
-1.71673073319e-05
1.7167307332e-05
-7.06789929214e-17
1.41357985843e-16
-7.06789929214e-17
-1.71673073319e-05
9.2642429561e-05
-0.208428299205
-0.0369643293948
-0.0121361582725
0.000648497006927
-0.00928141026343
-1.7167307332e-05
1.7167307332e-05
7.06789929214e-17
0.0
-1.71673073321e-05
1.71673073321e-05
-1.71673073319e-05
1.71673073318e-05
0.0
-1.7167307332e-05
0.000109809736893
-1.41357985843e-16
-9.26424295609e-05
0.0092642429561
0.0
1.71673073319e-05
-1.7167307332e-05
0.0
1.7167307332e-05
-1.7167307332e-05
0.0
1.71673073321e-05
-1.71673073321e-05
-3.53394964607e-17
-0.0092642429561
0.0
9.26424295608e-05
-1.71673073318e-05
1.71673073319e-05
-9.26424295609e-05
-1.71673073319e-05
1.71673073319e-05
3.53394964607e-17
-1.71673073319e-05
9.26424295609e-05
-0.245948483177
-0.0080598913718
-9.26424295609e-05
-0.00463212147805
-7.06789929214e-17
0.0
7.06789929214e-17
7.5475122229e-05
1.7167307332e-05
-7.06789929214e-17
-1.7167307332e-05
1.71673073321e-05
0.0
-1.71673073319e-05
1.71673073319e-05
-1.7167307332e-05
1.71673073319e-05
0.0092642429561
1.71673073319e-05
-0.000109809736893
-3.53394964607e-17
1.71673073319e-05
-1.71673073319e-05
0.0
1.71673073318e-05
-1.71673073318e-05
-2.12036978764e-16
1.71673073319e-05
-0.00928141026343
-1.06018489382e-16
9.26424295611e-05
1.06018489382e-16
0.0
-1.71673073321e-05
1.7167307332e-05
0.00016811755179
-0.264106399371
-0.0121361582725
0.000277927288683
-0.00928141026343
-1.7167307332e-05
0.0147435381026
0.0125067279907
0.000648497006927
1.71673073319e-05
-1.71673073319e-05
1.71673073319e-05
0.0
-9.2642429561e-05
-1.06018489382e-16
0.0092642429561
1.7167307332e-05
-1.7167307332e-05
0.0
3.53394964607e-17
1.7167307332e-05
-1.71673073321e-05
7.06789929214e-17
1.7167307332e-05
-1.7167307332e-05
0.0
-0.00461495417072
-7.06789929214e-17
7.5475122229e-05
1.7167307332e-05
-1.06018489382e-16
-1.71673073318e-05
1.71673073319e-05
9.94968839476e-05
-0.245577913459
-0.00750403679444
-0.00453947904849
-1.06018489382e-16
-1.71673073319e-05
1.7167307332e-05
0.0
-1.7167307332e-05
1.7167307332e-05
0.0
-1.7167307332e-05
1.7167307332e-05
-9.26424295609e-05
-1.71673073321e-05
1.71673073322e-05
3.53394964607e-17
-1.41357985843e-16
0.0092642429561
-1.7167307332e-05
-1.76697482304e-16
0.000109809736893
-1.71673073319e-05
1.7167307332e-05
-1.71673073318e-05
0.0
1.71673073318e-05
-0.000109809736893
0.0
-0.0092642429561
1.06018489382e-16
0.0
-1.7167307332e-05
1.7167307332e-05
0.0
-1.7167307332e-05
1.7167307332e-05
-1.71673073321e-05
0.000109809736893
-1.76697482304e-16
0.0
7.54751222291e-05
-0.213430990401
-0.0231606073902
-0.00889367323785
-0.00509533362585
0.0
7.5475122229e-05
1.71673073319e-05
0.0
-1.71673073318e-05
1.71673073319e-05
-3.53394964607e-17
-0.000109809736893
1.7167307332e-05
0.0
-1.71673073319e-05
1.71673073318e-05
0.0
7.06789929214e-17
0.0092642429561
0.0
1.7167307332e-05
-3.53394964607e-17
-1.7167307332e-05
1.7167307332e-05
-1.71673073321e-05
-3.53394964607e-17
1.71673073321e-05
-1.71673073322e-05
0.0
-0.0092642429561
-0.00982009753346
-0.0129699401385
-0.185823546392
-0.0481385405569
-0.00741139436488
0.000277927288683
-0.00464928878538
-7.5475122229e-05
0.0
-1.7167307332e-05
1.7167307332e-05
0.00016811755179
0.00474193121494
-1.7167307332e-05
1.7167307332e-05
-1.71673073319e-05
0.0
1.71673073319e-05
-1.71673073319e-05
-0.0146203365633
-0.00907895809697
-0.0100225496999
-1.06018489382e-16
-3.53394964607e-17
1.71673073319e-05
1.76697482304e-16
-1.7167307332e-05
0.000370569718244
-0.271425151306
-0.00957216592781
0.000741139436488
-0.00928141026343
0.0153614759998
0.007596679224
0.000370569718244
1.71673073319e-05
-1.71673073319e-05
1.71673073319e-05
3.53394964607e-17
-0.000109809736893
1.71673073319e-05
0.0
0.00464928878538
-1.71673073318e-05
-3.53394964607e-17
0.000109809736893
-1.71673073319e-05
0.000109809736893
9.26424295612e-05
-0.00463212147805
-0.000109809736893
1.7167307332e-05
0.0
7.5475122229e-05
1.7167307332e-05
-1.06018489382e-16
-7.06789929214e-17
-1.71673073318e-05
1.71673073318e-05
0.0
-1.71673073318e-05
1.7167307332e-05
-7.06789929214e-17
0.00461495417072
0.00122151889162
-0.20890867866
-0.022353705873
-0.00768932165356
-0.00509533362585
0.000277927288683
7.5475122229e-05
1.7167307332e-05
-1.7167307332e-05
1.7167307332e-05
-1.7167307332e-05
1.71673073318e-05
-9.26424295607e-05
0.0
0.00928141026343
7.5475122229e-05
3.53394964607e-17
1.71673073319e-05
-1.71673073319e-05
1.06018489382e-16
1.71673073318e-05
-1.7167307332e-05
-0.0336120346233
-0.007596679224
-0.00622421008792
1.7167307332e-05
-1.7167307332e-05
1.71673073318e-05
1.76697482304e-16
-1.7167307332e-05
1.71673073318e-05
-3.53394964607e-17
-1.71673073318e-05
1.71673073319e-05
0.0
-3.53394964607e-17
0.00900348297474
-0.212967778253
-0.0277000864387
-0.00741139436488
-0.00453947904849
-1.06018489382e-16
7.5475122229e-05
1.71673073319e-05
-3.53394964607e-17
-1.71673073318e-05
1.71673073319e-05
-0.000109809736893
1.71673073319e-05
0.0
0.0
-1.71673073318e-05
1.71673073318e-05
-3.53394964607e-17
3.53394964607e-17
0.00463212147805
7.06789929214e-17
1.71673073319e-05
-1.7167307332e-05
7.06789929214e-17
1.71673073319e-05
-1.7167307332e-05
1.7167307332e-05
7.54751222289e-05
-3.53394964607e-17
-7.5475122229e-05
-0.00928141026343
0.0
-1.7167307332e-05
1.7167307332e-05
3.53394964607e-17
7.06789929214e-17
0.0
-7.06789929214e-17
-1.7167307332e-05
1.7167307332e-05
0.0
-1.7167307332e-05
1.7167307332e-05
0.000555854577366
1.71673073318e-05
-8.24149670573e-17
-9.26424295609e-05
-8.24128101056e-17
1.64825620211e-16
0.0
0.0
0.0
9.26424295609e-05
-8.06311680111e-17
8.07001904651e-17
-1.71477659218e-18
-8.22186844537e-17
8.05060648132e-17
-1.77732819114e-18
-8.2285549956e-17
-0.000370569718244
0.054659033441
0.00722610950575
0.00416890933024
0.0
0.0
-7.95138670366e-17
7.95138670366e-17
0.0
0.0528233521571
0.012228800702
-0.000202452166454
7.06789929214e-17
-5.30092446911e-17
3.53394964607e-17
-1.76697482304e-17
0.0601249367851
0.0118582309838
-9.26424295609e-05
1.71673073318e-05
-1.71673073318e-05
1.71673073319e-05
0.0092642429561
0.0604955065033
0.00768932165356
-0.00016811755179
-0.000109809736893
1.71673073318e-05
-1.71673073318e-05
0.0
1.71673073318e-05
-1.7167307332e-05
1.76697482304e-16
-0.00928141026343
0.000277927288683
0.121361582725
0.0275148015796
0.0124140855612
-0.000446044840473
0.0
0.0
0.0
0.0092642429561
1.71673073321e-05
-1.71673073318e-05
0.0
1.71673073319e-05
-1.71673073318e-05
1.41357985843e-16
-0.0092642429561
-7.06789929214e-17
9.2642429561e-05
0.0
7.06789929214e-17
-7.06789929214e-17
-1.71673073319e-05
1.71673073319e-05
-9.26424295611e-05
-1.71673073319e-05
1.71673073318e-05
-2.12036978764e-16
0.00602175792146
0.0126920128499
1.41357985843e-16
1.41357985843e-16
0.00464928878538
-1.71673073319e-05
7.06789929214e-17
1.71673073319e-05
-1.71673073318e-05
-0.0092642429561
0.0
0.0
7.06789929214e-17
-0.000277927288683
-1.41357985843e-16
0.0
-1.71673073318e-05
0.000109809736893
-1.7167307332e-05
9.2642429561e-05
-7.54751222291e-05
2.46850179013e-16
-9.26424295609e-05
0.0
0.0
0.0
0.0
0.0
0.0
9.26424295609e-05
1.21902281615e-16
-6.90224540248e-20
-8.06441097212e-17
-9.2642429561e-05
0.000370569718244
0.0373348991131
0.00741139436488
-0.0110416164251
-8.39313040942e-17
0.0471549966465
0.00768932165356
-7.5475122229e-05
-1.71673073319e-05
1.7167307332e-05
-1.71673073321e-05
0.0392975574412
0.00741139436488
7.5475122229e-05
-8.83487411518e-17
-0.00928141026343
0.0570677366095
0.0115803036951
-0.000185284859122
1.71673073321e-05
0.00463212147805
0.05697509418
0.00761384653133
0.000277927288683
-1.71673073319e-05
1.71673073319e-05
-1.71673073319e-05
3.53394964607e-17
1.7167307332e-05
0.0
-1.71673073319e-05
-0.00453947904849
1.71673073319e-05
7.06789929214e-17
0.0
-1.71673073319e-05
1.71673073318e-05
1.06018489382e-16
-0.000109809736893
0.070686173755
0.007596679224
0.000202452166454
0.0092642429561
1.41357985843e-16
0.000109809736893
-1.71673073319e-05
7.06789929214e-17
1.7167307332e-05
-1.71673073321e-05
1.71673073321e-05
-1.71673073318e-05
-1.41357985843e-16
-0.0092642429561
0.140631208074
0.0509533362585
0.007596679224
-0.000185284859122
0.0
0.0
-7.06789929214e-17
-7.06789929214e-17
1.41357985843e-16
-7.06789929214e-17
-7.06789929214e-17
-0.0241796741154
-0.00843046109005
0.0103931194182
0.0
-7.06789929214e-17
7.06789929214e-17
-9.26424295611e-05
0.0
0.0
0.0
-1.7167307332e-05
0.000109809736893
8.24128101056e-17
0.0
-8.24128101056e-17
1.64825620211e-16
0.0
-1.64825620211e-16
0.0
1.64825620211e-16
9.26424295608e-05
-8.0687248755e-17
-9.26424295609e-05
6.90224540248e-20
1.3804490805e-19
1.3804490805e-19
1.3804490805e-19
1.3804490805e-19
1.3804490805e-19
0.0434492994641
0.0120435158429
9.2642429561e-05
0.0
0.0
-7.95138670366e-17
7.95138670366e-17
0.0479887785126
0.0118582309838
-0.000353402410912
-0.000109809736893
0.0
-1.76697482304e-17
-1.76697482304e-17
3.53394964607e-17
0.0528988272793
0.007596679224
-0.00472476390761
1.7167307332e-05
-1.7167307332e-05
1.71673073318e-05
0.0894754196485
0.00815253380136
0.00455664635582
-1.71673073319e-05
1.71673073319e-05
-1.71673073318e-05
0.0
1.71673073317e-05
0.0
-1.71673073318e-05
1.71673073318e-05
-1.71673073319e-05
0.0
-0.00464928878538
1.7167307332e-05
-7.06789929214e-17
-1.7167307332e-05
1.7167307332e-05
-3.53394964607e-17
-1.71673073321e-05
1.7167307332e-05
0.120695918411
0.00787460651268
-0.00100189941784
2.12036978764e-16
0.00928141026343
-1.71673073319e-05
7.06789929214e-17
1.7167307332e-05
-1.71673073319e-05
0.0
1.7167307332e-05
-1.71673073318e-05
-0.0092642429561
-7.06789929214e-17
1.41357985843e-16
-7.06789929214e-17
7.06789929214e-17
9.26424295609e-05
-0.000109809736893
-1.41357985843e-16
1.7167307332e-05
-1.41357985843e-16
-1.7167307332e-05
1.71673073318e-05
7.06789929214e-17
-7.06789929214e-17
-7.06789929214e-17
2.82715971686e-16
-1.41357985843e-16
0.00705799195396
0.131181680258
0.00722610950575
-0.00491004876673
-9.26424295611e-05
0.0
0.000185284859122
0.0
0.0
-0.000277927288683
1.71673073318e-05
-9.2642429561e-05
0.0
0.0
0.0
0.0
9.26424295609e-05
0.0
0.0
8.06333249628e-17
-8.08317645181e-17
1.91968700257e-19
1.29417101297e-19
-1.31574052985e-19
-1.65006804153e-18
-9.26424295609e-05
0.000185284859122
0.0746697982261
0.00824517623092
0.00528061848497
0.0
0.0
0.0
0.0
0.0
0.0
-9.26424295611e-05
0.0843217782078
0.00461495417072
0.00722610950575
1.41357985843e-16
-0.0092642429561
-3.53394964607e-17
7.06789929214e-17
-1.71673073321e-05
-7.54751222289e-05
0.0745599884892
0.00731875193532
0.00463212147805
0.0
1.71673073319e-05
-1.71673073318e-05
-7.06789929214e-17
1.7167307332e-05
-1.71673073319e-05
-1.06018489382e-16
0.0
1.76697482304e-16
1.71673073319e-05
-9.2642429561e-05
-1.71673073321e-05
9.26424295611e-05
-0.00463212147805
1.71673073319e-05
0.0793773948264
0.0121361582725
-0.000555854577366
1.71673073319e-05
-0.000109809736893
1.71673073318e-05
0.0
7.06789929214e-17
0.00461495417072
7.06789929214e-17
1.7167307332e-05
-1.71673073321e-05
7.06789929214e-17
1.71673073322e-05
-1.71673073321e-05
0.0
1.71673073323e-05
-1.7167307332e-05
-0.0092642429561
0.0
-9.26424295609e-05
9.26424295609e-05
0.0988494723415
0.074484513367
0.00741139436488
-0.000277927288683
-7.06789929214e-17
1.41357985843e-16
-7.06789929214e-17
0.0
7.06789929214e-17
-7.06789929214e-17
0.0
0.0
7.06789929214e-17
0.0092642429561
-7.5475122229e-05
1.71673073318e-05
0.0
8.24149670573e-17
-1.64829934115e-16
1.64829934115e-16
0.0
0.0
-9.26424295611e-05
0.0
-3.22679972566e-18
9.2642429561e-05
4.12042481011e-17
-1.62921031871e-16
8.35408958386e-17
8.25443841586e-17
-8.07670559675e-17
-9.53372646218e-19
0.0411332387251
0.00852310351961
0.00481740633717
0.0
-8.83487411518e-18
8.83487411518e-17
0.05697509418
0.00898631566741
0.000109809736893
-1.71673073318e-05
0.0
-1.59027734073e-16
0.0674436887204
0.0120435158429
-0.00500269119629
1.7167307332e-05
-1.7167307332e-05
1.71673073321e-05
3.53394964607e-17
0.0653883879627
0.00815253380136
0.0043713614967
-1.7167307332e-05
1.71673073319e-05
-1.71673073318e-05
9.26424295608e-05
1.71673073319e-05
-1.71673073319e-05
-3.53394964607e-17
1.71673073319e-05
3.53394964607e-17
-1.71673073319e-05
-0.0092642429561
-7.06789929214e-17
0.0
-1.71673073319e-05
1.71673073318e-05
0.0619606180689
0.00787460651268
1.7167307332e-05
0.0
0.00928141026343
-9.26424295608e-05
-1.71673073318e-05
1.71673073319e-05
1.41357985843e-16
-1.7167307332e-05
9.26424295611e-05
-7.06789929214e-17
2.12036978764e-16
1.71673073319e-05
-1.7167307332e-05
-0.0092642429561
7.06789929214e-17
0.130718468111
0.012228800702
-0.000573021884698
0.000109809736893
-7.06789929214e-17
0.0
1.41357985843e-16
0.0
-1.41357985843e-16
0.0
0.00935688538566
1.7167307332e-05
-1.71673073318e-05
0.0
-0.0092642429561
0.0
0.0
0.000277927288683
-7.54751222291e-05
-9.26424295607e-05
0.0
8.24128101056e-17
-1.64825620211e-16
0.0
0.0
1.64825620211e-16
-1.64825620211e-16
9.26424295611e-05
0.0
0.0
0.0
0.0
-9.26424295609e-05
0.0
-1.64825620211e-16
1.66482159108e-16
-8.24128101056e-17
0.034185056508
0.0120435158429
0.00120435158429
7.95138670366e-17
0.0
0.0
9.2642429561e-05
0.0616998580876
0.007596679224
0.000295094596015
-1.71673073318e-05
9.26424295608e-05
-9.26424295609e-05
0.0738360163601
0.00796724894224
-0.00472476390761
1.7167307332e-05
-1.7167307332e-05
3.53394964607e-17
1.7167307332e-05
0.0568652844431
0.00750403679444
0.00474193121494
-1.7167307332e-05
0.000109809736893
-1.7167307332e-05
0.0
1.7167307332e-05
-1.71673073319e-05
-9.26424295611e-05
1.71673073319e-05
-1.71673073319e-05
0.0
0.0
-0.00463212147805
0.080303819122
0.0080598913718
0.000277927288683
1.7167307332e-05
-1.71673073321e-05
1.7167307332e-05
-9.26424295609e-05
-2.12036978764e-16
0.00928141026343
-1.7167307332e-05
1.7167307332e-05
-1.7167307332e-05
9.26424295611e-05
1.71673073319e-05
-1.7167307332e-05
1.41357985843e-16
1.7167307332e-05
-1.71673073318e-05
-0.00463212147805
-7.06789929214e-17
7.06789929214e-17
-7.06789929214e-17
-1.71673073321e-05
0.172795298439
0.00731875193532
-7.06789929214e-17
2.12036978764e-16
-0.019825479926
-0.00824517623092
-0.000833781866049
0.0092642429561
1.7167307332e-05
7.06789929214e-17
-0.00928141026343
7.06789929214e-17
-1.41357985843e-16
0.0
1.41357985843e-16
-9.2642429561e-05
-7.06789929214e-17
0.000277927288683
1.71673073318e-05
8.24149670573e-17
0.0
-8.24149670573e-17
0.0
0.0
0.0
0.0
0.0
-9.26424295609e-05
0.0
6.90224540248e-20
6.90224540248e-20
0.0
-2.58834202593e-19
1.38907688725e-18
9.26424295611e-05
-1.64566786009e-16
1.64959351216e-16
0.0415964508729
0.0119508734134
-9.2642429561e-05
0.0
0.0
-7.95138670366e-17
8.83487411518e-17
-8.83487411518e-17
0.0425228751685
0.0123214431316
0.000185284859122
3.53394964607e-17
0.0389098204156
0.0123214431316
-0.00435419418936
1.71673073318e-05
0.0469525444801
0.00768932165356
0.00463212147805
0.0
0.0662565044434
0.00750403679444
0.000555854577366
-1.71673073319e-05
1.71673073319e-05
-1.71673073321e-05
0.0
1.71673073321e-05
-1.71673073319e-05
-0.00917160052653
-1.7167307332e-05
1.7167307332e-05
-9.26424295609e-05
-1.7167307332e-05
1.71673073319e-05
0.0
-1.71673073319e-05
1.71673073318e-05
0.0
-1.7167307332e-05
1.71673073322e-05
-1.76697482304e-16
0.165661831362
0.012228800702
0.00463212147805
-0.00444683661893
0.0
0.0
-7.06789929214e-17
1.41357985843e-16
-1.7167307332e-05
1.71673073319e-05
-7.06789929214e-17
7.5475122229e-05
1.71673073317e-05
7.06789929214e-17
0.0
-7.06789929214e-17
2.12036978764e-16
0.0
-1.41357985843e-16
1.41357985843e-16
0.0
0.0092642429561
-7.54751222289e-05
0.000185284859122
-0.00481740633717
-1.41357985843e-16
-0.000185284859122
7.06789929214e-17
0.0
-2.12036978764e-16
9.2642429561e-05
-0.000109809736893
1.71673073318e-05
8.24149670573e-17
-9.26424295611e-05
0.0
0.0
0.0
0.0
0.0
0.0
9.2642429561e-05
-1.23356067052e-16
3.27856656618e-19
8.21518189513e-17
8.22833930043e-17
-1.31574052985e-19
-1.63050448972e-16
8.22833930043e-17
9.2642429561e-05
0.0593837973486
0.00815253380136
0.00463212147805
-7.95138670366e-17
9.26424295611e-05
-8.83487411518e-17
7.95138670366e-17
0.0
0.0
0.0
0.0569922614873
0.0114876612656
0.000631329699595
-3.53394964607e-17
-9.26424295609e-05
0.0
0.0783754954086
0.00824517623092
0.000463212147805
1.7167307332e-05
7.5475122229e-05
1.71673073319e-05
0.0092642429561
-7.06789929214e-17
0.0
-9.2642429561e-05
1.71673073319e-05
0.098756829912
0.0118582309838
-0.000185284859122
-1.71673073318e-05
-0.0092642429561
-7.06789929214e-17
0.0
-1.7167307332e-05
1.7167307332e-05
-7.06789929214e-17
-1.7167307332e-05
1.71673073318e-05
9.2642429561e-05
-1.71673073318e-05
0.0754109376626
0.0127846552794
-0.000631329699595
0.0092642429561
0.0
0.000109809736893
-1.71673073317e-05
7.06789929214e-17
1.71673073318e-05
-1.71673073317e-05
-0.00935688538566
-7.06789929214e-17
0.0
7.06789929214e-17
0.0
-7.06789929214e-17
-1.71673073319e-05
1.7167307332e-05
-7.06789929214e-17
-1.71673073319e-05
1.71673073318e-05
-1.41357985843e-16
7.5475122229e-05
1.71673073319e-05
-7.06789929214e-17
0.0
-1.41357985843e-16
-9.26424295609e-05
0.0
0.00463212147805
-1.71673073319e-05
7.06789929214e-17
1.7167307332e-05
-1.71673073319e-05
1.7167307332e-05
-0.0069653495244
1.71673073318e-05
8.24149670573e-17
-8.24149670573e-17
-9.2642429561e-05
0.0
0.0
0.0
0.0
0.0
9.2642429561e-05
-1.23293515454e-16
3.27856656618e-19
8.21518189513e-17
8.22833930043e-17
-1.63050448972e-16
8.38018869929e-17
8.26759582116e-17
0.0568824517504
0.012228800702
-0.000555854577366
-9.26424295609e-05
0.0
-7.95138670366e-17
9.26424295611e-05
0.0
-1.67862608188e-16
1.67862608188e-16
0.0474500912425
0.007596679224
0.000353402410912
3.53394964607e-17
7.06789929214e-17
8.83487411518e-17
0.0575309487574
0.0123214431316
-0.00463212147805
1.71673073319e-05
0.0
0.0749305582075
0.0120435158429
0.00409343420801
-1.71673073319e-05
1.7167307332e-05
7.5475122229e-05
0.0
1.71673073319e-05
-1.71673073321e-05
1.41357985843e-16
1.71673073319e-05
-0.00492721607406
1.71673073321e-05
-7.06789929214e-17
0.0
7.06789929214e-17
0.186767137995
0.00778196408312
-9.26424295608e-05
-7.06789929214e-17
7.06789929214e-17
0.00463212147805
-9.26424295607e-05
1.71673073319e-05
-1.71673073318e-05
7.06789929214e-17
-0.0092642429561
7.06789929214e-17
0.0
-7.06789929214e-17
0.0
9.2642429561e-05
-0.000109809736893
1.71673073318e-05
0.0
1.41357985843e-16
-0.0147301463002
-0.012877297709
0.00389098204156
-1.7167307332e-05
1.7167307332e-05
7.06789929214e-17
-1.7167307332e-05
0.0
-0.00924707564876
1.71673073318e-05
8.24149670573e-17
-8.24149670573e-17
-9.26424295609e-05
0.0
0.0
0.0
0.0
0.0
0.0
6.90224540248e-20
6.90224540248e-20
0.0
-2.58834202593e-19
9.26424295609e-05
8.40628781472e-17
8.24149670573e-17
-1.63052605923e-16
1.64827777163e-16
1.65006804153e-18
-1.64963665119e-16
1.64827777163e-16
0.0785607802677
0.0119508734134
0.00453947904849
0.0
-8.83487411518e-17
7.06789929214e-17
0.0
1.7167307332e-05
-1.7167307332e-05
0.0
0.0577334009238
0.0126920128499
-1.7167307332e-05
-2.12036978764e-16
1.76697482304e-16
-0.00463212147805
0.0
0.0659442425401
0.00713346707619
-0.00092642429561
0.00928141026343
0.0
-9.26424295608e-05
7.06789929214e-17
0.057270188776
0.0123214431316
0.000185284859122
-1.71673073319e-05
-3.53394964607e-17
0.0
-0.0092642429561
-1.7167307332e-05
0.000109809736893
0.0
-1.71673073319e-05
1.71673073319e-05
-3.53394964607e-17
-0.000109809736893
1.7167307332e-05
0.0
-1.71673073318e-05
1.71673073318e-05
3.53394964607e-17
0.0092642429561
-1.06018489382e-16
1.7167307332e-05
-1.71673073319e-05
0.116746628554
0.0127846552794
-0.00518797605541
0.0
0.0
0.0
7.06789929214e-17
0.0
-7.06789929214e-17
9.26424295609e-05
-1.7167307332e-05
1.71673073317e-05
-1.41357985843e-16
-7.06789929214e-17
-7.06789929214e-17
-9.26424295608e-05
1.41357985843e-16
-7.06789929214e-17
0.042615517598
0.0125993704203
0.00491004876673
-1.71673073319e-05
-0.0092642429561
0.0
0.0
0.000109809736893
0.0
-8.24128101056e-17
0.0
0.0
0.0
0.0
0.0
0.0
9.2642429561e-05
-1.23274102888e-16
3.45112270124e-19
-9.26424295608e-05
-8.05146926199e-17
0.000185284859122
0.0519724029837
0.00731875193532
-0.010207834559
-7.95138670366e-17
7.95138670366e-17
0.0
0.03798339612
0.0124140855612
0.000387737025576
-1.71673073319e-05
1.71673073319e-05
7.54751222291e-05
-1.76697482304e-17
0.0581794457643
0.0119508734134
-0.00472476390761
1.7167307332e-05
-1.7167307332e-05
1.7167307332e-05
0.0517699508172
0.00741139436488
0.00463212147805
1.06018489382e-16
1.71673073319e-05
-0.000109809736893
1.06018489382e-16
1.71673073319e-05
-1.71673073319e-05
0.0615317405358
0.0119508734134
-0.0042615517598
-1.06018489382e-16
-1.7167307332e-05
1.71673073319e-05
9.26424295609e-05
-1.71673073319e-05
1.71673073319e-05
0.0
-1.7167307332e-05
1.7167307332e-05
-9.26424295609e-05
-1.71673073318e-05
1.71673073318e-05
0.00463212147805
1.71673073319e-05
-1.71673073319e-05
1.71673073319e-05
0.0847678230483
0.0120435158429
-0.00528061848497
0.0
0.0
0.0
0.0
7.5475122229e-05
1.71673073318e-05
7.06789929214e-17
-1.7167307332e-05
1.71673073318e-05
7.06789929214e-17
-1.7167307332e-05
1.71673073318e-05
0.0
1.41357985843e-16
-1.41357985843e-16
-9.26424295607e-05
-7.06789929214e-17
0.0092642429561
7.06789929214e-17
1.41357985843e-16
1.71673073318e-05
-1.71673073318e-05
2.12036978764e-16
0.0692210621894
0.007596679224
-7.54751222291e-05
-1.64566786009e-16
8.24128101056e-17
-8.24128101056e-17
0.0
0.0
0.0
0.0
0.0
8.39830709347e-17
8.07648990158e-17
-1.89811748568e-19
-8.07648990158e-17
8.22833930043e-17
-1.51849398855e-18
-8.06354819145e-17
8.08943161171e-17
-8.38277704131e-17
0.0365937596766
0.0123214431316
0.00472476390761
-7.95138670366e-17
7.95138670366e-17
0.0389098204156
0.012228800702
0.000202452166454
-1.71673073319e-05
0.0427081600276
0.0123386104389
-1.7167307332e-05
-0.00463212147805
-1.7167307332e-05
0.0472476390761
0.0125067279907
0.000463212147805
0.00463212147805
1.06018489382e-16
-7.06789929214e-17
0.0513410732841
0.0123214431316
0.000555854577366
7.54751222291e-05
0.0
1.71673073318e-05
-1.71673073318e-05
0.0
-0.00928141026343
1.71673073321e-05
-9.2642429561e-05
0.0
7.06789929214e-17
-1.7167307332e-05
1.71673073319e-05
1.41357985843e-16
0.0669633092652
0.0119508734134
-0.000538687270034
0.0092642429561
1.7167307332e-05
-1.71673073319e-05
7.06789929214e-17
1.71673073319e-05
-1.71673073317e-05
0.0
-9.2642429561e-05
1.7167307332e-05
-1.71673073317e-05
-0.0092642429561
-7.06789929214e-17
-7.06789929214e-17
7.06789929214e-17
-1.7167307332e-05
1.71673073319e-05
7.5475122229e-05
1.7167307332e-05
0.186118640988
0.00787460651268
-0.000370569718244
9.2642429561e-05
-0.0201034072147
-0.0127846552794
-0.000926424295609
0.0
0.0
0.0
0.0
0.0
1.71673073318e-05
0.0
-8.24149670573e-17
0.0
0.0
0.0
0.0
0.0
0.0
9.26424295611e-05
-9.26424295609e-05
-1.63115157522e-16
8.22186844537e-17
8.22833930043e-17
-1.63052605923e-16
8.2285549956e-17
8.24149670573e-17
-1.63052605923e-16
8.40628781472e-17
0.0573456638982
0.0138963644341
-0.0110416164251
0.0
-9.26424295609e-05
0.0
0.0
0.0
0.0850629176443
0.00731875193532
-5.30092446911e-17
-1.71673073318e-05
-1.59027734073e-16
1.59027734073e-16
0.0
-1.41357985843e-16
0.0
-0.00935688538566
0.0
1.06018489382e-16
9.26424295607e-05
0.0463040474731
0.0120435158429
0.00463212147805
-7.06789929214e-17
-7.5475122229e-05
-1.7167307332e-05
9.26424295611e-05
0.0662565044434
0.0124140855612
-7.06789929214e-17
-1.71673073319e-05
1.71673073318e-05
-0.00463212147805
0.0
7.5475122229e-05
1.71673073319e-05
-1.06018489382e-16
-1.71673073319e-05
1.71673073321e-05
-1.76697482304e-16
-1.71673073319e-05
-7.54751222288e-05
0.0
-1.71673073321e-05
1.71673073321e-05
0.00463212147805
1.71673073319e-05
0.103018381672
0.0124140855612
-0.000185284859122
-1.71673073319e-05
-0.0092642429561
-7.06789929214e-17
1.41357985843e-16
-7.06789929214e-17
7.06789929214e-17
0.00016811755179
-0.000463212147805
-7.54751222292e-05
0.0
0.0
0.000463212147805
0.00453947904849
0.0762447195287
0.0606807913624
0.00368852987511
0.0204446182143
0.0119508734134
0.000926424295609
0.0
-1.41357985843e-16
1.71673073318e-05
-8.6278067531e-21
0.0
8.24149670573e-17
-1.64829934115e-16
0.0
0.0
1.64829934115e-16
-1.64829934115e-16
1.23360380956e-16
4.11416965022e-17
-1.64499920506e-16
8.41901382968e-17
8.22833930043e-17
1.29417101297e-19
-1.63050448972e-16
8.36703129399e-17
8.07670559675e-17
-9.26424295611e-05
1.64955037313e-16
1.64791108984e-18
0.0411332387251
0.0123214431316
0.00500269119629
8.83487411518e-17
8.83487411518e-18
0.0566045244617
0.0117655885542
-0.000446044840473
-1.71673073318e-05
8.83487411518e-17
0.0433566570345
0.0117655885542
-0.00481740633717
1.7167307332e-05
-3.53394964607e-17
-7.06789929214e-17
0.0
-1.7167307332e-05
0.0617925005172
0.012877297709
0.00501985850362
-1.71673073319e-05
1.71673073318e-05
-1.7167307332e-05
-3.53394964607e-17
1.76697482304e-16
-2.12036978764e-16
-3.53394964607e-17
1.7167307332e-05
-1.7167307332e-05
9.26424295609e-05
0.067831425746
0.0125067279907
0.000260759981351
1.71673073318e-05
-1.7167307332e-05
1.71673073318e-05
-9.26424295609e-05
7.06789929214e-17
-1.41357985843e-16
7.06789929214e-17
0.00928141026343
-1.71673073318e-05
2.82715971686e-16
1.71673073318e-05
-1.71673073318e-05
2.12036978764e-16
1.71673073318e-05
-1.71673073319e-05
7.06789929214e-17
1.71673073321e-05
7.54751222292e-05
0.108316167464
0.00768932165356
-0.000480379455137
1.7167307332e-05
-1.7167307332e-05
1.71673073318e-05
-1.41357985843e-16
1.41357985843e-16
-7.06789929214e-17
0.0
7.06789929214e-17
-7.06789929214e-17
0.0241796741154
0.0126920128499
0.00500269119629
-0.00928141026343
7.06789929214e-17
-7.06789929214e-17
7.06789929214e-17
