0.30599794484
0.364952864655
0.0603102216442
0.0125993704203
-0.00537326091454
-1.41357985843e-16
9.26424295611e-05
-1.41357985843e-16
1.41357985843e-16
-1.71673073319e-05
1.7167307332e-05
-1.41357985843e-16
-1.7167307332e-05
1.7167307332e-05
-1.41357985843e-16
-1.41357985843e-16
0.0
-2.82715971686e-16
-9.26424295608e-05
0.0
-1.41357985843e-16
0.0092642429561
0.0
1.7167307332e-05
-1.7167307332e-05
0.0
0.0
1.7167307332e-05
7.5475122229e-05
-0.0092642429561
1.41357985843e-16
0.0
9.2642429561e-05
0.000260759981351
-0.000446044840472
-0.0153786433071
-0.00907895809697
-0.0339997716489
-0.007596679224
-0.000833781866049
-0.0335365595011
-0.0124140855612
-0.0392975574412
-0.0124140855612
-0.05697509418
-0.0127846552794
-0.0208445466512
-0.0130625825681
-0.0345384589189
-0.012877297709
-0.000665664314259
-0.0433566570345
-0.0125067279907
-0.00157492130254
-7.06789929214e-17
-0.00928141026343
-0.036206022651
-0.00768932165356
0.00342776989376
-0.0757986746882
-0.007596679224
-0.0617753332098
-0.0126165377276
0.00400079177845
-0.0428008024572
-0.0114876612656
-0.000555854577366
-1.71673073322e-05
-0.0700374346087
-0.0463212147805
-0.00750403679444
-0.00455664635582
9.26424295608e-05
1.7167307332e-05
0.0092642429561
0.0
7.06789929214e-17
1.71673073319e-05
-1.7167307332e-05
7.06789929214e-17
0.000109809736893
-0.130069971104
-0.0121361582725
0.000909256988278
0.0
-0.0092642429561
-1.71673073319e-05
1.7167307332e-05
0.0092642429561
0.0
8.83487411518e-17
-8.83487411518e-17
8.83487411518e-17
0.0
-1.76697482304e-17
-1.76697482304e-17
0.0
0.0
0.0
1.71673073319e-05
-1.71673073319e-05
0.0
0.0
0.0
-9.26424295609e-05
9.26424295609e-05
0.0
-8.83487411518e-17
0.185394668859
0.171110567399
0.16675637321
0.412019061068
0.012228800702
-0.000407975059524
0.0
0.0
-9.26424295608e-05
-1.41357985843e-16
-1.71673073319e-05
1.7167307332e-05
0.0
-1.71673073319e-05
1.71673073319e-05
0.0
-1.71673073316e-05
1.71673073319e-05
9.2642429561e-05
0.0
1.41357985843e-16
0.0092642429561
1.7167307332e-05
-1.71673073319e-05
0.0
0.0
1.41357985843e-16
1.71673073319e-05
-9.2642429561e-05
-1.7167307332e-05
-0.0092642429561
1.41357985843e-16
0.0
1.41357985843e-16
-1.71673073319e-05
1.71673073319e-05
0.0
-1.7167307332e-05
1.71673073319e-05
0.0
-1.71673073319e-05
1.7167307332e-05
7.54751222288e-05
1.71673073322e-05
-1.41357985843e-16
-0.000185284859122
0.0161369500509
-1.71673073322e-05
-0.0295357677226
-0.007596679224
-0.0392975574412
-0.0125067279907
-0.0619777853763
-0.00815253380136
0.00398362447112
-0.0740213012192
-0.012228800702
-0.000353402410911
-1.7167307332e-05
-0.0651276279814
-0.0121361582725
-0.000370569718244
0.0
0.0
-0.00463212147805
-0.0515091908359
-0.0116729461247
-0.00129699401385
7.06789929214e-17
-0.0528988272793
-0.0080598913718
-0.062550807261
-0.0117655885542
-0.0665000971174
-0.0369814967022
-0.00768932165356
-0.000606997208445
-1.71673073318e-05
1.71673073319e-05
-0.134516807723
-0.00277927288683
-0.000387737025576
7.06789929214e-17
-7.06789929214e-17
-0.0092642429561
7.06789929214e-17
-1.7167307332e-05
1.71673073319e-05
7.06789929214e-17
-1.7167307332e-05
1.71673073319e-05
-9.26424295609e-05
0.0092642429561
0.0
9.26424295611e-05
0.0
0.0
3.53394964607e-17
1.71673073319e-05
-1.71673073319e-05
-1.41357985843e-16
1.71673073321e-05
-1.71673073319e-05
0.0
0.0
-3.53394964607e-17
-3.53394964607e-17
0.0
-9.26424295611e-05
0.0
-0.0092642429561
-1.71673073318e-05
1.71673073319e-05
9.2642429561e-05
-1.71673073319e-05
1.7167307332e-05
0.0
0.0092642429561
-0.167587001132
-0.00704082464663
9.2642429561e-05
0.0
0.0
0.0
0.0
0.0
0.0
0.0
0.319616381985
0.282315817487
0.343054916664
0.00704082464663
-0.00500269119629
1.41357985843e-16
1.41357985843e-16
0.0
0.0
-1.71673073319e-05
1.71673073319e-05
-9.26424295608e-05
0.0
-1.71673073319e-05
1.71673073318e-05
7.54751222292e-05
-0.00461495417072
0.00463212147805
0.0
1.41357985843e-16
0.0092642429561
1.7167307332e-05
-1.7167307332e-05
0.0
1.7167307332e-05
-1.7167307332e-05
0.0
0.0
1.7167307332e-05
-0.00928141026343
-1.41357985843e-16
0.0
-9.26424295608e-05
-1.41357985843e-16
-1.41357985843e-16
0.0
-1.7167307332e-05
1.71673073319e-05
9.26424295611e-05
-1.7167307332e-05
1.7167307332e-05
0.0
0.0
0.0
0.0
0.0
0.00461495417072
0.0
1.71673073319e-05
-1.71673073319e-05
-7.54751222291e-05
-0.110244491178
-0.00722610950575
-0.00455664635582
1.7167307332e-05
-1.71673073318e-05
1.7167307332e-05
0.0
-1.71673073319e-05
1.7167307332e-05
-0.0775588808499
-0.0120435158429
-0.000909256988277
-1.71673073319e-05
0.000109809736893
-0.0794872045633
-0.00731875193532
-0.000387737025576
0.0
-1.41357985843e-16
1.41357985843e-16
-0.0717978829097
-0.0127846552794
-0.000833781866049
0.0
0.0
-0.0619777853763
-0.0118582309838
-0.000480379455137
1.71673073318e-05
-1.71673073319e-05
-0.0479887785126
-0.0235311771085
-0.0277000864387
-0.0121361582725
-0.0010945418474
-0.0541958212932
-0.0366864021061
-0.0118582309838
-0.000185284859122
-1.71673073321e-05
1.7167307332e-05
-1.71673073318e-05
-1.41357985843e-16
1.7167307332e-05
7.54751222291e-05
-0.0092642429561
-1.71673073319e-05
-0.143225196101
-0.00768932165356
-0.00509533362585
1.71673073319e-05
0.0092642429561
0.0
-7.06789929214e-17
7.06789929214e-17
9.26424295609e-05
-8.83487411518e-17
0.0
8.83487411518e-17
0.0
-7.5475122229e-05
-1.71673073321e-05
-1.76697482304e-17
1.59027734073e-16
-7.06789929214e-17
-7.06789929214e-17
1.76697482304e-16
-7.06789929214e-17
1.06018489382e-16
1.76697482304e-17
-0.00928141026343
1.7167307332e-05
9.26424295608e-05
-1.71673073318e-05
1.71673073319e-05
-7.06789929214e-17
0.00463212147805
0.0
-8.83487411518e-17
8.83487411518e-17
0.0
7.06789929214e-17
-8.83487411518e-17
-9.26424295611e-05
1.76697482304e-16
1.71673073319e-05
-9.2642429561e-05
0.486482564932
0.448979548267
0.00815253380136
-0.00528061848497
-2.82715971686e-16
0.0
0.0
0.0
-1.71673073319e-05
1.71673073319e-05
9.2642429561e-05
-1.7167307332e-05
1.7167307332e-05
-9.2642429561e-05
-1.71673073319e-05
1.71673073319e-05
-1.41357985843e-16
-2.82715971686e-16
1.41357985843e-16
0.0092642429561
1.71673073319e-05
-1.71673073319e-05
0.0
1.7167307332e-05
-1.7167307332e-05
0.0
0.0
1.71673073319e-05
-1.71673073319e-05
-0.0092642429561
-1.41357985843e-16
0.0
7.54751222291e-05
1.7167307332e-05
-9.2642429561e-05
-1.7167307332e-05
1.71673073319e-05
0.0
-1.7167307332e-05
1.71673073319e-05
0.0
0.0
1.41357985843e-16
1.41357985843e-16
0.00928141026343
-1.71673073319e-05
0.0
-1.41357985843e-16
1.71673073319e-05
-1.71673073319e-05
0.0
-1.41357985843e-16
-0.0235140098012
-0.0127846552794
-0.00511250093318
-0.0659614098474
-0.0119508734134
0.00389098204156
1.7167307332e-05
-1.71673073319e-05
-0.0776343559721
-0.012228800702
0.00075830674382
-1.71673073319e-05
0.0
-0.112189982198
-0.012228800702
-0.000277927288683
0.0
0.0
0.0
9.26424295608e-05
2.12036978764e-16
-0.00463212147805
0.0092642429561
-0.074484513367
-0.0118582309838
-0.000277927288683
-9.26424295609e-05
0.0
-0.0666099068543
-0.00768932165356
7.5475122229e-05
-0.0802283439998
-0.041781735732
-0.0125993704203
0.00390814934889
-1.7167307332e-05
1.71673073322e-05
-1.7167307332e-05
-7.06789929214e-17
1.71673073322e-05
-1.71673073318e-05
-1.41357985843e-16
0.0
-0.0092642429561
1.41357985843e-16
-1.7167307332e-05
0.0
1.7167307332e-05
-0.235143653533
-0.0120435158429
-0.000185284859122
0.0
0.0
-7.95138670366e-17
7.95138670366e-17
9.26424295609e-05
0.0
0.0
0.0
0.0
0.0
1.7167307332e-05
-1.7167307332e-05
0.0
-8.83487411518e-18
-9.26424295609e-05
0.0
-8.83487411518e-18
1.59027734073e-16
8.83487411518e-18
-1.59027734073e-16
-0.00928141026343
1.71673073321e-05
9.26424295608e-05
-0.000202452166454
0.011690113432
8.83487411518e-17
-1.67862608188e-16
-9.26424295609e-05
0.333715198586
0.340030637845
0.287284174069
0.00731875193532
-0.00574383063278
0.0
0.0
1.41357985843e-16
0.0
-1.7167307332e-05
0.0
1.71673073319e-05
0.0
-1.71673073319e-05
-7.54751222288e-05
0.0
-2.82715971686e-16
2.82715971686e-16
1.41357985843e-16
0.0
0.0
0.0092642429561
1.71673073319e-05
7.5475122229e-05
0.0
-1.41357985843e-16
1.41357985843e-16
1.71673073319e-05
-1.71673073322e-05
-0.0092642429561
0.0
-2.82715971686e-16
0.0
0.0
-1.7167307332e-05
-7.54751222288e-05
0.0
-1.71673073322e-05
1.7167307332e-05
0.0
-1.71673073322e-05
1.71673073319e-05
0.0
-1.41357985843e-16
0.0
0.0
0.0092642429561
9.26424295608e-05
1.71673073319e-05
-0.0336292019306
-0.0126920128499
-0.00101906672517
-0.00928141026343
-0.0629213769792
-0.00815253380136
-0.00565118820322
1.71673073319e-05
-1.71673073319e-05
-0.0881029505125
-0.00722610950575
0.00352041232332
2.82715971686e-16
1.71673073318e-05
-0.0617925005172
-0.00722610950575
-0.000665664314258
0.0
-9.26424295611e-05
0.0
-0.0527135424202
-0.0118582309838
-0.00481740633717
0.00928141026343
0.0
-7.06789929214e-17
-0.034185056508
-0.012877297709
-0.00101906672517
0.0
-0.103591403556
-0.012228800702
0.000109809736893
-1.41357985843e-16
-0.0942173508635
-0.0116729461247
0.00491004876673
-1.71673073317e-05
1.71673073318e-05
-1.71673073319e-05
-9.26424295608e-05
1.7167307332e-05
-0.130347898392
-0.0119680407207
-0.00407626690068
1.71673073319e-05
-1.71673073319e-05
1.7167307332e-05
-7.06789929214e-17
-1.71673073319e-05
1.71673073319e-05
3.53394964607e-17
0.0092642429561
-7.06789929214e-17
-9.26424295609e-05
7.06789929214e-17
3.53394964607e-17
-1.06018489382e-16
1.06018489382e-16
0.0
3.53394964607e-17
1.7167307332e-05
-1.7167307332e-05
3.53394964607e-17
-7.06789929214e-17
-0.0799504167111
-0.00685553978751
-0.00500269119629
1.7167307332e-05
-1.71673073321e-05
0.00463212147805
-8.83487411518e-17
0.0
8.83487411518e-17
-8.83487411518e-17
0.0
-9.2642429561e-05
0.0
0.000109809736893
-0.131106205136
-0.0121361582725
-9.2642429561e-05
0.287301341376
0.283022622309
0.388947253912
0.00722610950575
-0.00629968521015
1.41357985843e-16
9.2642429561e-05
0.0
-1.7167307332e-05
1.7167307332e-05
-1.41357985843e-16
-1.41357985843e-16
-1.71673073319e-05
1.71673073322e-05
0.0
-1.71673073319e-05
-7.5475122229e-05
0.0
1.41357985843e-16
2.82715971686e-16
0.0092642429561
1.71673073319e-05
-1.71673073318e-05
0.0
1.71673073318e-05
-1.71673073319e-05
0.0
1.71673073319e-05
-1.7167307332e-05
-0.00917160052653
0.0
-1.41357985843e-16
1.41357985843e-16
-1.7167307332e-05
1.7167307332e-05
0.0
-1.71673073319e-05
1.71673073319e-05
0.0
0.00016811755179
0.000295094596015
0.00472476390761
-0.0241796741154
-0.0125067279907
-0.000926424295609
-0.0245502438337
-0.00852310351961
-0.0619949526836
-0.00713346707619
-0.025106098411
-0.0133405098568
-0.0293676501708
-0.0121361582725
-0.0400215295703
-0.0124140855612
-0.000260759981351
-0.0277172537461
-0.0124140855612
-0.0444683661893
-0.00778196408312
-0.0352041232332
-0.0131552249977
-0.0310352139029
-0.00796724894224
-0.0408724787437
-0.00796724894224
0.00400079177845
-0.085045750337
-0.0116729461247
-0.0574383063278
-0.0369643293948
-0.00768932165356
-0.000277927288683
-1.71673073319e-05
-0.0746697982261
-0.0116729461247
-0.00491004876673
-7.5475122229e-05
-1.7167307332e-05
1.71673073321e-05
0.0
-1.71673073321e-05
1.71673073321e-05
0.0092642429561
1.06018489382e-16
-1.41357985843e-16
1.06018489382e-16
1.06018489382e-16
-1.41357985843e-16
7.06789929214e-17
1.7167307332e-05
-1.71673073321e-05
3.53394964607e-17
1.7167307332e-05
-1.71673073319e-05
-3.53394964607e-17
-1.06018489382e-16
1.06018489382e-16
-1.06018489382e-16
1.06018489382e-16
-3.53394964607e-17
-0.00928141026343
1.71673073318e-05
7.06789929214e-17
-1.71673073319e-05
1.71673073318e-05
1.06018489382e-16
0.0
0.0092642429561
0.000100332773167
-0.125901061773
-0.0120435158429
0.00092642429561
8.83487411518e-18
1.7167307332e-05
-1.71673073318e-05
-8.83487411518e-18
-7.06789929214e-17
-8.83487411518e-17
0.337884107916
0.194641744508
0.444440069219
0.0119508734134
-0.00463212147805
-1.41357985843e-16
0.0
1.41357985843e-16
0.0
-1.7167307332e-05
1.71673073318e-05
-1.41357985843e-16
-1.71673073318e-05
1.71673073319e-05
0.0
-1.71673073318e-05
1.71673073319e-05
-9.26424295611e-05
0.0
0.0
-2.82715971686e-16
0.00928141026343
-1.71673073319e-05
9.26424295608e-05
1.7167307332e-05
-1.7167307332e-05
-1.41357985843e-16
1.71673073322e-05
-1.7167307332e-05
-0.0092642429561
0.0
0.0
0.0
1.41357985843e-16
0.0
-1.71673073318e-05
1.71673073318e-05
-0.000109809736893
0.000109809736893
-0.0196401950669
-0.0129699401385
-0.0392803901338
-0.0124140855612
-0.00092642429561
-0.025106098411
-0.0127846552794
-0.057405987168
-0.0127846552794
-0.0468770693578
-0.0120435158429
0.0149325984666
-0.0248281711223
-0.00778196408312
-0.00100189941784
-0.0185456532195
-0.0125993704203
-0.0351114808036
-0.012228800702
-0.0486372755195
-0.0118582309838
-0.00120435158429
-0.0434492994641
-0.00741139436488
-0.0444855334966
-0.007596679224
-0.0533448721198
-0.012228800702
-0.043264014605
-0.041781735732
-0.007596679224
-0.00493138749422
-1.7167307332e-05
-0.0388000106787
-0.0125067279907
-0.00501985850362
1.71673073318e-05
-1.71673073317e-05
1.71673073318e-05
0.0
-0.0841364933487
-0.0115803036951
0.00463212147805
-7.06789929214e-17
1.7167307332e-05
-1.71673073319e-05
0.0
1.7167307332e-05
-1.71673073319e-05
0.0
1.71673073319e-05
7.5475122229e-05
0.0
0.0
0.0
0.0
0.0
-0.0092642429561
-9.2642429561e-05
-1.71673073319e-05
1.71673073319e-05
1.76697482304e-17
-1.71673073318e-05
1.71673073319e-05
0.0092642429561
0.0
7.06789929214e-17
0.0
-7.06789929214e-17
0.0
1.71673073319e-05
7.5475122229e-05
0.0
1.7167307332e-05
-1.7167307332e-05
-0.000130019843993
0.301458465791
0.203442775316
0.426560080313
0.00731875193532
-0.00481740633717
0.0
0.0
-1.7167307332e-05
1.7167307332e-05
1.41357985843e-16
-1.71673073319e-05
1.7167307332e-05
-1.7167307332e-05
1.71673073319e-05
0.0
-1.71673073319e-05
-7.54751222291e-05
0.0
0.0
-1.41357985843e-16
0.0092642429561
1.71673073319e-05
-1.71673073319e-05
-1.41357985843e-16
0.000109809736893
-1.7167307332e-05
1.41357985843e-16
1.7167307332e-05
-1.71673073319e-05
0.0
-0.0092642429561
-1.41357985843e-16
1.41357985843e-16
-1.71673073322e-05
1.71673073319e-05
1.41357985843e-16
-1.71673073319e-05
-1.41357985843e-16
-7.5475122229e-05
-1.7167307332e-05
1.7167307332e-05
0.0
-1.41357985843e-16
0.0
0.0
0.00937405269299
-1.71673073319e-05
-1.41357985843e-16
1.71673073318e-05
-1.71673073318e-05
1.71673073319e-05
0.0
-1.71673073318e-05
1.71673073319e-05
-1.71673073319e-05
-0.0314057836212
-0.0125067279907
-0.0155056203513
-0.0704082464663
-0.00694818221707
-1.41357985843e-16
-0.0535301569789
-0.0123214431316
-0.000353402410912
-1.71673073319e-05
-0.0700205094407
-0.0125067279907
-0.000387737025575
-1.41357985843e-16
1.41357985843e-16
-0.0428008024572
-0.0119508734134
-0.000926424295609
-0.0762447195287
-0.0117655885542
-0.038817177986
-0.0121361582725
-0.000202452166454
-0.0856016049143
-0.0115803036951
-0.0820640252837
-0.0116729461247
-0.000277927288683
-1.71673073319e-05
1.71673073319e-05
-1.71673073319e-05
-3.53394964607e-17
-0.0982936177642
-0.00741139436488
-0.00491004876673
0.000109809736893
-1.71673073319e-05
1.7167307332e-05
0.0
-1.7167307332e-05
1.7167307332e-05
0.0092642429561
-7.06789929214e-17
7.06789929214e-17
3.53394964607e-17
3.53394964607e-17
0.0
3.53394964607e-17
0.0
1.71673073319e-05
-0.000109809736893
0.0
1.71673073318e-05
-1.71673073318e-05
9.26424295609e-05
-3.53394964607e-17
3.53394964607e-17
0.0
0.0
-0.00463212147805
-7.06789929214e-17
-1.71673073319e-05
1.7167307332e-05
-1.7167307332e-05
1.71673073321e-05
-7.06789929214e-17
0.0092642429561
7.06789929214e-17
-3.53394964607e-17
-1.06018489382e-16
0.0
7.06789929214e-17
-9.26424295611e-05
0.000109809736893
0.310369306337
0.198903296267
0.477142846854
0.0119508734134
-0.00518797605541
0.0
1.41357985843e-16
-1.41357985843e-16
9.2642429561e-05
0.0
1.41357985843e-16
-0.000109809736893
1.7167307332e-05
-1.41357985843e-16
0.0
0.0
0.0
0.0
0.0
0.0
0.0
0.00928141026343
-1.7167307332e-05
0.0
1.7167307332e-05
-1.7167307332e-05
0.0
0.0
-0.0092642429561
0.0
9.2642429561e-05
-9.2642429561e-05
0.0
1.41357985843e-16
0.0
0.0
-1.71673073319e-05
1.71673073319e-05
0.0
-1.7167307332e-05
-0.0287191531639
-0.0080598913718
0.00325965234197
-0.047896136083
-0.012228800702
-0.00111170915473
-1.71673073322e-05
-0.0432468472976
-0.0124140855612
-0.00566835551055
1.7167307332e-05
-0.0379079209978
-0.0121361582725
-0.051694475695
-0.00768932165356
-0.000909256988277
-0.0427081600276
-0.00750403679444
-0.00196265832811
0.0
-0.0340924140784
-0.0134331522863
-0.00528061848497
1.71673073319e-05
-0.0451168631962
-0.00731875193532
0.00324248503463
-1.41357985843e-16
-0.0381686809791
-0.0131552249977
-0.0398534120185
-0.0125993704203
-0.0628870423646
-0.0117655885542
0.00352041232332
-0.0700376767481
-0.0124140855612
-0.0655908401292
-0.00741139436488
-0.00501985850362
9.26424295608e-05
-0.000277927288683
-0.0453021480553
-0.0119508734134
-0.000816614558717
7.54751222288e-05
1.71673073321e-05
-1.71673073321e-05
0.0
1.71673073321e-05
-1.71673073322e-05
3.53394964607e-17
1.76697482304e-16
0.0
-1.41357985843e-16
1.06018489382e-16
-0.0092642429561
0.0
-1.7167307332e-05
1.7167307332e-05
0.0
-1.7167307332e-05
1.71673073321e-05
-9.26424295611e-05
0.00470759660028
7.06789929214e-17
0.0
-7.06789929214e-17
7.06789929214e-17
-0.0885661626603
-0.00676289735795
-0.000463212147805
-3.53394964607e-17
-3.53394964607e-17
3.53394964607e-17
0.0
0.0
0.0
9.26424295609e-05
0.398379614419
0.190229242503
0.398640374401
0.0117655885542
-0.00537326091454
0.0
1.41357985843e-16
0.0
0.0
-1.71673073319e-05
1.71673073319e-05
0.0
-1.71673073319e-05
1.71673073319e-05
0.0
9.2642429561e-05
-2.82715971686e-16
0.0
-1.41357985843e-16
-2.82715971686e-16
-9.2642429561e-05
0.00928141026343
-1.7167307332e-05
0.0
1.7167307332e-05
-1.7167307332e-05
0.0
1.7167307332e-05
-0.00928141026343
0.0
1.41357985843e-16
0.0
-1.41357985843e-16
0.0
-1.71673073319e-05
1.71673073319e-05
7.5475122229e-05
1.71673073319e-05
0.0
-1.71673073319e-05
1.7167307332e-05
-9.26424295611e-05
-0.0158418554549
-0.0134331522863
-0.0250134559815
-0.00704082464663
-0.0614426526618
-0.00676289735795
-0.00511250093318
1.71673073319e-05
-0.0323493752241
-0.007596679224
-0.0655908401292
-0.0126920128499
0.003798339612
0.0
1.7167307332e-05
-0.0378907536904
-0.00768932165356
-0.0010362340325
-0.0294602926004
-0.00778196408312
-0.00101906672517
-0.0332586322124
-0.0135257947159
-0.0340924140784
-0.0123214431316
-0.0396509598521
-0.0130625825681
-0.0577334009238
-0.0123214431316
-7.54751222292e-05
-0.0620704278058
-0.0320542806281
-0.007596679224
-0.0390951052747
-0.0124140855612
-0.000926424295609
-0.067478023335
-0.0121361582725
-0.00528061848497
1.71673073321e-05
-1.7167307332e-05
1.71673073318e-05
0.0
-1.71673073319e-05
0.0115219958802
-1.7167307332e-05
1.71673073319e-05
-1.71673073319e-05
0.0
1.7167307332e-05
-1.71673073319e-05
-9.26424295609e-05
9.2642429561e-05
1.41357985843e-16
-0.0565118820322
-0.00694818221707
-0.00509533362585
1.71673073318e-05
-1.71673073319e-05
1.7167307332e-05
0.0092642429561
0.0
1.59027734073e-16
-8.83487411518e-17
0.0
7.06789929214e-17
0.0
-0.0243477916672
-0.0125067279907
-0.00075830674382
1.59027734073e-16
-1.59027734073e-16
1.59027734073e-16
-7.06789929214e-17
0.477588891694
0.231733050947
0.226325455417
0.012228800702
-0.00537326091454
-1.41357985843e-16
1.41357985843e-16
-1.41357985843e-16
-1.41357985843e-16
-0.000109809736893
1.71673073318e-05
9.26424295611e-05
0.0
-1.71673073319e-05
1.71673073319e-05
-1.7167307332e-05
1.71673073319e-05
1.41357985843e-16
0.0
0.0
0.0092642429561
0.0
1.7167307332e-05
-1.71673073322e-05
1.71673073322e-05
-1.71673073322e-05
-1.41357985843e-16
1.7167307332e-05
-1.71673073319e-05
-0.0092642429561
0.0
-9.26424295608e-05
-1.41357985843e-16
-1.71673073318e-05
0.000109809736893
-1.41357985843e-16
0.0
-1.7167307332e-05
1.71673073319e-05
-1.71673073319e-05
1.71673073322e-05
-1.41357985843e-16
9.2642429561e-05
0.00463212147805
-0.000555854577366
-0.0240870316858
-0.00824517623092
-0.052638067298
-0.00713346707619
-0.00148227887298
-0.041781735732
-0.0120435158429
-0.0386318931269
-0.0124140855612
-0.0290725555748
-0.0117655885542
-0.0577334009238
-0.00843046109005
-0.00129699401385
-0.0286265107343
-0.00768932165356
-0.0339997716489
-0.0129699401385
-0.0585500154825
-0.00741139436488
-0.0433749206858
-0.0125993704203
-0.0533620394271
-0.0328880624941
-0.012228800702
-0.052233162965
-0.00694818221707
-0.00148227887298
-1.7167307332e-05
1.71673073319e-05
-1.71673073319e-05
0.0
-0.0844898957596
-0.007596679224
-0.00509533362585
1.7167307332e-05
7.06789929214e-17
-1.7167307332e-05
1.71673073319e-05
0.0092642429561
-9.26424295609e-05
1.06018489382e-16
0.0
-7.06789929214e-17
1.06018489382e-16
0.000109809736893
-1.7167307332e-05
-7.06789929214e-17
1.7167307332e-05
-1.7167307332e-05
0.0
1.71673073321e-05
-1.71673073321e-05
0.0
0.0
0.0
1.76697482304e-16
-0.00928141026343
-7.54751222289e-05
0.0
-1.7167307332e-05
1.7167307332e-05
0.0
-0.0518042854319
-0.0121361582725
0.0145620287484
9.26424295609e-05
0.0
-9.26424295609e-05
0.0
1.7167307332e-05
-1.7167307332e-05
0.0
9.2642429561e-05
0.245334320785
0.175464761588
0.115154539944
0.152801700961
0.254674038863
0.0117655885542
-0.00492277374217
1.41357985843e-16
0.0
0.0
-9.2642429561e-05
7.5475122229e-05
1.71673073319e-05
1.41357985843e-16
-1.71673073319e-05
1.7167307332e-05
0.0
0.0
0.0
-1.41357985843e-16
1.41357985843e-16
0.0
0.0092642429561
1.71673073318e-05
-1.71673073318e-05
1.41357985843e-16
1.71673073319e-05
-1.71673073322e-05
1.41357985843e-16
1.71673073319e-05
-1.71673073322e-05
-0.00463212147805
0.0
-9.2642429561e-05
0.0
7.54751222291e-05
1.71673073318e-05
1.41357985843e-16
-1.41357985843e-16
-1.7167307332e-05
1.71673073322e-05
-1.7167307332e-05
1.71673073319e-05
1.41357985843e-16
0.0
9.26424295608e-05
0.00416890933024
-0.0290897228821
-0.0123214431316
-0.0455856472286
-0.0125993704203
-0.0156737379031
-0.0291823653117
-0.007596679224
-0.0408553114364
-0.0130625825681
-0.0429860873163
-0.012877297709
-0.000909256988278
-0.0237336292749
-0.0121361582725
-0.000833781866048
-0.0391877477043
-0.0120435158429
-0.0618851429467
-0.0124140855612
-0.0399288871408
-0.00796724894224
-0.0303112417738
-0.0121361582725
-0.0306474768773
-0.0467844269283
-0.0279025386052
-0.0119508734134
0.00446400392626
-1.71673073318e-05
1.71673073319e-05
-0.0887514475194
-0.0120435158429
-0.000109809736893
3.53394964607e-17
-0.00928141026343
1.7167307332e-05
7.06789929214e-17
-0.000109809736893
1.71673073319e-05
1.41357985843e-16
-1.7167307332e-05
1.71673073319e-05
0.0
-1.71673073319e-05
-0.05751378145
-0.0118582309838
-0.000538687270034
-1.71673073318e-05
-1.59027734073e-16
0.000109809736893
-1.71673073322e-05
0.0
1.59027734073e-16
-1.76697482304e-16
1.94367230534e-16
-3.53394964607e-17
0.0
0.0
-0.00463212147805
0.0
-1.7167307332e-05
1.71673073319e-05
8.83487411518e-17
-1.7167307332e-05
0.00928141026343
0.000185284859122
-7.5475122229e-05
-1.7167307332e-05
1.71673073321e-05
0.0
-1.71673073321e-05
-0.135906444166
-0.0123214431316
0.217819519205
0.236145552951
0.222376165561
0.29117515611
0.0119508734134
-0.00555854577366
0.0
0.0
1.41357985843e-16
0.0
-1.7167307332e-05
1.7167307332e-05
0.0
1.41357985843e-16
0.0
-9.26424295608e-05
-1.71673073319e-05
1.71673073319e-05
9.26424295608e-05
-1.41357985843e-16
-1.41357985843e-16
0.0
0.00464928878538
-1.71673073319e-05
0.0
1.71673073319e-05
-1.7167307332e-05
1.41357985843e-16
-1.41357985843e-16
0.0
-0.0092642429561
0.0
0.0
1.41357985843e-16
-0.000109809736893
1.7167307332e-05
0.0
-1.71673073322e-05
1.71673073318e-05
9.2642429561e-05
-1.71673073319e-05
1.71673073318e-05
-9.26424295608e-05
-0.028904438023
-0.00750403679444
-0.0352967656627
-0.007596679224
-0.000555854577366
-0.0314984260507
-0.0122459680094
-0.0577334009238
-0.0080598913718
-0.0302014320369
-0.00796724894224
-0.0231434400829
-0.00833781866049
-0.000555854577366
-0.0281461312792
-0.0116729461247
-0.0302185993442
-0.0129699401385
-0.00129699401385
-0.0092642429561
-0.0202132169516
-0.0123214431316
-0.0291651980044
-0.0119508734134
-0.000926424295609
-0.0762447195287
-0.0114876612656
9.26424295612e-05
7.06789929214e-17
-0.043264014605
-0.0124140855612
-0.0711493859028
-0.028070656157
-0.0119508734134
0.00370569718244
-1.71673073319e-05
-0.060478339196
-0.0119508734134
-0.00576099794011
1.71673073319e-05
-1.71673073319e-05
1.7167307332e-05
-0.0659785771547
-0.00731875193532
0.00389098204156
-8.83487411518e-17
0.0
8.83487411518e-17
1.76697482304e-17
1.71673073319e-05
-1.71673073319e-05
1.76697482304e-17
-7.54751222291e-05
1.76697482304e-17
7.54751222292e-05
1.76697482304e-17
-1.23688237612e-16
1.41357985843e-16
-7.06789929214e-17
-8.83487411518e-17
0.0
-0.00928141026343
1.71673073318e-05
7.06789929214e-17
-1.71673073319e-05
1.71673073318e-05
1.41357985843e-16
0.00463212147805
-8.83487411518e-17
8.83487411518e-17
0.0
-8.83487411518e-17
0.0
-7.5475122229e-05
-1.71673073319e-05
1.76697482304e-17
0.000109809736893
-1.7167307332e-05
0.0
0.0
-1.76697482304e-17
-1.76697482304e-17
-1.76697482304e-17
-0.131089037829
-0.0117655885542
-0.000463212147805
-8.22747651976e-17
-9.26424295609e-05
0.000277927288683
0.250151727122
0.190194907889
0.143166888286
0.13933421406
0.171295852258
0.0557707425957
0.00722610950575
-0.00453947904849
0.0
9.2642429561e-05
-9.26424295607e-05
0.0
-1.7167307332e-05
1.71673073318e-05
1.41357985843e-16
-1.7167307332e-05
1.71673073319e-05
1.41357985843e-16
-1.7167307332e-05
1.71673073319e-05
1.41357985843e-16
2.82715971686e-16
0.0
0.0092642429561
1.71673073319e-05
-1.7167307332e-05
0.0
1.7167307332e-05
-1.71673073322e-05
0.0
1.41357985843e-16
9.2642429561e-05
-0.00935688538566
-1.41357985843e-16
0.0
1.41357985843e-16
0.0
-1.7167307332e-05
1.7167307332e-05
-1.7167307332e-05
1.71673073319e-05
0.0
-1.71673073319e-05
1.71673073319e-05
0.0
0.0
-2.82715971686e-16
0.0
1.41357985843e-16
0.00461495417072
-1.41357985843e-16
1.7167307332e-05
-9.26424295608e-05
7.5475122229e-05
-0.0289799131452
-0.0125993704203
-0.00574383063278
-0.038278490716
-0.012228800702
-0.0704082464663
-0.00741139436488
-0.028070656157
-0.00787460651268
-0.0010945418474
-0.0428008024572
-0.0127846552794
-0.00131416132119
-0.0338144867897
-0.0125067279907
-0.0542884637227
-0.0121361582725
-0.000370569718244
-0.0342776989376
-0.0121361582725
-0.000463212147805
-0.0437443940601
-0.0121361582725
-0.0814326955841
-0.0119508734134
-0.059829842189
-0.0369643293948
-0.00778196408312
-0.000648497006927
-0.0477108512239
-0.012228800702
-0.00131416132119
-0.0092642429561
-1.71673073319e-05
0.000277927288683
-9.26424295609e-05
0.00928141026343
0.0
0.0
7.06789929214e-17
-9.2642429561e-05
1.7167307332e-05
-1.71673073319e-05
-7.06789929214e-17
1.7167307332e-05
-1.7167307332e-05
1.71673073318e-05
9.26424295611e-05
-0.051989570291
-0.0273295167205
-0.012228800702
-0.000277927288683
-0.00472476390761
-1.7167307332e-05
1.71673073319e-05
8.83487411518e-17
7.5475122229e-05
0.00928141026343
0.0
8.83487411518e-17
-8.83487411518e-17
8.83487411518e-17
0.0
-8.83487411518e-17
0.0
1.7167307332e-05
-9.26424295609e-05
-8.83487411518e-17
0.329361004397
0.171573779547
0.189910011083
0.268107191149
0.0120435158429
-0.00528061848497
1.41357985843e-16
0.0
0.0
0.0
-1.71673073319e-05
1.71673073319e-05
1.41357985843e-16
-0.000109809736893
1.71673073318e-05
0.0
-1.71673073319e-05
1.71673073319e-05
0.0
-1.41357985843e-16
9.2642429561e-05
0.0092642429561
1.71673073319e-05
-1.71673073322e-05
1.7167307332e-05
0.0
-1.71673073322e-05
-1.41357985843e-16
1.41357985843e-16
0.0
-0.00463212147805
-1.41357985843e-16
0.0
1.41357985843e-16
-1.7167307332e-05
1.71673073319e-05
0.0
-0.000109809736893
1.71673073319e-05
0.0
-1.7167307332e-05
1.71673073319e-05
0.0
-1.41357985843e-16
-1.41357985843e-16
9.26424295611e-05
-1.41357985843e-16
0.00918876783387
-0.022144460435
-0.0133405098568
-0.025106098411
-0.0125993704203
-0.0438370364897
-0.0125067279907
-0.0431713721754
-0.00741139436488
-0.0247355286928
-0.0117655885542
-0.0151761911407
-0.0120435158429
-0.00174303885433
-0.0437443940601
-0.00787460651268
-0.0492857725264
-0.00741139436488
-0.00231606073902
-0.0235311771085
-0.012228800702
-0.0345556262262
-0.007596679224
-0.0436517516305
-0.00750403679444
-0.0717052404802
-0.007596679224
-0.00146511156564
0.0092642429561
1.7167307332e-05
-0.0707788161846
-0.0599396519259
-0.00731875193532
-9.26424295606e-05
-0.000109809736893
9.2642429561e-05
-7.06789929214e-17
-0.0092642429561
-1.7167307332e-05
-0.0885661626603
-0.0125067279907
-9.2642429561e-05
0.00928141026343
-1.41357985843e-16
0.0
1.76697482304e-16
3.53394964607e-17
-1.76697482304e-16
2.47376475225e-16
9.26424295608e-05
-7.5475122229e-05
-1.71673073319e-05
-3.53394964607e-17
1.71673073319e-05
-1.71673073319e-05
3.53394964607e-17
-1.41357985843e-16
1.76697482304e-16
3.53394964607e-17
0.0
0.0
-0.00463212147805
1.7167307332e-05
0.0
-7.06789929214e-17
3.53394964607e-17
-1.71673073321e-05
1.7167307332e-05
0.0092642429561
-7.06789929214e-17
0.0
-9.2642429561e-05
1.06018489382e-16
0.0
-7.06789929214e-17
1.06018489382e-16
1.7167307332e-05
-1.71673073321e-05
1.41357985843e-16
1.71673073321e-05
-1.71673073321e-05
1.41357985843e-16
-7.06789929214e-17
9.26424295609e-05
0.134719259889
0.120157231141
0.175742688877
0.181613496554
0.319140361724
0.0653129128405
0.0123214431316
-0.00491004876673
-1.41357985843e-16
0.0
-1.41357985843e-16
1.41357985843e-16
-1.71673073319e-05
1.71673073319e-05
0.0
1.41357985843e-16
-1.71673073319e-05
-0.0233458922494
-0.00815253380136
-0.00100189941784
0.00461495417072
1.71673073319e-05
-1.71673073319e-05
0.0
0.0
1.71673073319e-05
-0.000109809736893
0.0
-0.00452231174115
1.41357985843e-16
-1.41357985843e-16
-1.41357985843e-16
0.0
-1.71673073319e-05
1.71673073319e-05
1.41357985843e-16
-1.7167307332e-05
1.71673073319e-05
-1.71673073319e-05
0.0
-0.000277927288683
-0.0245330765263
-0.007596679224
-0.035018838374
-0.00722610950575
-0.00523567730822
-0.0587696349563
-0.0127846552794
-0.052638067298
-0.0124140855612
-0.0241796741154
-0.0125067279907
-0.0402012680671
-0.00752120410177
-0.0293676501708
-0.0121361582725
-0.039465674993
-0.00750403679444
-0.000555854577366
-0.0289970804526
-0.00843046109005
-0.0354820505218
-0.0119508734134
-0.0394828423003
-0.00778196408312
-0.04908332036
-0.00815253380136
-0.0549369607296
-0.0123214431316
-0.0709641010437
-0.0125993704203
-0.000555854577366
-0.0801528688776
-0.0121361582725
1.06018489382e-16
1.71673073319e-05
-1.71673073318e-05
0.00463212147805
-8.83487411518e-17
7.06789929214e-17
-1.76697482304e-16
7.06789929214e-17
-7.5475122229e-05
-1.7167307332e-05
-1.76697482304e-17
1.71673073318e-05
-1.71673073318e-05
0.0
1.71673073318e-05
-1.71673073318e-05
9.26424295611e-05
-1.41357985843e-16
1.23688237612e-16
-7.06789929214e-17
8.83487411518e-17
-0.0092642429561
-1.71673073319e-05
1.71673073318e-05
7.06789929214e-17
0.0
-0.000109809736893
1.71673073318e-05
0.0092642429561
-7.06789929214e-17
0.0
8.83487411518e-17
0.0
-8.83487411518e-17
0.0
0.000480379455137
0.13027242327
0.124604067759
0.0927350719905
0.125345207196
0.0969966237503
0.134087930189
0.185006931833
0.139148929201
0.0116729461247
-0.00528061848497
0.0
-1.41357985843e-16
-0.000109809736893
1.71673073319e-05
-1.71673073319e-05
1.71673073318e-05
-1.41357985843e-16
0.0
0.0
1.41357985843e-16
-2.82715971686e-16
1.41357985843e-16
0.0092642429561
0.0
1.71673073319e-05
-1.71673073319e-05
0.0
0.0
-0.0092642429561
-0.0192696253487
-0.0131552249977
-0.00122151889162
1.71673073319e-05
-0.0474500912425
-0.007596679224
-0.00137246913608
-1.41357985843e-16
4.24073957528e-16
0.0092642429561
-0.033889961912
-0.00815253380136
-0.000648497006927
-0.0564192396026
-0.0116729461247
-0.0054447932383
1.7167307332e-05
-1.7167307332e-05
-0.0371496142539
-0.0132478674272
0.00342776989376
-9.26424295611e-05
-0.0461359299214
-0.0117655885542
-0.000260759981351
-1.71673073319e-05
-0.0287019858566
-0.00778196408312
-0.000943591602941
-0.0428934448867
-0.007596679224
-0.0488225603786
-0.0131552249977
-0.000727210417633
-0.0390024628452
-0.00731875193532
-0.000833781866048
-0.0528988272793
-0.012228800702
-0.000648497006927
-0.0362231899583
-0.0119508734134
-0.0389098204156
-0.00713346707619
-0.000833781866049
-0.0690186100229
-0.0118582309838
-0.070147486485
-0.00713346707619
-0.000555854577366
1.7167307332e-05
7.5475122229e-05
0.0158761900696
-1.71673073319e-05
1.7167307332e-05
-1.71673073318e-05
0.0
1.71673073318e-05
-1.71673073318e-05
0.0
9.26424295608e-05
-7.06789929214e-17
1.76697482304e-16
-0.0545663910114
-0.00731875193532
-0.00537326091454
1.7167307332e-05
-1.71673073319e-05
1.7167307332e-05
0.0092642429561
7.06789929214e-17
0.0
-7.06789929214e-17
0.0
1.7167307332e-05
-1.7167307332e-05
9.26424295609e-05
1.71673073319e-05
-1.7167307332e-05
0.0
1.41357985843e-16
-1.41357985843e-16
-9.26424295608e-05
7.06789929214e-17
0.0
-7.06789929214e-17
0.0
0.129809211122
0.209093963519
0.217894994327
0.180779714688
0.1899169806
0.007596679224
-0.00509533362585
1.41357985843e-16
-9.26424295611e-05
1.41357985843e-16
0.0
0.0
-1.71673073319e-05
1.7167307332e-05
-1.41357985843e-16
-1.71673073319e-05
1.7167307332e-05
-1.41357985843e-16
-1.71673073319e-05
1.7167307332e-05
-1.41357985843e-16
0.00928141026343
-1.71673073318e-05
0.000109809736893
-1.71673073319e-05
0.0
1.71673073319e-05
-1.7167307332e-05
1.41357985843e-16
-7.5475122229e-05
-1.7167307332e-05
-1.41357985843e-16
-0.0092642429561
0.0
1.41357985843e-16
-1.41357985843e-16
-1.71673073318e-05
1.71673073322e-05
0.0
-1.7167307332e-05
1.71673073322e-05
0.0
-1.71673073322e-05
1.7167307332e-05
1.41357985843e-16
0.0
-1.41357985843e-16
0.00463212147805
-1.41357985843e-16
1.41357985843e-16
1.71673073319e-05
-1.71673073322e-05
-9.26424295608e-05
1.71673073319e-05
-1.71673073323e-05
0.0
1.41357985843e-16
-0.0092642429561
-0.024272316545
-0.00750403679444
-0.0392975574412
-0.0123214431316
-0.0527135424202
-0.0120435158429
-0.0574383063278
-0.00815253380136
-0.000723972129155
-1.71673073316e-05
1.71673073318e-05
-1.71673073319e-05
-0.0520650454133
-0.0124140855612
-0.00101906672517
-0.0717052404802
-0.0117655885542
0.000185284859122
-0.0296455774595
-0.0121361582725
-0.0862501019212
-0.0119508734134
-0.000480379455137
1.71673073318e-05
-0.108038240175
-0.0120435158429
0.00446400392626
-1.71673073319e-05
1.71673073319e-05
-0.0568824517504
-0.0123214431316
-0.000109809736893
7.06789929214e-17
-7.06789929214e-17
-0.0092642429561
7.06789929214e-17
-1.7167307332e-05
1.71673073319e-05
7.06789929214e-17
-1.7167307332e-05
1.71673073319e-05
-0.0567143341986
-0.0120435158429
0.00370569718244
-9.2642429561e-05
0.000109809736893
-1.7167307332e-05
1.7167307332e-05
3.53394964607e-17
-1.71673073319e-05
0.0
1.7167307332e-05
-1.7167307332e-05
0.0
3.53394964607e-17
-3.53394964607e-17
0.0
0.0
-0.00928141026343
-0.0261251651362
-0.00692649074111
-0.00101906672517
-8.83487411518e-17
1.7167307332e-05
-1.7167307332e-05
-7.5475122229e-05
0.195122123963
0.194734386937
0.167126942928
0.351982924517
0.0511768879287
0.00760737619734
-0.00565118820322
1.41357985843e-16
0.0
-1.7167307332e-05
1.71673073319e-05
-1.7167307332e-05
1.71673073319e-05
0.0
-1.71673073319e-05
9.2642429561e-05
1.71673073319e-05
-1.71673073319e-05
1.71673073319e-05
0.0
0.0
0.0
0.00463212147805
-7.5475122229e-05
-1.71673073322e-05
0.0
1.7167307332e-05
-1.7167307332e-05
0.0
1.7167307332e-05
-1.71673073319e-05
-0.0092642429561
0.0
-1.41357985843e-16
1.41357985843e-16
-1.7167307332e-05
1.71673073319e-05
-1.41357985843e-16
-1.7167307332e-05
1.71673073319e-05
0.000538687270034
-0.00016811755179
-0.000185284859122
0.00741139436488
-0.024272316545
-0.00796724894224
-0.043264014605
-0.007596679224
-0.00576099794011
-0.0427081600276
-0.00768932165356
-0.0423375903094
-0.00833781866049
-0.0343703413671
-0.0120435158429
-0.000463212147805
-0.0289799131452
-0.0120435158429
-0.00122151889162
0.0
-0.0253840256997
-0.0080598913718
-0.0420596630207
-0.0130625825681
-0.0905116536811
-0.00694818221707
-0.00129699401385
0.0
-1.7167307332e-05
-7.54751222291e-05
-0.0661638620139
-0.00778196408312
-0.000723972129156
-0.0753182952331
-0.0324248503463
-0.00713346707619
0.0153958106145
-0.0695744646003
-0.00768932165356
0.00016811755179
-0.00472476390761
1.71673073319e-05
-0.0478206609608
-0.0121361582725
0.00305720017551
-1.06018489382e-16
1.06018489382e-16
-7.06789929214e-17
0.0
-7.5475122229e-05
-1.7167307332e-05
1.76697482304e-16
0.000109809736893
-1.7167307332e-05
1.71673073321e-05
-1.7167307332e-05
-7.06789929214e-17
0.0
7.06789929214e-17
-1.06018489382e-16
-0.0092642429561
-1.71673073319e-05
1.71673073319e-05
0.0
0.0
0.0
-1.71673073319e-05
1.71673073319e-05
0.00917160052653
-1.76697482304e-16
7.06789929214e-17
9.2642429561e-05
0.0
-7.06789929214e-17
-3.53394964607e-17
1.71673073321e-05
-1.41357985843e-16
-0.0845825381892
-0.0125067279907
0.120544968166
0.129514116526
0.115722051425
0.13924157163
0.166883350254
0.258657663334
0.012228800702
-0.00472476390761
0.0
0.0
1.41357985843e-16
0.0
-1.71673073318e-05
1.71673073322e-05
0.0
-1.71673073322e-05
1.71673073322e-05
0.0
-1.71673073322e-05
1.7167307332e-05
1.41357985843e-16
-1.41357985843e-16
0.0
0.0092642429561
1.71673073318e-05
-1.71673073319e-05
0.0
1.71673073319e-05
-1.71673073319e-05
0.0
-7.5475122229e-05
7.54751222291e-05
-0.0092642429561
0.0
0.0
-1.41357985843e-16
-1.7167307332e-05
1.71673073322e-05
0.0
-1.71673073322e-05
1.7167307332e-05
2.82715971686e-16
-1.71673073319e-05
1.71673073319e-05
1.41357985843e-16
-1.41357985843e-16
1.41357985843e-16
0.00463212147805
-0.000185284859122
0.000370569718244
-0.0231606073902
-0.0126920128499
-0.0346654359631
-0.012877297709
-0.000277927288683
-0.0199181223556
-0.0127846552794
-0.0333512746419
-0.00815253380136
-0.0217709709468
-0.0133405098568
-0.0257545954179
-0.0131552249977
-0.000926424295609
0.000202452166454
-0.0293676501708
-0.00824517623092
-0.00085094917338
-0.0201960496443
-0.0129699401385
-0.0397436022816
-0.0132478674272
-0.0348335535149
-0.0132478674272
-0.0535473242862
-0.0080598913718
-0.000185284859122
-0.0200279320925
-0.0130625825681
-0.047896136083
-0.0121361582725
-0.000538687270034
-0.03798339612
-0.0344629837967
-0.0282559410161
-0.00731875193532
-0.028904438023
-0.0121361582725
-0.00085094917338
-0.00463212147805
1.7167307332e-05
-1.7167307332e-05
1.7167307332e-05
-0.0243821262819
-0.00852310351961
0.00427871906714
9.2642429561e-05
-0.043264014605
-0.0126920128499
-0.000850949173381
3.53394964607e-17
-8.83487411518e-17
8.83487411518e-17
-0.0092642429561
7.54751222291e-05
1.7167307332e-05
0.0
-1.7167307332e-05
1.71673073321e-05
-1.06018489382e-16
0.00463212147805
0.0
0.0
0.0
0.0
1.76697482304e-17
0.134811902319
0.236145552951
0.176020616166
0.282037890198
0.134238880434
0.00722610950575
-0.00500269119629
1.41357985843e-16
-1.41357985843e-16
1.41357985843e-16
-1.41357985843e-16
-1.7167307332e-05
-7.5475122229e-05
-1.41357985843e-16
-1.7167307332e-05
1.71673073322e-05
0.0
-1.41357985843e-16
0.0
1.41357985843e-16
0.0
-1.41357985843e-16
2.82715971686e-16
0.0092642429561
0.000109809736893
-1.71673073319e-05
-1.41357985843e-16
0.0
1.41357985843e-16
-1.41357985843e-16
-1.41357985843e-16
-0.0092642429561
1.41357985843e-16
-9.26424295611e-05
0.0
-1.71673073318e-05
1.71673073319e-05
0.0
0.0
-1.7167307332e-05
1.7167307332e-05
0.0
7.54751222288e-05
0.000202452166454
9.2642429561e-05
-0.0197328374965
-0.0125067279907
-0.0381686809791
-0.00741139436488
-0.0352212905405
-0.00796724894224
-0.0329807049237
-0.0121361582725
-0.0164903524618
-0.01288036286
-0.0250134559815
-0.00750403679444
-0.0295357677226
-0.00852310351961
-0.0302185993442
-0.0120435158429
-0.0487299179491
-0.00722610950575
-0.00583647306234
-0.00757951191667
-0.0123214431316
-0.0492857725264
-0.00768932165356
-0.0394828423003
-0.0123214431316
-0.0484519906604
-0.0125067279907
-0.0627017575054
-0.00741139436488
-0.0533620394271
-0.0117655885542
-0.000665664314259
-0.0467844269283
-0.0121361582725
-0.00537326091454
1.71673073319e-05
-1.71673073319e-05
1.71673073319e-05
0.0
-1.7167307332e-05
0.00928141026343
-7.06789929214e-17
0.0
1.41357985843e-16
-1.41357985843e-16
1.7167307332e-05
-1.71673073318e-05
3.53394964607e-17
-7.54751222291e-05
-1.7167307332e-05
1.76697482304e-16
-1.76697482304e-16
0.0
9.26424295611e-05
-1.06018489382e-16
1.06018489382e-16
-1.41357985843e-16
-0.00928141026343
1.71673073318e-05
0.0
-0.0378152785682
-0.0121361582725
0.00416890933024
-7.06789929214e-17
7.06789929214e-17
0.0
-7.06789929214e-17
1.71673073319e-05
-1.71673073318e-05
-1.76697482304e-16
1.7167307332e-05
1.41357985843e-16
0.120915537884
0.111263557903
0.13081111054
0.116173606669
0.0931982841383
0.204032964508
0.181208592221
0.0120435158429
-0.00509533362585
0.0
0.0
0.0
1.41357985843e-16
-1.71673073319e-05
1.7167307332e-05
-4.24073957528e-16
2.82715971686e-16
-9.2642429561e-05
-1.7167307332e-05
1.7167307332e-05
0.0
0.0
0.0
0.0
0.00463212147805
0.000109809736893
-1.7167307332e-05
0.0
-1.41357985843e-16
-1.41357985843e-16
1.7167307332e-05
-1.7167307332e-05
-1.41357985843e-16
-0.0092642429561
-1.41357985843e-16
0.0
1.41357985843e-16
-1.41357985843e-16
-9.2642429561e-05
0.0
0.0
0.0
-1.71673073319e-05
1.71673073319e-05
0.0
-1.71673073319e-05
1.71673073319e-05
0.0
0.0
-9.26424295611e-05
0.00491004876673
-0.0290897228821
-0.00768932165356
-0.0250134559815
-0.0121361582725
-0.0352212905405
-0.0125067279907
-0.0333512746419
-0.00861574594917
-0.044097796471
-0.0124140855612
-0.0206592617921
-0.00750403679444
-0.0207347369143
-0.0127846552794
-0.0288289629008
-0.00778196408312
-0.0261251651362
-0.00833781866049
-0.0593837973486
-0.00750403679444
-0.040299456859
-0.0118582309838
-0.039760769589
-0.00741139436488
-0.0667025492839
-0.0118015041763
-0.000816614558717
-0.047062354217
-0.0118582309838
-0.0573456638982
-0.00694818221707
-0.00075830674382
-0.0092642429561
-0.0240115565636
-0.0125993704203
-0.000463212147805
1.71673073318e-05
-1.71673073317e-05
0.00464928878538
1.06018489382e-16
-9.26424295611e-05
0.0
-7.06789929214e-17
7.06789929214e-17
1.7167307332e-05
-1.71673073321e-05
1.71673073321e-05
-0.0278853712978
-0.0125993704203
-0.0010362340325
0.0
8.83487411518e-17
-0.00461495417072
0.0
7.5475122229e-05
1.71673073319e-05
1.76697482304e-16
-1.71673073321e-05
1.71673073319e-05
0.0092642429561
3.53394964607e-17
-7.06789929214e-17
0.0
-9.26424295608e-05
1.71673073319e-05
-1.7167307332e-05
0.0
1.71673073319e-05
0.120915537884
0.147949960009
0.120435158429
0.0969966237503
0.0459506450622
0.0410405962955
0.0276417786238
0.0416890933024
0.0283485834457
0.0317763533394
0.0279780137274
0.0317763533394
0.0324248503463
0.0371496142539
0.0316837109098
0.0273295167205
0.0380760385496
0.0277000864387
0.0120435158429
-0.000926424295609
-0.00463212147805
0.0
-1.7167307332e-05
1.71673073319e-05
1.41357985843e-16
9.26424295608e-05
-1.71673073319e-05
1.71673073319e-05
1.41357985843e-16
-0.000109809736893
1.7167307332e-05
0.0
-2.82715971686e-16
2.82715971686e-16
0.00928141026343
-1.7167307332e-05
1.41357985843e-16
0.000202452166454
-0.0228826801016
-0.0121361582725
-0.00509533362585
-0.000295094596015
1.7167307332e-05
-0.000109809736893
1.7167307332e-05
0.0
-1.7167307332e-05
1.7167307332e-05
9.26424295608e-05
0.0
0.0
0.0092642429561
1.71673073318e-05
-1.71673073319e-05
1.41357985843e-16
1.71673073319e-05
9.26424295608e-05
-0.01899169806
-0.0118582309838
-0.0438370364897
-0.0124140855612
-0.0485446330899
-0.0126920128499
-0.0202886920738
-0.0132478674272
-0.0308327617365
-0.0119680407207
-0.0243477916672
-0.0080598913718
-0.0263276173026
-0.00741139436488
-0.0262178075658
-0.0123214431316
-0.0259398802771
-0.0126920128499
-0.0205715454445
-0.0126920128499
-0.0399288871408
-0.0323322079168
-0.00778196408312
-0.0249379808592
-0.0125993704203
-0.0357599778105
-0.0234385346789
-0.00768932165356
-0.0479716112052
-0.0181579161939
-0.0123214431316
-0.000277927288683
-0.0386318931269
-0.0126920128499
-0.00594628279923
1.7167307332e-05
-1.7167307332e-05
1.71673073321e-05
-0.00370569718244
-0.00344493720109
-7.54751222291e-05
0.0
-1.71673073319e-05
9.2642429561e-05
0.0159688324991
-1.7167307332e-05
1.7167307332e-05
9.26424295609e-05
-1.7167307332e-05
1.7167307332e-05
-1.71673073318e-05
-1.76697482304e-16
3.53394964607e-17
-9.26424295607e-05
-0.0559560274548
-0.00778196408312
-0.0054659033441
1.71673073319e-05
-1.71673073319e-05
-7.54751222289e-05
0.0092642429561
-7.06789929214e-17
1.06018489382e-16
-7.06789929214e-17
0.0
1.06018489382e-16
-7.06789929214e-17
0.0
1.71673073319e-05
-1.71673073318e-05
-7.54751222291e-05
-1.7167307332e-05
0.000185284859122
0.0281804658939
0.0740213012192
0.0276074440092
0.0273295167205
0.028070656157
0.0277000864387
0.0270515894318
0.0273295167205
0.181115949792
0.0324248503463
0.0323322079168
0.0275148015796
0.0231606073902
0.0321812576723
0.032702777635
0.0278853712978
0.0276074440092
0.0187137707713
0.022790037672
0.0647570582631
0.0180652737644
0.028070656157
0.0233458922494
0.0235311771085
0.0278853712978
0.0282559410161
0.0276074440092
0.00667025492839
-0.00185284859122
0.0
-9.2642429561e-05
-0.0166928046283
0.000168117551791
1.7167307332e-05
-1.71673073322e-05
1.71673073319e-05
-9.26424295608e-05
0.0
-1.41357985843e-16
0.0
0.0092642429561
0.000109809736893
-1.71673073319e-05
0.0
1.71673073319e-05
-1.71673073319e-05
-1.41357985843e-16
1.7167307332e-05
-1.7167307332e-05
-0.0092642429561
0.0
0.0
0.0
-1.71673073322e-05
1.7167307332e-05
1.41357985843e-16
-1.41357985843e-16
6.09886388952e-05
-0.000109809736893
1.71673073319e-05
0.00016811755179
0.000202452166454
-0.000555854577366
-0.0171388494688
-0.0119508734134
-0.0299235047482
-0.007596679224
-0.0391877477043
-0.0116729461247
-0.0290142477599
-0.0125993704203
-0.028070656157
-0.0126920128499
-0.0259398802771
-0.012228800702
-0.0283314161383
-0.00824517623092
-0.0195647199447
-0.0127846552794
-0.0218636133764
-0.00889367323785
-0.0262178075658
-0.0254766681293
-0.00843046109005
-0.068665207612
-0.0118582309838
-0.000555854577366
-0.020769071529
-0.00778196408312
-0.035018838374
-0.0322395654872
-0.00778196408312
-0.0736335641936
-0.00731875193532
-0.0333512746419
-0.0224194679538
-0.00796724894224
-0.00120435158429
-0.0190088653673
-0.0124140855612
-0.00565118820322
9.2642429561e-05
0.00453947904849
-7.06789929214e-17
1.06018489382e-16
0.0
-0.0377809439535
-0.00796724894224
-0.000741139436488
7.54751222291e-05
-5.30092446911e-17
-9.26424295609e-05
0.0
0.0
0.0
-0.0092642429561
-1.71673073319e-05
1.7167307332e-05
-1.06018489382e-16
-1.71673073319e-05
1.7167307332e-05
-1.7167307332e-05
0.0147473136075
0.0182505586235
0.0279780137274
0.023623819538
0.0324248503463
0.0601249367851
0.0226973952424
0.0270515894318
0.032702777635
0.0321469230577
0.0277927288683
0.0234385346789
0.032702777635
0.0188064132009
0.0277927288683
0.02742215915
0.0237164619676
0.0283485834457
0.028070656157
0.0277927288683
0.0368133791504
0.0092642429561
0.0277000864387
0.032702777635
0.0275148015796
0.0270515894318
0.0187137707713
0.0286265107343
0.0268663045727
0.0192696253487
0.0277000864387
0.0365937596766
0.0299235047482
0.0288117955935
0.0317038811993
0.0118582309838
-0.000277927288683
-0.000185284859122
-0.0113195437138
9.26424295611e-05
-0.000109809736893
1.71673073322e-05
-1.71673073319e-05
1.71673073319e-05
0.0
-9.26424295608e-05
0.0
0.0
0.0
9.26424295608e-05
0.0092642429561
1.7167307332e-05
-1.71673073319e-05
-1.41357985843e-16
1.7167307332e-05
-1.7167307332e-05
0.0
1.71673073319e-05
-1.71673073319e-05
-0.0092642429561
-0.000185284859122
-0.000202452166453
-0.000370569718244
0.000573021884698
0.000185284859122
-0.023623819538
-0.0121361582725
-0.0475255663648
-0.0114876612656
-0.00539042822187
-0.0241796741154
-0.012228800702
-0.039465674993
-0.00815253380136
-0.0241796741154
-0.00731875193532
-0.035372240785
-0.00796724894224
-0.0247526960001
-0.0129699401385
-0.0301087896073
-0.00843046109005
-0.0349261959445
-0.00768932165356
-0.00498552388896
-0.012228800702
-0.035018838374
-0.0126920128499
-0.0397436022816
-0.00685553978751
-0.026049690014
-0.0120435158429
-0.0581622784569
-0.00731875193532
-0.0435419418936
-0.0120435158429
-0.0338144867897
-0.012228800702
-0.00548307065143
0.000109809736893
-1.7167307332e-05
-0.0704082464663
-0.00750403679444
-0.00111170915473
0.00464928878538
7.06789929214e-17
-1.06018489382e-16
-3.53394964607e-17
1.71673073321e-05
0.0
-1.7167307332e-05
0.000109809736893
-1.71673073321e-05
0.0
1.71673073321e-05
-1.71673073321e-05
-3.53394964607e-17
7.06789929214e-17
7.06789929214e-17
-9.26424295611e-05
-9.2642429561e-05
-0.00481740633717
-0.0475255663648
-0.0120435158429
0.00389098204156
-9.26424295609e-05
0.0
-1.76697482304e-17
1.76697482304e-17
1.71673073319e-05
-1.7167307332e-05
1.71673073321e-05
-1.71673073321e-05
-0.000277927288683
0.0187137707713
0.0277927288683
0.0278853712978
0.0288117955935
0.0185284859122
0.0184358434826
0.0285338683048
0.0233458922494
0.0323322079168
0.0277927288683
0.0272368742909
0.0273295167205
0.0277927288683
0.0278853712978
0.0233458922494
0.0277000864387
0.0234385346789
0.0284412258752
0.0278853712978
0.0277000864387
0.0226973952424
0.0272368742909
0.032459184961
0.0232532498198
0.0230679649607
0.0235311771085
0.0226973952424
0.0183432010531
0.02742215915
0.0231606073902
0.0277927288683
0.0182505586235
0.032702777635
0.0277000864387
0.022790037672
0.0322395654872
0.0322395654872
0.0119508734134
-0.000370569718244
-0.00474193121494
1.71673073319e-05
-1.71673073319e-05
1.71673073319e-05
0.0
-0.000109809736893
1.71673073322e-05
9.2642429561e-05
0.0
-1.41357985843e-16
1.41357985843e-16
0.0
0.0
0.0092642429561
1.71673073319e-05
-1.7167307332e-05
0.0
1.71673073319e-05
-1.7167307332e-05
0.0
1.71673073319e-05
-0.00928141026343
0.0
1.41357985843e-16
1.41357985843e-16
0.0
1.41357985843e-16
1.41357985843e-16
-0.000109809736893
1.71673073318e-05
1.41357985843e-16
7.5475122229e-05
1.7167307332e-05
0.0
-9.26424295608e-05
0.000370569718244
-0.0192696253487
-0.012877297709
-0.00148227887298
-0.0515091908359
-0.00778196408312
-0.00529778579231
-0.0331659897828
-0.0124140855612
-0.0518797605541
-0.00787460651268
0.00352041232332
-0.0277927288683
-0.0132478674272
-0.0299989798704
-0.0178799889053
-0.0351286481109
-0.00741139436488
-0.0305720017551
-0.012228800702
-0.0399288871408
-0.00768932165356
-0.0443757237597
-0.00750403679444
-0.0583818979307
-0.0124140855612
-0.0480642536348
-0.00778196408312
-0.0202886920738
-0.0131552249977
-0.0462285723509
-0.0121361582725
-0.00075830674382
-0.0092642429561
-1.06018489382e-16
1.06018489382e-16
-0.0844144206374
-0.00713346707619
-0.000277927288683
1.71673073321e-05
0.00463212147805
7.06789929214e-17
0.0
9.26424295609e-05
7.06789929214e-17
0.0
1.7167307332e-05
-1.71673073319e-05
0.0
1.7167307332e-05
-1.7167307332e-05
0.0
-7.06789929214e-17
3.53394964607e-17
0.0
-1.06018489382e-16
-3.53394964607e-17
-0.00935688538566
-1.71673073319e-05
1.71673073318e-05
0.0
-1.71673073317e-05
1.71673073318e-05
9.26424295611e-05
-1.71673073319e-05
-0.0885489953529
-0.0118582309838
-9.26424295608e-05
-1.67862608188e-16
1.7167307332e-05
-1.71673073318e-05
0.0
9.26424295609e-05
3.53394964607e-17
-8.83487411518e-18
-8.83487411518e-18
0.0
9.26424295609e-05
0.0233630595567
0.0421523054502
0.0270515894318
0.0376128264017
0.0324248503463
0.0320542806281
0.02742215915
0.0279780137274
0.031868995769
0.0364084748175
0.0376128264017
0.0279780137274
0.0422449478798
0.0328880624941
0.0326101352055
0.0330733473533
0.0322395654872
0.0279197059125
0.0325174927759
0.0330733473533
0.0277000864387
0.0279780137274
0.032702777635
0.0325174927759
0.0276074440092
0.0328880624941
0.028070656157
0.0369643293948
0.0510459786881
0.0121361582725
-0.00472476390761
0.0
0.0
0.0
0.0
-1.71673073319e-05
1.71673073318e-05
0.0
-1.7167307332e-05
0.000109809736893
0.0
-1.7167307332e-05
-7.5475122229e-05
1.41357985843e-16
-1.41357985843e-16
1.41357985843e-16
0.0092642429561
1.71673073319e-05
-1.71673073319e-05
1.41357985843e-16
1.71673073319e-05
-1.71673073322e-05
1.41357985843e-16
1.7167307332e-05
-1.7167307332e-05
-0.0138963644341
0.0
0.0
1.41357985843e-16
-1.71673073322e-05
1.71673073318e-05
-1.71673073319e-05
1.71673073319e-05
-0.000109809736893
-0.000260759981351
1.41357985843e-16
0.00453947904849
-9.2642429561e-05
-0.0291823653117
-0.0121361582725
-0.043264014605
-0.007596679224
-0.00613156765835
1.71673073319e-05
-0.0647742255704
-0.0129699401385
0.00407626690068
0.0
-0.0461359299214
-0.0120435158429
-0.000631329699594
-1.71673073322e-05
1.71673073322e-05
-1.71673073322e-05
-0.0328880624941
-0.00787460651268
-0.0344629837967
-0.00861574594917
-0.04641385721
-0.0125993704203
-0.0543811061523
-0.0121361582725
-0.000277927288683
-0.0807087234549
-0.0116729461247
0.000387737025576
0.0
-0.0755962225217
-0.0326101352055
-0.00796724894224
-0.0253668583924
-0.00750403679444
-0.000926424295609
-0.028365750753
-0.00778196408312
-0.00565118820322
-9.26424295609e-05
0.00928141026343
-0.0248281711223
-0.0127846552794
-0.000723972129156
-0.000202452166454
-0.0194549102078
-0.0121361582725
-0.00537326091454
1.7167307332e-05
-1.71673073321e-05
1.7167307332e-05
-9.26424295608e-05
0.0092642429561
7.06789929214e-17
-7.06789929214e-17
0.0
-9.2642429561e-05
0.000295094596015
-1.7167307332e-05
0.000109809736893
0.0415209757506
0.0418743781616
0.032702777635
0.0371496142539
0.0275148015796
0.0365937596766
0.0226973952424
0.0232532498198
0.0315910684803
0.0278853712978
0.0277927288683
0.0327954200646
0.0234385346789
0.0282559410161
0.0327954200646
0.0279780137274
0.0277000864387
0.0322395654872
0.0414455006284
0.0239017468267
0.0375201839722
0.0314984260507
0.0279780137274
0.0742065860783
0.0329807049237
0.031868995769
0.0277927288683
0.0330733473533
0.0371496142539
0.0120435158429
-0.00537326091454
0.0
0.0
-9.26424295608e-05
-1.41357985843e-16
-1.71673073319e-05
1.7167307332e-05
-1.7167307332e-05
-1.41357985843e-16
1.7167307332e-05
0.0
-1.71673073319e-05
0.000109809736893
1.41357985843e-16
0.0
-1.41357985843e-16
0.0092642429561
1.71673073319e-05
-1.7167307332e-05
0.0
1.7167307332e-05
-1.7167307332e-05
1.7167307332e-05
-1.71673073319e-05
0.0
-0.0092642429561
-1.41357985843e-16
-9.26424295607e-05
0.0
-2.82715971686e-16
1.41357985843e-16
-1.7167307332e-05
1.71673073319e-05
-1.71673073319e-05
0.0
0.000109809736893
0.0
-1.71673073322e-05
1.7167307332e-05
0.0
0.0
0.0
0.0092642429561
-1.41357985843e-16
-1.41357985843e-16
-0.0513067386694
-0.0114876612656
-0.00101906672517
-1.71673073318e-05
-0.00463212147805
-0.0472648063834
-0.0124140855612
-0.00185284859122
-0.041781735732
-0.0132478674272
-0.0474329239352
-0.00778196408312
-0.00146511156564
-1.71673073319e-05
-0.0473231141983
-0.0124140855612
-0.00149944618031
-0.0294602926004
-0.0133405098568
-0.00565118820322
0.00928141026343
-0.0614219307989
-0.00843046109005
-0.0532693969975
-0.00741139436488
-0.00112887646206
-0.069852391889
-0.0117655885542
-0.00016811755179
-7.06789929214e-17
-0.0733728042123
-0.0115803036951
-0.0791166348451
-0.0121361582725
-0.000665664314259
-1.41357985843e-16
-0.00463212147805
1.71673073319e-05
-7.06789929214e-17
1.41357985843e-16
-0.000295094596015
0.00491004876673
-0.0942173508635
-0.00722610950575
-7.5475122229e-05
-1.71673073318e-05
1.71673073318e-05
-1.7167307332e-05
-9.26424295611e-05
1.23688237612e-16
-1.23688237612e-16
0.0
1.59027734073e-16
-1.59027734073e-16
0.0
-0.00928141026343
1.71673073318e-05
-1.71673073318e-05
1.71673073318e-05
0.0
7.06789929214e-17
0.00472476390761
8.83487411518e-17
0.0
-8.83487411518e-17
8.83487411518e-17
0.0
0.0
-9.26424295609e-05
-1.76697482304e-16
1.7167307332e-05
-1.71673073318e-05
1.71673073318e-05
0.0327954200646
0.0871765262169
0.0788387075564
0.0322395654872
0.0331659897828
0.0276074440092
0.0372422566835
0.0321469230577
0.0275148015796
0.0372422566835
0.0317763533394
0.0327954200646
0.0881029505125
0.0322739001019
0.0322395654872
0.0364084748175
0.0279780137274
0.0324248503463
0.0273295167205
0.0370569718244
0.0367790445357
0.0329807049237
0.0371496142539
0.0416890933024
0.00713346707619
-0.00509533362585
-1.41357985843e-16
-1.41357985843e-16
9.26424295608e-05
-1.41357985843e-16
-1.7167307332e-05
1.71673073319e-05
2.82715971686e-16
-0.000109809736893
1.7167307332e-05
0.0
-1.7167307332e-05
1.7167307332e-05
1.41357985843e-16
-1.41357985843e-16
1.41357985843e-16
0.00928141026343
-1.7167307332e-05
0.0
1.7167307332e-05
-1.71673073319e-05
-1.41357985843e-16
1.7167307332e-05
-1.71673073319e-05
0.0
-0.0092642429561
-1.41357985843e-16
2.82715971686e-16
0.0
-1.71673073322e-05
1.71673073319e-05
-1.7167307332e-05
0.000185284859122
0.000185284859122
0.00224058561679
-0.000277927288683
-0.0243649589745
-0.007596679224
-0.0621630702354
-0.0120435158429
-0.043559109201
-0.012228800702
-0.000833781866048
-0.053176754568
-0.0121361582725
-0.0481740633717
-0.0125993704203
-0.000816614558716
7.5475122229e-05
-1.41357985843e-16
0.0
0.0
0.0
-9.2642429561e-05
-0.0480814209421
-0.012228800702
-0.000833781866048
-0.0520650454133
-0.00741139436488
-0.0636453491084
-0.0120435158429
-0.0527307097275
-0.0124140855612
-0.000816614558717
-0.066054052277
-0.0125993704203
0.0103931194182
-0.000109809736893
2.82715971686e-16
1.71673073321e-05
-1.7167307332e-05
2.82715971686e-16
-0.0092642429561
-1.41357985843e-16
-1.71673073319e-05
1.7167307332e-05
-0.121378750032
-0.0121361582725
0.0
1.7167307332e-05
0.0092642429561
0.0
7.06789929214e-17
0.0
-7.06789929214e-17
-9.26424295608e-05
1.71673073319e-05
-1.7167307332e-05
1.06018489382e-16
1.71673073319e-05
-1.71673073319e-05
0.0
1.71673073319e-05
7.54751222288e-05
-0.088844089949
-0.00750403679444
-0.0054659033441
0.000109809736893
-1.71673073321e-05
1.7167307332e-05
0.0092642429561
0.0
0.0
-8.83487411518e-17
1.76697482304e-16
-8.83487411518e-17
8.83487411518e-17
7.06789929214e-17
-1.59027734073e-16
-9.26424295611e-05
1.7167307332e-05
7.06789929214e-17
0.023085132268
0.0232532498198
0.0368716869653
0.0270515894318
0.0326101352055
0.0271442318614
0.0321469230577
0.0324248503463
0.0381686809791
0.0333512746419
0.0320542806281
0.0329807049237
0.0323322079168
0.0276074440092
0.0324248503463
0.0369643293948
0.032702777635
0.0275148015796
0.0317180455245
0.0330733473533
0.02742215915
0.0325174927759
0.0277927288683
0.0327954200646
0.0277927288683
0.0272368742909
0.0367790445357
0.0369643293948
0.036501117247
0.0119508734134
-0.00509533362585
0.0
-1.7167307332e-05
1.7167307332e-05
0.0
-1.71673073318e-05
0.000109809736893
-1.41357985843e-16
-1.71673073319e-05
1.71673073322e-05
-1.7167307332e-05
1.71673073319e-05
0.0
-9.2642429561e-05
0.0
2.82715971686e-16
0.0092642429561
1.71673073318e-05
-1.71673073319e-05
0.0
1.71673073319e-05
-1.7167307332e-05
0.0
1.71673073319e-05
-1.7167307332e-05
1.7167307332e-05
-0.00928141026343
-1.41357985843e-16
7.54751222291e-05
1.71673073319e-05
0.0
-1.41357985843e-16
0.0
0.0
-0.000109809736893
1.71673073318e-05
1.41357985843e-16
0.0
-2.82715971686e-16
0.0
-2.82715971686e-16
0.0092642429561
-1.41357985843e-16
0.0
1.71673073319e-05
-1.71673073322e-05
0.0
1.7167307332e-05
-1.71673073322e-05
0.0
1.71673073322e-05
-1.71673073319e-05
-0.0092642429561
9.2642429561e-05
-0.0332757995197
-0.00768932165356
-0.0487299179491
-0.00750403679444
-0.0611934365694
-0.0224194679538
-0.0121361582725
-0.000353402410911
-1.71673073319e-05
1.7167307332e-05
-1.7167307332e-05
9.26424295608e-05
-0.0662393371361
-0.00722610950575
-9.2642429561e-05
1.41357985843e-16
-0.00928141026343
-0.0893999445263
-0.012228800702
-0.00491004876673
0.0
-0.0763373619582
-0.007596679224
-0.000109809736893
1.71673073319e-05
-1.41357985843e-16
-0.0889538996858
-0.00731875193532
0.00446400392626
-1.71673073318e-05
1.7167307332e-05
-1.7167307332e-05
-0.117824003094
-0.028070656157
-0.0119508734134
-0.000295094596015
-7.06789929214e-17
7.06789929214e-17
0.0
-0.0092642429561
0.0
0.0
0.0
-1.71673073319e-05
1.71673073319e-05
9.26424295609e-05
-1.71673073319e-05
0.00455664635582
-1.7167307332e-05
0.0
1.71673073321e-05
-0.116358891529
-0.00787460651268
0.000446044840473
8.83487411518e-17
-7.06789929214e-17
8.83487411518e-17
8.83487411518e-18
-7.95138670366e-17
-0.0092642429561
9.26424295608e-05
-1.71673073318e-05
1.71673073318e-05
0.0092642429561
0.0
-7.95138670366e-17
0.0
7.95138670366e-17
-7.95138670366e-17
7.95138670366e-17
0.0
0.0
-7.18467354481e-05
0.0237336292749
0.0281632985865
0.0324248503463
0.0188064132009
0.0367790445357
0.0277927288683
0.0275148015796
0.0230679649607
0.0317763533394
0.0328880624941
0.0277000864387
0.0278853712978
0.0329807049237
0.0330733473533
0.0283485834457
0.0322395654872
0.0292750077413
0.0273295167205
0.0326101352055
0.0319033303836
0.0326101352055
0.0282559410161
0.02742215915
0.0282559410161
0.031868995769
0.0332586322124
0.0224194679538
0.0277927288683
0.0368716869653
0.0278853712978
0.0284412258752
0.0307572866142
0.012228800702
-0.00500269119629
1.41357985843e-16
0.0
1.41357985843e-16
0.0
-1.71673073319e-05
1.71673073319e-05
0.0
-1.7167307332e-05
1.71673073319e-05
0.0
-1.7167307332e-05
1.7167307332e-05
-9.26424295608e-05
9.2642429561e-05
0.0
0.0092642429561
1.7167307332e-05
-1.71673073319e-05
1.7167307332e-05
-1.71673073319e-05
0.0
1.7167307332e-05
-1.71673073319e-05
0.0
-0.0092642429561
0.0
0.0
0.0
0.0
0.0
-1.7167307332e-05
1.7167307332e-05
0.0
-1.71673073319e-05
-7.54751222288e-05
0.0
-1.71673073319e-05
1.71673073319e-05
9.26424295608e-05
0.0
0.0
0.0092642429561
1.71673073319e-05
-1.71673073319e-05
0.0
1.71673073319e-05
-1.7167307332e-05
-0.0331488224755
-0.0123214431316
-0.00566835551055
1.71673073319e-05
-1.71673073319e-05
-0.0705935313254
-0.00731875193532
-0.000741139436488
-0.0623483550945
-0.00768932165356
-0.00016811755179
-0.0521576878428
-0.0124140855612
-0.000758306743819
0.0
2.82715971686e-16
-0.0602175792146
-0.00731875193532
-0.00509533362585
1.71673073319e-05
-0.0342776989376
-0.0125067279907
-0.0395583174225
-0.0126920128499
-0.0580113282125
-0.0121361582725
-0.07596679224
-0.0119508734134
0.00446400392626
-1.7167307332e-05
-0.0836389465862
-0.00768932165356
-0.0427081600276
-0.0126920128499
-0.00576099794011
1.7167307332e-05
-1.7167307332e-05
1.71673073321e-05
-3.53394964607e-17
-1.7167307332e-05
3.53394964607e-17
1.71673073319e-05
7.5475122229e-05
0.00463212147805
0.0
-7.06789929214e-17
-9.26424295608e-05
3.53394964607e-17
1.71673073319e-05
-1.71673073319e-05
0.0
1.71673073319e-05
-1.71673073319e-05
0.0
1.71673073319e-05
-1.71673073319e-05
0.0
3.53394964607e-17
-0.0521576878428
-0.00778196408312
-0.0054659033441
1.7167307332e-05
-1.7167307332e-05
0.000109809736893
0.0092642429561
7.06789929214e-17
-7.06789929214e-17
0.0
7.06789929214e-17
0.0
-1.06018489382e-16
1.7167307332e-05
-1.71673073318e-05
-0.000353402410912
0.0279951810347
0.0182505586235
0.0376128264017
0.0323322079168
0.0277000864387
0.0323322079168
0.0276074440092
0.0319616381985
0.032702777635
0.0321469230577
0.0374275415426
0.0325174927759
0.0272368742909
0.0331659897828
0.0278853712978
0.0373348991131
0.0372422566835
0.032702777635
0.0273638513351
0.032702777635
0.0283485834457
0.0370569718244
0.0326101352055
0.0364084748175
0.0421523054502
0.0321469230577
0.028070656157
0.0337218443602
0.0324248503463
0.00750403679444
-0.00509533362585
-1.41357985843e-16
1.41357985843e-16
0.0
0.0
-1.7167307332e-05
1.7167307332e-05
9.2642429561e-05
-1.71673073319e-05
1.71673073319e-05
0.0
-1.71673073319e-05
-7.54751222291e-05
0.0
0.0
0.0
0.0092642429561
1.7167307332e-05
-1.7167307332e-05
-1.41357985843e-16
1.71673073319e-05
-1.71673073319e-05
0.0
1.7167307332e-05
-1.7167307332e-05
0.0
-0.00461495417072
-1.41357985843e-16
9.2642429561e-05
0.0
0.0
-1.71673073318e-05
1.7167307332e-05
-9.2642429561e-05
-1.71673073319e-05
1.71673073319e-05
0.0
-1.7167307332e-05
1.71673073319e-05
0.0
-1.41357985843e-16
0.0
0.0092642429561
-1.41357985843e-16
1.71673073318e-05
-1.71673073318e-05
0.0
1.71673073318e-05
-1.71673073319e-05
1.7167307332e-05
-1.7167307332e-05
-0.0092642429561
0.0
-0.0468942366652
-0.0119508734134
-0.0616998580876
-0.0119508734134
-0.05697509418
-0.0080598913718
-0.000353402410912
-1.71673073318e-05
1.71673073319e-05
-0.0526208999906
-0.0117655885542
-0.000758306743819
0.0
-0.0624409975241
-0.00694818221707
-0.000833781866048
-0.038817177986
-0.007596679224
-0.0485446330899
-0.0118582309838
-0.000665664314259
1.7167307332e-05
-0.080060226448
-0.00731875193532
-0.090865056092
-0.0121533255798
-0.0615900483507
-0.0120435158429
-0.000833781866049
-1.7167307332e-05
1.7167307332e-05
-1.7167307332e-05
3.53394964607e-17
7.06789929214e-17
-0.0092642429561
-9.26424295608e-05
-1.7167307332e-05
1.7167307332e-05
0.0
-1.71673073319e-05
0.000109809736893
-1.06018489382e-16
-1.71673073318e-05
1.7167307332e-05
0.0092642429561
7.06789929214e-17
7.06789929214e-17
0.0
1.71673073319e-05
-0.0842119684709
-0.0118582309838
-0.000573021884698
0.0
-1.76697482304e-17
7.06789929214e-17
1.76697482304e-17
1.76697482304e-17
0.0
-0.0092642429561
-1.7167307332e-05
1.71673073321e-05
0.0
-1.7167307332e-05
1.7167307332e-05
0.0092642429561
8.83487411518e-17
-8.83487411518e-17
8.83487411518e-17
0.0
-8.83487411518e-17
8.83487411518e-17
1.71673073319e-05
-5.30092446911e-17
-7.54751222291e-05
0.143039911242
0.143781050679
0.152860008776
0.15778722485
0.213557967445
0.184729004545
0.00704082464663
-0.00565118820322
-1.41357985843e-16
-1.41357985843e-16
0.0
1.41357985843e-16
-1.7167307332e-05
1.71673073319e-05
0.0
-1.71673073319e-05
1.71673073318e-05
0.0
9.2642429561e-05
0.0
0.0
-9.26424295611e-05
-2.82715971686e-16
0.00463212147805
1.7167307332e-05
-1.7167307332e-05
-1.41357985843e-16
1.71673073322e-05
-1.7167307332e-05
-1.41357985843e-16
-0.0092642429561
-1.41357985843e-16
0.0
1.41357985843e-16
-1.41357985843e-16
0.0
-1.71673073319e-05
1.71673073318e-05
9.2642429561e-05
-1.7167307332e-05
1.71673073319e-05
0.0
-1.7167307332e-05
-7.54751222287e-05
-0.0526208999906
-0.0123214431316
0.00370569718244
-1.71673073322e-05
1.71673073319e-05
-0.0434312671734
-0.012877297709
-0.0054659033441
0.0
-1.71673073319e-05
1.7167307332e-05
-0.0380005634273
-0.0127846552794
-0.00101906672517
1.7167307332e-05
-1.7167307332e-05
-0.0505655992329
-0.0120435158429
-0.000260759981351
-0.0566045244617
-0.00787460651268
-0.000573021884698
1.41357985843e-16
-2.82715971686e-16
-0.0436345843232
-0.0119508734134
-0.0059291154919
0.0139135317415
0.0
-0.0340924140784
-0.0121361582725
-0.00157492130254
-0.0344629837967
-0.00768932165356
-0.0629968521014
-0.00770648896089
-0.0621459029281
-0.012228800702
0.00453947904849
-1.71673073318e-05
-0.103742353801
-0.00778196408312
-0.000665664314259
1.71673073319e-05
-0.0700548440554
-0.0125067279907
-0.000463212147805
1.71673073318e-05
0.0092642429561
-1.76697482304e-16
1.06018489382e-16
0.0
-7.06789929214e-17
1.7167307332e-05
-1.71673073319e-05
-7.06789929214e-17
7.06789929214e-17
1.7167307332e-05
-1.71673073321e-05
1.41357985843e-16
1.71673073321e-05
-1.71673073322e-05
1.41357985843e-16
-3.53394964607e-17
-9.26424295609e-05
-0.00463212147805
7.5475122229e-05
1.7167307332e-05
-0.0653300801478
-0.00694818221707
0.00361305475288
0.0
-9.26424295609e-05
-8.83487411518e-17
0.0
1.71673073318e-05
-1.71673073318e-05
9.26424295609e-05
1.71673073318e-05
-1.71673073318e-05
0.0
0.0
0.0
0.0
0.0
0.0
0.0
0.0
-0.00463212147805
-1.71673073321e-05
0.0233630595567
0.0327954200646
0.0273295167205
0.0369643293948
0.0373348991131
0.0884735202307
0.0332586322124
0.0328880624941
0.0314984260507
0.032702777635
0.0278853712978
0.0325174927759
0.0325174927759
0.0371496142539
0.0279780137274
0.0365937596766
0.0376471610164
0.0226973952424
0.0377981112609
0.0271442318614
0.0317763533394
0.0317763533394
0.0330733473533
0.0323322079168
0.0328880624941
0.0372422566835
0.0188990556304
0.0324248503463
0.0117655885542
-0.0092642429561
0.0
0.0
-1.41357985843e-16
0.0
-1.7167307332e-05
0.000109809736893
0.0
-1.71673073319e-05
1.71673073318e-05
-9.26424295607e-05
-1.71673073319e-05
1.71673073318e-05
0.0
0.0
-1.41357985843e-16
0.0092642429561
1.71673073319e-05
-1.7167307332e-05
1.7167307332e-05
-1.7167307332e-05
-1.41357985843e-16
1.71673073319e-05
-1.71673073319e-05
0.0
-0.0092642429561
0.0
-1.41357985843e-16
0.0
9.2642429561e-05
-1.41357985843e-16
-9.26424295608e-05
-1.7167307332e-05
1.71673073319e-05
-1.71673073319e-05
1.71673073319e-05
0.0
-1.71673073319e-05
1.7167307332e-05
0.0
1.41357985843e-16
-1.41357985843e-16
0.0092642429561
1.71673073319e-05
-1.7167307332e-05
0.0
-0.0245330765263
-0.00750403679444
-0.0371496142539
-0.00750403679444
-0.0441321310857
-0.00778196408312
-0.0436345843232
-0.0119508734134
-0.0480814209421
-0.0080598913718
-0.000260759981351
-1.71673073319e-05
-0.0292578404339
-0.00787460651268
-0.0538424188822
-0.00843046109005
-0.0260325227066
-0.012228800702
-0.00092642429561
-0.0427081600276
-0.0123214431316
-0.0537497764527
-0.00778196408312
-0.0664246219952
-0.0119623826831
-0.0502876719443
-0.0117655885542
-0.0381686809791
-0.00833781866049
-0.0755962225217
-0.00787460651268
-0.00474193121494
1.71673073319e-05
-1.71673073319e-05
1.71673073319e-05
-3.53394964607e-17
-3.53394964607e-17
-1.71673073319e-05
1.71673073319e-05
0.0092642429561
-1.76697482304e-16
1.06018489382e-16
-3.53394964607e-17
1.7167307332e-05
-0.000109809736893
0.000109809736893
-1.71673073319e-05
1.06018489382e-16
1.71673073318e-05
-1.71673073319e-05
0.0
1.71673073318e-05
-1.71673073319e-05
0.0
-0.00944952781522
-0.00768932165356
-0.00518797605541
1.7167307332e-05
-0.000109809736893
1.71673073319e-05
0.0
-1.71673073321e-05
0.00463212147805
-7.06789929214e-17
0.0
1.41357985843e-16
0.000387737025576
0.01845301079
0.0376128264017
0.0785607802677
0.0267736621431
0.0374275415426
0.0314984260507
0.0363158323879
0.0372422566835
0.0223268255242
0.0330733473533
0.0188064132009
0.0231606073902
0.0321469230577
0.0367790445357
0.0319616381985
0.0229753225311
0.0328880624941
0.0282902756308
0.0325174927759
0.0287191531639
0.0230679649607
0.0281632985865
0.0314057836212
0.0278853712978
0.0276074440092
0.0367790445357
0.028904438023
0.0415038084433
0.0507680513994
0.00824517623092
-0.00528061848497
-1.41357985843e-16
2.82715971686e-16
-1.41357985843e-16
7.54751222291e-05
-0.000185284859122
1.7167307332e-05
-1.71673073319e-05
1.71673073322e-05
0.0
-1.41357985843e-16
1.41357985843e-16
0.00453947904849
1.7167307332e-05
-1.7167307332e-05
0.0
1.71673073318e-05
-1.71673073318e-05
9.2642429561e-05
1.71673073319e-05
-1.71673073319e-05
-0.00463212147805
-1.41357985843e-16
1.41357985843e-16
-1.7167307332e-05
0.0
1.71673073319e-05
1.41357985843e-16
-1.71673073319e-05
1.71673073319e-05
0.0
-1.7167307332e-05
1.7167307332e-05
0.0
-9.26424295608e-05
-1.41357985843e-16
1.41357985843e-16
0.00928141026343
-1.7167307332e-05
1.71673073319e-05
-1.7167307332e-05
9.2642429561e-05
-0.0336120346233
-0.00464928878538
-0.0132307001199
-1.41357985843e-16
-0.0530086370162
-0.007596679224
-0.000741139436488
-0.0558633850253
-0.0120435158429
0.003798339612
-0.0693891797412
-0.00796724894224
-0.000723972129155
-1.7167307332e-05
-1.41357985843e-16
-0.0196401950669
-0.0123214431316
-0.00138963644341
-0.0435419418936
-0.0118582309838
-0.0528061848497
-0.00843046109005
-0.0625336399536
-0.0121361582725
-0.000810534291625
1.71673073319e-05
-0.0802455113071
-0.0121361582725
-0.0623311877872
-0.00741139436488
-0.0565118820322
-0.0124140855612
-0.000833781866049
-1.71673073319e-05
0.0
-0.00463212147805
7.06789929214e-17
-7.06789929214e-17
0.0
0.0
1.06018489382e-16
-3.53394964607e-17
7.06789929214e-17
-1.7167307332e-05
-0.0411332387251
-0.0124140855612
-0.000631329699595
-1.71673073319e-05
-7.54751222291e-05
-1.7167307332e-05
0.0
1.7167307332e-05
-1.7167307332e-05
9.2642429561e-05
0.00250134559815
-0.0475255663648
-0.0118582309838
0.00398362447112
-7.06789929214e-17
7.06789929214e-17
-8.83487411518e-17
0.0
9.26424295611e-05
0.0
1.71673073318e-05
0.0
-1.71673073318e-05
1.76697482304e-17
1.71673073318e-05
-0.000109809736893
-1.76697482304e-17
9.26424295608e-05
-0.0327954200646
-0.0102833096813
0.0138963644341
0.0239943892563
0.0234385346789
0.0182505586235
0.0140816492933
0.0272368742909
0.0232532498198
0.0230679649607
0.0232532498198
0.0742992285079
0.0323322079168
0.0281632985865
0.0336292019306
0.0232532498198
0.0281632985865
0.0231606073902
0.0325174927759
0.0277927288683
0.0277927288683
0.0366864021061
0.0285682029194
0.028070656157
0.0330733473533
0.0187137707713
0.0317763533394
0.0329807049237
0.0239017468267
0.0278853712978
0.0368716869653
0.0277927288683
0.02742215915
0.0374275415426
0.0381686809791
0.0326101352055
0.0120435158429
-0.00509533362585
1.41357985843e-16
1.41357985843e-16
0.0
0.0
-1.71673073319e-05
-7.54751222291e-05
0.0
-1.7167307332e-05
1.71673073319e-05
1.41357985843e-16
-1.7167307332e-05
1.71673073318e-05
1.41357985843e-16
0.0
-1.41357985843e-16
1.41357985843e-16
0.0092642429561
1.41357985843e-16
1.7167307332e-05
-1.71673073322e-05
0.0
0.000109809736893
-1.7167307332e-05
0.0
-0.0092642429561
-9.2642429561e-05
1.41357985843e-16
1.41357985843e-16
1.41357985843e-16
-1.41357985843e-16
0.0
-1.41357985843e-16
7.54751222292e-05
0.000277927288683
-0.0287019858566
-0.00843046109005
-0.0433566570345
-0.00787460651268
-0.000833781866049
-1.7167307332e-05
-0.0581741997206
-1.71673073319e-05
-0.0174167767575
1.71673073319e-05
-0.0384637755751
-0.0130625825681
0.00361305475288
1.41357985843e-16
-0.0275148015796
-0.0125993704203
-0.00127982670652
-0.0382613234087
-0.0119508734134
-0.0399460544481
-0.0126920128499
-0.0264957348544
-0.007596679224
-0.0195475526374
-0.012228800702
-0.0440051540415
-0.0130625825681
-0.0444204100147
-0.007596679224
-0.000909256988277
-0.0287191531639
-0.0121361582725
-0.0486372755195
-0.00815253380136
-0.0647570582631
-0.0120435158429
-0.000277927288683
-0.0048345736445
1.71673073319e-05
-1.71673073319e-05
1.71673073319e-05
0.0
-1.71673073318e-05
-0.0845825381892
-0.0120435158429
0.00491004876673
0.000172716587897
-1.71673073319e-05
1.7167307332e-05
-9.26424295609e-05
-1.7167307332e-05
1.71673073318e-05
-1.71673073318e-05
-3.53394964607e-17
0.0
-3.53394964607e-17
3.53394964607e-17
-1.41357985843e-16
-0.00461495417072
-7.06789929214e-17
-1.71673073318e-05
1.71673073319e-05
-1.06018489382e-16
7.54751222291e-05
1.71673073321e-05
3.53394964607e-17
-0.0519724029837
-0.012228800702
-7.5475122229e-05
-1.71673073318e-05
1.7167307332e-05
-1.71673073321e-05
1.76697482304e-16
-7.06789929214e-17
-7.06789929214e-17
1.76697482304e-17
-0.000185284859122
0.222636925542
0.106168224277
0.144244262826
0.106724078854
0.0921209095983
0.0919012901245
0.171295852258
0.042615517598
0.00713346707619
-0.00565118820322
1.41357985843e-16
-1.41357985843e-16
0.0
1.41357985843e-16
-1.7167307332e-05
1.71673073319e-05
0.0
-1.7167307332e-05
1.7167307332e-05
0.0
-1.7167307332e-05
1.7167307332e-05
0.0
0.0
0.0
0.0
0.00463212147805
-9.26424295608e-05
1.71673073319e-05
-1.71673073319e-05
0.0
0.0
0.000109809736893
-0.00928141026343
1.41357985843e-16
-1.41357985843e-16
0.0
0.0
-1.7167307332e-05
1.71673073319e-05
-1.71673073318e-05
1.71673073319e-05
1.41357985843e-16
-1.7167307332e-05
0.000277927288683
1.7167307332e-05
-0.0275148015796
-0.0132478674272
-0.00120435158429
7.54751222291e-05
-0.0471378293392
-0.0118582309838
-0.00529778579231
-0.0425228751685
-0.0125993704203
-0.000648497006927
1.7167307332e-05
-0.0445781759262
-0.007596679224
-0.00127982670652
-1.7167307332e-05
-0.0745599884892
-0.0120435158429
-0.000295094596015
-1.41357985843e-16
-0.0289970804526
-0.00833781866049
-0.00518797605541
1.71673073318e-05
-0.0332757995197
-0.0123214431316
-0.0345556262262
-0.0132478674272
-0.0403920992886
-0.0127846552794
-0.00120435158429
-0.0665172644248
-0.0277927288683
-0.00713346707619
-0.0393730325634
-0.0119508734134
-0.000555854577366
-1.71673073318e-05
-0.0658516001105
-0.041781735732
-0.00750403679444
-0.00492721607406
1.71673073319e-05
0.0
7.06789929214e-17
0.0
-1.71673073321e-05
1.71673073321e-05
3.53394964607e-17
0.0092642429561
1.06018489382e-16
3.53394964607e-17
-7.5475122229e-05
-1.71673073319e-05
3.53394964607e-17
1.71673073319e-05
-1.71673073319e-05
1.71673073319e-05
-0.0428008024572
-0.0124140855612
-0.000758306743819
7.06789929214e-17
-7.06789929214e-17
-0.00935688538566
0.0
7.54751222291e-05
1.71673073321e-05
-7.06789929214e-17
-1.7167307332e-05
1.7167307332e-05
-1.71673073321e-05
0.00463212147805
0.0
-8.83487411518e-17
8.83487411518e-17
0.0
1.71673073319e-05
-1.7167307332e-05
1.76697482304e-16
-7.54751222291e-05
-1.7167307332e-05
1.71673073318e-05
-1.71673073318e-05
1.76697482304e-17
9.26424295609e-05
0.0281804658939
0.0238091043972
0.0234385346789
0.0345556262262
0.0372422566835
0.0324248503463
0.0367790445357
0.0325174927759
0.0270515894318
0.0321469230577
0.0365937596766
0.0269589470022
0.0273295167205
0.0284412258752
0.0330733473533
0.0371496142539
0.0278853712978
0.0317763533394
0.0277344210534
0.0325174927759
0.0233458922494
0.0235311771085
0.0272368742909
0.0232532498198
0.0322395654872
0.0277927288683
0.0378907536904
0.02742215915
0.0372422566835
0.0277927288683
0.03798339612
0.0117655885542
-0.00528061848497
1.41357985843e-16
0.000277927288683
-1.7167307332e-05
9.26424295616e-05
1.7167307332e-05
-1.71673073319e-05
1.71673073319e-05
-9.26424295608e-05
0.0
0.0
0.0092642429561
1.71673073319e-05
-1.71673073319e-05
-1.41357985843e-16
1.71673073319e-05
-1.71673073319e-05
1.41357985843e-16
1.71673073319e-05
-1.71673073319e-05
-0.0092642429561
-1.41357985843e-16
0.0
2.82715971686e-16
0.0
2.82715971686e-16
0.0
-1.71673073319e-05
1.7167307332e-05
0.0
-1.71673073318e-05
1.71673073319e-05
-1.71673073318e-05
-7.54751222292e-05
0.0
9.2642429561e-05
2.82715971686e-16
0.0092642429561
1.71673073319e-05
-1.7167307332e-05
0.0
1.7167307332e-05
-1.7167307332e-05
0.0
0.0
-0.0334267497642
-0.0125993704203
-0.00548307065143
-0.0667025492839
-0.0121361582725
0.000185284859122
-0.0528988272793
-0.0118582309838
-7.54751222285e-05
-0.0463212147805
-0.00722610950575
-0.000850949173381
-0.0384466082678
-0.00880103080829
-0.0488225603786
-0.00741139436488
-0.0377981112609
-0.00843046109005
-0.0437272267528
-0.0127846552794
-0.000881736567088
-0.0802283439998
-0.012228800702
-0.00016811755179
-1.41357985843e-16
-0.105502559963
-0.00796724894224
0.000463212147805
-1.71673073318e-05
1.71673073318e-05
0.0
-1.71673073319e-05
-0.0138963644341
-1.71673073319e-05
1.7167307332e-05
-1.7167307332e-05
0.000185284859122
-0.125969032622
-0.0119508734134
0.00472476390761
-8.83487411518e-17
1.41357985843e-16
-1.76697482304e-16
7.06789929214e-17
1.71673073319e-05
-1.71673073321e-05
1.76697482304e-17
1.71673073321e-05
-1.71673073321e-05
1.76697482304e-17
1.41357985843e-16
-1.06018489382e-16
0.0
1.76697482304e-17
1.76697482304e-17
1.76697482304e-17
-0.00928141026343
-7.54751222291e-05
9.2642429561e-05
-1.7167307332e-05
1.71673073321e-05
-1.06018489382e-16
-1.7167307332e-05
0.00928141026343
0.0
-8.83487411518e-17
0.0
8.83487411518e-17
-8.83487411518e-17
0.0
1.71673073321e-05
-1.7167307332e-05
-1.59027734073e-16
-9.26424295609e-05
0.000109809736893
0.01845301079
0.0284412258752
0.0275148015796
0.0321469230577
0.0320542806281
0.0330733473533
0.0315910684803
0.0365937596766
0.0220488982355
0.0314057836212
0.0229753225311
0.0327954200646
0.02742215915
0.0277000864387
0.0228826801016
0.0272368742909
0.0277927288683
0.0282559410161
0.0273295167205
0.0278853712978
0.0275491361943
0.0322395654872
0.02742215915
0.0321469230577
0.0277000864387
0.0237164619676
0.0373348991131
0.0284412258752
0.0324248503463
0.0275148015796
0.0322395654872
0.028070656157
0.0414111660137
0.0117655885542
-0.00472476390761
0.0
0.0
-1.41357985843e-16
0.00016811755179
-0.000185284859122
1.71673073322e-05
0.0
0.0
1.41357985843e-16
1.41357985843e-16
1.41357985843e-16
0.0092642429561
1.71673073319e-05
-1.71673073319e-05
0.0
1.71673073318e-05
-1.71673073319e-05
9.2642429561e-05
1.71673073319e-05
-0.00928141026343
0.0
-9.26424295608e-05
0.0
0.0
-1.71673073319e-05
1.71673073319e-05
0.0
-1.7167307332e-05
1.7167307332e-05
-1.41357985843e-16
-1.71673073319e-05
0.000185284859122
-0.0293504828635
-0.0121361582725
-0.000555854577366
-0.0516018332655
-0.00685553978751
-0.00539042822187
1.71673073319e-05
1.41357985843e-16
0.0
-0.0560658371917
-0.0124140855612
0.00333512746419
-0.0608660762215
-0.0123214431316
-0.000631329699594
-1.7167307332e-05
1.71673073319e-05
-0.0342776989376
-0.00833781866049
-0.00122151889162
-0.0284412258752
-0.00982009753346
-0.0594764397781
-0.00815253380136
-0.000833781866049
-0.0250134559815
-0.0336292019306
-0.0117655885542
-0.0487470852564
-0.0119508734134
-0.0389098204156
-0.0121361582725
-0.0249962886741
-0.012877297709
-0.0274976342723
-0.0158418554549
-0.012877297709
-0.071924859954
-0.028070656157
-0.00731875193532
-0.00500269119629
1.71673073319e-05
-1.7167307332e-05
1.7167307332e-05
-9.2642429561e-05
-1.7167307332e-05
0.0092642429561
-7.06789929214e-17
0.0
7.06789929214e-17
0.0
1.71673073319e-05
-1.71673073319e-05
3.53394964607e-17
-7.54751222291e-05
-1.71673073319e-05
3.53394964607e-17
0.0
-0.0503220065589
-0.012228800702
-0.00500269119629
1.7167307332e-05
0.0092642429561
-8.83487411518e-17
7.06789929214e-17
7.06789929214e-17
-1.76697482304e-16
7.06789929214e-17
0.0
0.0
9.26424295609e-05
-7.5475122229e-05
-1.71673073319e-05
0.0
0.0
-0.000185284859122
1.71673073319e-05
-1.6456894296e-16
-8.24149670573e-17
8.24149670573e-17
0.0
0.0
0.0
-8.24149670573e-17
8.24149670573e-17
0.0
0.0
0.0
0.0
0.0
0.0
0.0
0.0
0.0
0.0
-9.26424295611e-05
1.64825620211e-16
-4.08785483962e-17
4.12064050528e-17
2.58834202593e-19
-4.11373825988e-17
4.12667997001e-17
-1.64437368907e-16
1.64437368907e-16
-8.20245588017e-17
8.17570967924e-17
-8.20245588017e-17
-8.28096892163e-17
3.2939240622e-16
-1.64834248018e-16
1.64566786009e-16
-3.29401034027e-16
8.18865138937e-17
-8.20245588017e-17
-3.96879110643e-19
8.25422272069e-17
-8.28096892163e-17
3.2939240622e-16
-8.25508550137e-17
0.0
0.0
-8.24128101056e-17
8.24128101056e-17
-8.24128101056e-17
8.24128101056e-17
-0.000185284859122
0.000185284859122
0.0
0.0
0.0
0.000185284859122
-0.000463212147805
-0.000185284859122
-0.000277927288683
-0.000185284859122
-0.00611440035102
-0.00722610950575
-0.0112097339769
-0.00796724894224
-0.0109318066882
-0.007596679224
-0.0115803036951
-0.0132478674272
0.00370569718244
-0.00620704278058
-0.00768932165356
-0.00518797605541
-0.0106538793995
-0.0231606073902
-0.00778196408312
-0.000926424295609
0.0
-8.83487411518e-17
0.0
-0.0232532498198
-0.00778196408312
-0.00112887646206
1.7167307332e-05
-1.71673073318e-05
-0.0285338683048
-0.00704082464663
-0.00129699401385
1.7167307332e-05
-1.7167307332e-05
1.7167307332e-05
-0.0278098961756
-0.00787460651268
-0.000909256988278
-7.06789929214e-17
0.00464928878538
-1.71673073319e-05
-0.0381515136718
-0.00787460651268
-0.00092642429561
-1.71673073321e-05
1.71673073321e-05
-1.71673073321e-05
3.18055468146e-16
1.71673073318e-05
-1.71673073318e-05
-9.26424295611e-05
1.71673073318e-05
-1.71673073319e-05
-0.0198083126187
-0.00889367323785
-0.000573021884698
-0.00463212147805
-1.71673073319e-05
-0.0247355286928
-0.00833781866049
-0.000833781866049
1.71673073319e-05
-1.7167307332e-05
-0.0293676501708
-0.00824517623092
-0.00092642429561
1.71673073319e-05
-7.06789929214e-17
-1.7167307332e-05
1.71673073319e-05
0.00463212147805
-0.0429860873163
-0.00852310351961
-0.00148227887298
0.0
0.0
0.0
0.0
-7.06789929214e-17
-0.0575309487574
-0.00750403679444
-0.000446044840473
-1.71673073318e-05
9.26424295608e-05
-0.0200107647852
-0.0141742917228
-0.00750403679444
-0.000555854577366
0.0
0.0
0.0
-0.0433566570345
-0.031868995769
-0.00731875193532
-0.000277927288683
0.0
0.0
0.0
-1.41357985843e-16
1.41357985843e-16
0.0
-0.0939222562675
-0.00713346707619
-0.000370569718244
7.54751222291e-05
1.71673073319e-05
-1.71673073319e-05
-0.00463212147805
2.82715971686e-16
-2.82715971686e-16
2.82715971686e-16
-2.82715971686e-16
1.41357985843e-16
-1.41357985843e-16
1.41357985843e-16
0.0
0.0
0.0
0.0
0.0
-1.71673073318e-05
1.71673073319e-05
-0.0421694727576
-0.007596679224
-0.00648497006927
-0.000741139436488
1.71673073322e-05
-2.82715971686e-16
-1.71673073319e-05
1.71673073319e-05
-1.71673073318e-05
1.71673073319e-05
1.41357985843e-16
-1.41357985843e-16
1.41357985843e-16
-1.41357985843e-16
0.0
0.0
1.41357985843e-16
-1.41357985843e-16
0.00463212147805
0.0
1.71673073319e-05
-1.7167307332e-05
-1.41357985843e-16
1.7167307332e-05
-1.7167307332e-05
1.41357985843e-16
1.71673073319e-05
-0.0381686809791
-0.00778196408312
-0.000741139436488
-1.71673073319e-05
1.7167307332e-05
-1.7167307332e-05
0.0
1.7167307332e-05
-1.71673073319e-05
-0.00463212147805
0.0
0.0
9.26424295608e-05
0.0
0.0
0.0
-1.71673073319e-05
1.71673073319e-05
0.0
-1.71673073319e-05
1.7167307332e-05
0.0
-1.71673073319e-05
1.7167307332e-05
0.0
-1.71673073319e-05
1.71673073316e-05
2.82715971686e-16
-1.71673073322e-05
-7.5475122229e-05
-1.7167307332e-05
1.7167307332e-05
-1.41357985843e-16
-1.71673073319e-05
1.71673073322e-05
1.41357985843e-16
9.26424295608e-05
0.00463212147805
-1.71673073319e-05
-7.5475122229e-05
-1.7167307332e-05
9.26424295608e-05
0.00015523790274
-1.41357985843e-16
-1.7167307332e-05
1.7167307332e-05
-1.41357985843e-16
9.26424295608e-05
0.000185284859122
-1.71673073319e-05
-0.00472476390761
0.0
0.0
-0.048191230679
-0.00722610950575
-0.000185284859122
1.7167307332e-05
0.0
0.0
0.0
1.41357985843e-16
0.0
1.41357985843e-16
-1.71673073319e-05
1.71673073319e-05
0.000260759981351
1.71673073318e-05
-8.24149670573e-17
0.0
0.0
8.24149670573e-17
-8.24149670573e-17
0.0
0.0
0.0
8.24149670573e-17
0.0
0.0
-1.64829934115e-16
1.64829934115e-16
0.0
-1.64829934115e-16
1.64829934115e-16
-1.64829934115e-16
9.26424295611e-05
2.58834202593e-19
-9.26424295611e-05
8.22877069077e-17
-8.2348101555e-17
1.6338046258e-16
-8.22186844537e-17
8.25465411103e-17
-1.63050448972e-16
8.16298366428e-17
-8.2153975903e-17
-3.92565207266e-19
8.25443841586e-17
-8.2285549956e-17
1.64174220801e-16
-1.64437368907e-16
1.38691993556e-18
8.25443841586e-17
8.24149670573e-17
1.64566786009e-16
-1.62789457818e-16
-5.24139260251e-19
0.0
8.24149670573e-17
-8.24149670573e-17
8.24149670573e-17
-8.24149670573e-17
0.0
0.0
0.0
0.0
9.2642429561e-05
0.0
0.0
0.0
0.0
0.0
-9.26424295609e-05
0.0
0.0
0.0
-1.64829934115e-16
8.24149670573e-17
8.23502585067e-17
0.000370569718244
-0.0240870316858
-0.0125993704203
-0.00111170915473
0.0
-7.95138670366e-17
-0.047896136083
-0.00787460651268
0.00389098204156
-1.7167307332e-05
1.71673073319e-05
-1.71673073319e-05
8.83487411518e-17
1.71673073319e-05
-1.71673073319e-05
-0.00463212147805
-8.83487411518e-17
-0.0285338683048
-0.00824517623092
-0.00120435158429
7.06789929214e-17
-1.76697482304e-16
7.06789929214e-17
-0.0416890933024
-0.00815253380136
-0.000943591602942
1.7167307332e-05
-1.71673073319e-05
1.71673073319e-05
3.53394964607e-17
-1.71673073318e-05
1.71673073319e-05
-0.0292921750486
-0.00843046109005
-0.0016675637321
-0.0428008024572
-0.00787460651268
0.00363022206021
-1.7167307332e-05
0.000109809736893
-1.7167307332e-05
0.0
-7.54751222289e-05
-1.71673073319e-05
-3.53394964607e-17
-0.0334267497642
-0.012877297709
-0.00157492130254
-1.71673073319e-05
1.71673073319e-05
-0.000109809736893
-1.76697482304e-16
0.000109809736893
-1.71673073321e-05
-0.0184358434826
-0.0123214431316
-0.00620704278058
1.71673073319e-05
-1.71673073319e-05
1.71673073319e-05
7.06789929214e-17
-1.7167307332e-05
1.71673073321e-05
-0.0524527824388
-0.0123214431316
-0.000555854577366
0.00464928878538
0.0
0.0
0.0
7.06789929214e-17
-7.06789929214e-17
-0.0620704278058
-0.00730747873867
1.71673073318e-05
0.000160380628467
-0.000277927288683
0.000277927288683
0.0
0.0
0.0
0.0
-9.26424295609e-05
0.0
-1.64825620211e-16
1.64825620211e-16
0.0
-1.64825620211e-16
1.64825620211e-16
9.26424295609e-05
0.0
-6.90224540248e-20
2.07067362074e-19
-6.90224540248e-20
-4.12754275068e-17
4.14134724149e-17
-1.3804490805e-19
-1.3804490805e-19
1.3804490805e-19
-1.3804490805e-19
-1.3804490805e-19
1.3804490805e-19
-1.3804490805e-19
-1.3804490805e-19
0.0
-1.3804490805e-19
-1.3804490805e-19
0.0
-1.3804490805e-19
-8.24128101056e-17
8.24128101056e-17
-8.24128101056e-17
0.0
0.0
0.0
0.0
0.0
0.0
-8.24128101056e-17
9.26424295611e-05
0.0
0.0
0.0
0.0
0.0
0.000277927288683
0.000185284859122
-0.000833781866049
-0.0200107647852
-0.0127846552794
-0.00120435158429
-0.00629968521014
-0.0127846552794
1.71673073318e-05
0.0
0.0
-9.2642429561e-05
0.0
8.24128101056e-17
-1.64825620211e-16
0.0
1.64825620211e-16
0.0
-1.64825620211e-16
1.64825620211e-16
0.0
-1.64825620211e-16
1.64825620211e-16
-4.12064050528e-17
-1.23619215158e-16
1.64816992405e-16
-4.06887366476e-17
-1.23619215158e-16
1.64816992405e-16
-1.29417101297e-19
-1.65093082221e-16
-9.26424295609e-05
8.26888999217e-17
-8.26543886947e-17
1.79458380465e-18
8.25508550137e-17
-8.26543886947e-17
9.26424295611e-05
-8.24128101056e-17
8.2153975903e-17
2.58834202593e-19
-8.24128101056e-17
0.0
8.24128101056e-17
-8.24128101056e-17
0.0
8.24128101056e-17
-8.24128101056e-17
0.0
8.24128101056e-17
-8.24128101056e-17
-0.000277927288683
-9.26424295608e-05
0.000370569718244
-0.000277927288683
9.26424295609e-05
-0.0288117955935
-0.012228800702
1.71673073318e-05
0.0
8.24149670573e-17
-8.24149670573e-17
0.0
8.24149670573e-17
-1.64829934115e-16
1.64829934115e-16
-9.26424295609e-05
9.26424295609e-05
0.0
0.0
0.0
0.0
0.0
-4.2658033539e-17
4.09454138985e-17
-1.64575413815e-18
-4.25954819401e-17
4.09454138985e-17
-1.91968700257e-19
-1.64439525859e-16
1.65006804153e-18
8.24149670573e-17
-8.2285549956e-17
-1.29417101297e-19
8.24149670573e-17
-8.2285549956e-17
0.0
8.24149670573e-17
-8.2285549956e-17
0.0
8.25443841586e-17
-8.2153975903e-17
-8.24149670573e-17
0.0
-9.26424295609e-05
0.0
-8.24128101056e-17
9.2642429561e-05
8.24149670573e-17
-8.24149670573e-17
0.0
0.000185284859122
-0.000555854577366
0.000370569718244
1.21969147117e-16
-0.0142669341524
-0.00824517623092
1.71673073318e-05
0.0
8.24149670573e-17
-8.24149670573e-17
0.0
8.24149670573e-17
-1.64829934115e-16
1.64829934115e-16
-9.26424295609e-05
9.26424295609e-05
0.0
0.0
0.0
0.0
0.0
-4.2658033539e-17
4.09454138985e-17
-1.64575413815e-18
-4.25954819401e-17
4.09454138985e-17
-1.91968700257e-19
-1.64439525859e-16
1.65006804153e-18
8.24149670573e-17
-8.2285549956e-17
-1.29417101297e-19
8.24149670573e-17
-8.2285549956e-17
0.0
8.24149670573e-17
-8.2285549956e-17
0.0
8.25443841586e-17
-8.2153975903e-17
-8.24149670573e-17
0.0
-9.26424295609e-05
0.0
-8.24128101056e-17
9.2642429561e-05
8.24149670573e-17
-8.24149670573e-17
0.0
0.000185284859122
-0.000555854577366
0.000370569718244
1.21969147117e-16
-0.0142669341524
-0.00824517623092
1.71673073318e-05
0.0
8.24149670573e-17
-8.24149670573e-17
0.0
8.24149670573e-17
-1.64829934115e-16
1.64829934115e-16
-9.26424295609e-05
9.26424295609e-05
0.0
0.0
0.0
0.0
0.0
-4.2658033539e-17
4.09454138985e-17
-1.64575413815e-18
-4.25954819401e-17
4.09454138985e-17
-1.91968700257e-19
-1.64439525859e-16
1.65006804153e-18
8.24149670573e-17
-8.2285549956e-17
-1.29417101297e-19
8.24149670573e-17
-8.2285549956e-17
0.0
8.24149670573e-17
-8.2285549956e-17
0.0
8.25443841586e-17
-8.2153975903e-17
-8.24149670573e-17
0.0
-9.26424295609e-05
0.0
-8.24128101056e-17
9.2642429561e-05
8.24149670573e-17
-8.24149670573e-17
0.0
0.000185284859122
-0.000555854577366
0.000370569718244
1.21969147117e-16
-0.0142669341524
-0.00824517623092
