0.0
0.0
0.0
0.0
0.0
0.0
0.0
0.0
2.15695168828e-21
-4.2720585138e-17
-9.26424295609e-05
-8.08252936631e-17
-8.20245588017e-17
0.0
1.63186336928e-16
-8.35344249835e-17
-8.06354819145e-17
8.09029439238e-17
-2.47238430317e-16
1.64963665119e-16
9.2642429561e-05
8.24149670573e-17
0.0
0.0
0.0
0.0
0.0
0.0
-1.64829934115e-16
0.0
1.64829934115e-16
-1.64829934115e-16
0.0
1.64829934115e-16
-9.26424295611e-05
8.39313040942e-17
-8.20935812558e-17
2.58834202593e-19
8.22833930043e-17
-8.06354819145e-17
1.64791108984e-18
8.24128101056e-17
-8.25422272069e-17
1.64791108984e-18
0.0
-1.29417101297e-19
1.64437368907e-16
9.26424295609e-05
0.0
0.0
0.0
8.24149670573e-17
-8.24149670573e-17
8.24149670573e-17
0.0
0.0
0.0
0.0
0.0
-9.2642429561e-05
-8.2611249661e-17
-1.57888863582e-18
1.57888863582e-18
2.58834202593e-19
0.0
8.22833930043e-17
-8.06354819145e-17
1.62918874919e-16
-8.2153975903e-17
-1.29417101297e-19
-8.26716443082e-17
9.26424295609e-05
1.65690557838e-16
-8.24149670573e-17
8.24149670573e-17
0.0
0.0
0.0
0.0
0.000277927288683
-0.000185284859122
0.0
0.0
0.0
0.0
0.0
0.0
0.0
0.0
0.0
0.0
0.0
0.0
0.0
9.26424295609e-05
0.0
8.24128101056e-17
-9.2642429561e-05
-0.000185284859122
0.0
0.0
-1.6469620311e-16
6.90224540248e-20
4.11460104055e-17
1.23360380956e-16
-1.64566786009e-16
8.22833930043e-17
8.22833930043e-17
-1.64825620211e-16
8.22833930043e-17
0.0
8.24128101056e-17
-1.90674529244e-18
-1.64825620211e-16
0.0
-8.24128101056e-17
0.0
8.24128101056e-17
-8.24128101056e-17
0.0
-9.26424295609e-05
0.0
9.26424295609e-05
0.0
0.0
0.0
1.64825620211e-16
-1.61469403384e-16
8.06354819145e-17
8.06958765618e-17
-1.61339986283e-16
1.77732819114e-18
8.2153975903e-17
-8.06354819145e-17
8.40607211955e-17
-1.77732819114e-18
8.07648990158e-17
-8.08943161171e-17
8.22833930043e-17
-1.62918874919e-16
0.0
-8.24128101056e-17
8.24128101056e-17
-9.2642429561e-05
0.0
9.2642429561e-05
0.000185284859122
-0.000277927288683
0.0
-1.72556135062e-19
9.26424295611e-05
0.000277927288683
8.16880743384e-17
4.14134724149e-19
5.52179632199e-19
-0.000370569718244
-0.0105612369699
-0.0127846552794
0.00435419418936
-0.00240870316858
-0.0244576014041
-0.012228800702
-0.0386318931269
-0.00796724894224
-0.0801528688776
-0.00768932165356
0.000202452166454
0.0
3.53394964607e-17
-3.53394964607e-17
1.76697482304e-16
0.0092642429561
1.71673073319e-05
-1.7167307332e-05
-0.0792847523968
-0.0121361582725
9.2642429561e-05
-0.00928141026343
0.0
-1.71673073318e-05
0.000109809736893
1.06018489382e-16
3.53394964607e-17
-3.53394964607e-17
-1.71673073321e-05
1.7167307332e-05
-3.53394964607e-17
-1.71673073321e-05
1.71673073321e-05
-3.53394964607e-17
0.00937405269299
-0.0289970804526
-0.0277927288683
-0.012877297709
-0.00075830674382
2.12036978764e-16
-7.06789929214e-17
-0.0092642429561
0.0
-1.71673073321e-05
1.7167307332e-05
0.0
-1.7167307332e-05
1.71673073319e-05
0.0
-1.71673073323e-05
1.7167307332e-05
0.0139890068637
-9.2642429561e-05
0.000109809736893
-1.71673073319e-05
1.7167307332e-05
-1.71673073318e-05
-7.06789929214e-17
1.7167307332e-05
-1.71673073318e-05
0.0
-7.06789929214e-17
-0.0092642429561
0.0
-1.7167307332e-05
1.71673073321e-05
9.26424295607e-05
-1.71673073319e-05
1.71673073318e-05
-7.06789929214e-17
-1.71673073318e-05
1.71673073317e-05
0.0092642429561
7.06789929214e-17
-7.5475122229e-05
-1.71673073319e-05
0.0
-7.06789929214e-17
7.06789929214e-17
1.7167307332e-05
-1.71673073318e-05
1.41357985843e-16
1.7167307332e-05
-1.71673073319e-05
7.06789929214e-17
-1.41357985843e-16
0.0
-0.0092642429561
-1.7167307332e-05
1.71673073318e-05
0.0
7.54751222291e-05
1.71673073317e-05
-0.000387737025576
-7.54751222291e-05
3.29262989119e-16
0.0
0.0
0.0
0.0
-9.26424295611e-05
0.0
0.0
1.25206731601e-16
-1.23412147796e-16
9.26424295609e-05
1.64825620211e-16
0.0
-1.29417101297e-19
-8.24128101056e-17
8.22833930043e-17
-1.29417101297e-19
-8.24128101056e-17
8.22833930043e-17
-1.29417101297e-19
0.0
0.0
-8.24128101056e-17
0.0
0.0
8.24128101056e-17
-9.26424295609e-05
-8.24128101056e-17
8.24128101056e-17
-1.64825620211e-16
0.0
1.64825620211e-16
0.0
-1.64825620211e-16
9.26424295611e-05
0.0
-3.96188886102e-17
4.11373825988e-17
0.0
-1.29417101297e-19
-0.000185284859122
-9.2642429561e-05
0.0
0.0
0.0
0.0
0.0
0.0
0.0
0.0
0.0
0.0
0.0
0.0
0.0
0.0
0.0
0.0
0.0
0.0
0.0
0.0
0.0
0.0
0.0
0.0
0.0
0.0
0.0
0.0
0.0
0.0
0.0
0.0
0.0
0.0
0.0
0.0
0.0
0.0
0.0
0.0
0.0
0.0
0.0
0.0
0.0
0.0
-9.26424295609e-05
0.0
9.26424295609e-05
0.0
0.0
0.0
0.0
0.0
0.0
0.0
0.0
0.0
0.0
0.0
0.0
0.0
0.0
0.0
0.0
0.0
0.0
0.0
0.0
-9.2642429561e-05
-8.24128101056e-17
1.64825620211e-16
-1.64825620211e-16
0.0
9.26424295611e-05
0.0
0.0
0.0
0.0
0.0
0.0
0.0
0.0
0.0
0.0
0.0
0.0
0.0
9.26424295609e-05
-0.000277927288683
9.26424295609e-05
0.0
8.24128101056e-17
0.0
0.0
0.0
0.0
-4.28629439494e-17
-1.23343125342e-16
1.63169081315e-16
-4.10683601448e-17
-1.23412147796e-16
1.64273440579e-16
-8.21367202895e-17
-8.25508550137e-17
1.79458380465e-18
1.64549530395e-16
0.000555854577366
9.26424295611e-05
0.0
0.0
0.0
0.0
0.0
-1.64825620211e-16
1.64825620211e-16
-0.000185284859122
-0.000185284859122
8.25163437867e-17
-9.2642429561e-05
-9.2642429561e-05
-0.0545663910114
-0.0124140855612
-0.00463212147805
-8.83487411518e-17
7.95138670366e-17
-0.0476182087943
-0.012228800702
-0.00075830674382
-0.0700376767481
-0.0126920128499
-0.000260759981351
0.0092642429561
1.7167307332e-05
-1.71673073319e-05
0.0
1.71673073319e-05
-1.7167307332e-05
0.000202452166454
-0.00472476390761
7.06789929214e-17
-1.7167307332e-05
1.7167307332e-05
0.0
7.5475122229e-05
1.7167307332e-05
-3.53394964607e-17
-1.71673073319e-05
-0.070686173755
-0.0556781001661
-0.0125067279907
0.00474193121494
-1.71673073318e-05
1.71673073318e-05
-1.71673073319e-05
1.41357985843e-16
1.71673073319e-05
-1.71673073319e-05
9.26424295611e-05
1.7167307332e-05
-1.71673073318e-05
0.0
-7.06789929214e-17
0.0
-0.00935688538566
-1.7167307332e-05
1.71673073321e-05
-2.12036978764e-16
-7.06789929214e-17
-1.7167307332e-05
1.71673073321e-05
-3.53394964607e-16
-1.7167307332e-05
1.71673073322e-05
0.0092642429561
-7.06789929214e-17
7.06789929214e-17
1.7167307332e-05
-1.7167307332e-05
7.06789929214e-17
1.7167307332e-05
-1.71673073318e-05
-7.06789929214e-17
0.000109809736893
-1.71673073318e-05
2.82715971686e-16
-1.41357985843e-16
7.06789929214e-17
-9.26424295609e-05
-0.00463212147805
-1.41357985843e-16
7.06789929214e-17
-1.71673073321e-05
1.71673073318e-05
0.0
-1.71673073319e-05
1.71673073318e-05
-7.06789929214e-17
-1.71673073319e-05
0.00928141026343
0.0
-7.06789929214e-17
7.06789929214e-17
0.0
1.71673073319e-05
-1.7167307332e-05
9.2642429561e-05
1.71673073318e-05
-9.26424295608e-05
-1.7167307332e-05
1.41357985843e-16
1.71673073321e-05
-1.71673073321e-05
-7.06789929214e-17
0.0
-0.00461495417072
-7.06789929214e-17
7.5475122229e-05
1.71673073318e-05
1.64437368907e-16
8.24149670573e-17
-9.2642429561e-05
0.0
0.0
0.0
0.0
0.0
0.0
0.0
0.0
0.0
0.0
0.0
0.0
0.0
0.0
0.0
0.0
0.0
0.0
9.26424295609e-05
8.24149670573e-17
-9.2642429561e-05
0.0
0.0
0.0
0.0
0.0
0.0
0.0
0.0
0.0
0.0
0.0
0.0
0.0
0.0
0.0
0.0
0.0
0.0
0.0
0.0
0.0
0.0
0.0
0.0
-9.26424295609e-05
0.0
9.26424295609e-05
0.0
0.0
0.0
0.0
0.0
0.0
0.0
0.0
0.0
0.0
0.0
0.0
0.0
0.0
0.0
0.0
0.0
0.0
0.0
-9.26424295611e-05
9.26424295611e-05
0.0
0.0
0.0
0.0
0.0
0.0
0.0
0.0
0.0
0.0
0.0
0.0
0.0
0.0
0.0
0.0
0.000370569718244
9.26424295609e-05
8.22747651976e-17
-8.22747651976e-17
-8.25508550137e-17
1.64687575303e-16
9.2642429561e-05
0.0
0.0
0.0
0.0
0.0
0.0
0.0
0.0
0.0
0.0
0.0
0.0
-2.07067362074e-19
1.58751644257e-18
-6.90224540248e-20
-1.3804490805e-19
-1.51849398855e-18
-1.63031036407e-16
-9.26424295608e-05
9.26424295609e-05
0.000277927288683
0.0
9.26424295609e-05
8.24128101056e-17
0.0
-8.24128101056e-17
8.24128101056e-17
-8.24128101056e-17
0.0
0.0
0.0
-9.26424295609e-05
0.0
0.000185284859122
-9.26424295609e-05
-8.0756271209e-17
0.000277927288683
-0.000555854577366
-8.24128101056e-17
0.0
0.0
0.0
0.000277927288683
9.2642429561e-05
1.6565388966e-18
-9.2642429561e-05
0.000555854577366
0.000185284859122
-0.000463212147805
-0.0152860008776
-0.00889367323785
-0.0336292019306
-0.0120435158429
-0.0667951917134
-0.0123214431316
-0.000665664314259
1.7167307332e-05
-1.7167307332e-05
1.7167307332e-05
0.0
3.53394964607e-17
-9.26424295609e-05
-1.59027734073e-16
-0.0724463799167
-0.00731875193532
-0.000370569718244
-0.0515091908359
-0.00843046109005
-0.000566335348678
1.7167307332e-05
-1.7167307332e-05
1.7167307332e-05
0.0
-1.7167307332e-05
-0.0568824517504
-0.0124140855612
0.00363022206021
-1.71673073319e-05
0.0
1.71673073319e-05
-1.71673073318e-05
1.7167307332e-05
-1.71673073318e-05
7.06789929214e-17
0.00511250093318
0.0125993704203
-0.00427871906714
1.7167307332e-05
-0.000109809736893
1.7167307332e-05
-7.06789929214e-17
-7.06789929214e-17
-1.7167307332e-05
1.71673073319e-05
7.06789929214e-17
-1.7167307332e-05
0.00928141026343
0.0
1.7167307332e-05
7.5475122229e-05
0.0
1.7167307332e-05
-1.71673073319e-05
-0.000260759981351
9.26424295608e-05
-1.7167307332e-05
-7.06789929214e-17
-0.00928141026343
1.71673073319e-05
-1.7167307332e-05
1.71673073319e-05
-7.06789929214e-17
-1.7167307332e-05
1.71673073319e-05
-1.71673073319e-05
0.00453947904849
1.41357985843e-16
7.06789929214e-17
0.000109809736893
-1.71673073317e-05
1.7167307332e-05
-1.71673073319e-05
-7.54751222288e-05
-0.000234523237503
-7.54751222291e-05
-2.46677622878e-16
8.24128101056e-17
-8.24128101056e-17
0.0
0.0
0.0
0.0
-9.26424295609e-05
1.1043592644e-18
6.90224540248e-20
0.0
0.0
1.3804490805e-19
0.0
9.26424295611e-05
-8.21453480963e-17
8.11617781264e-17
-1.62918874919e-16
1.63574588232e-16
2.58834202593e-19
-1.64566786009e-16
1.71673073321e-05
0.0
0.0
-8.24128101056e-17
8.24128101056e-17
0.0
-0.000185284859122
0.000185284859122
-1.36319346699e-18
-1.20711644283e-16
1.24947897398e-16
1.58751644257e-18
9.26424295608e-05
8.08943161171e-17
1.2510319792e-19
-8.21582898064e-17
8.08943161171e-17
-1.51849398855e-18
1.2510319792e-19
-8.20245588017e-17
-8.2279079101e-17
0.0
0.0
0.0
0.0
-9.2642429561e-05
8.24128101056e-17
-8.24128101056e-17
1.64825620211e-16
0.0
-1.64825620211e-16
0.0
1.64825620211e-16
-1.25267126248e-16
-4.09475708502e-17
9.26424295611e-05
-8.39269901908e-17
-8.22877069077e-17
2.04047629711e-18
1.64963665119e-16
-1.64700517013e-16
4.31390337655e-21
8.43238693014e-17
8.28053753129e-17
4.31390337655e-21
-8.05060648132e-17
8.25422272069e-17
-9.2642429561e-05
8.24128101056e-17
-8.24128101056e-17
0.0
8.24128101056e-17
0.0
-8.24128101056e-17
0.0
0.0
0.0
0.0
0.0
9.26424295609e-05
1.23494111961e-16
3.9627516417e-17
-1.64631494559e-16
2.58834202593e-19
1.64955037313e-16
1.29417101297e-19
-9.2642429561e-05
8.05060648132e-17
-1.64791108984e-18
-8.2153975903e-17
-8.22833930043e-17
1.62918874919e-16
1.71673073318e-05
0.0
0.0
0.0
0.0
0.0
0.0
-8.24128101056e-17
0.0
0.0
0.0
0.0
0.0
9.2642429561e-05
4.28543161427e-17
-6.90224540248e-20
-8.08252936631e-17
8.25422272069e-17
-9.2642429561e-05
-8.24128101056e-17
1.63186336928e-16
-8.39226762874e-17
-8.24128101056e-17
0.0
8.09029439238e-17
-2.47109013216e-16
0.0
0.0
0.0
0.0
0.0
0.0
0.0
9.2642429561e-05
0.0
0.0
0.0
0.0
-9.26424295611e-05
1.64791108984e-18
7.93067996745e-17
-8.07045043685e-17
8.07648990158e-17
-8.28010614095e-17
-1.90674529244e-18
8.07648990158e-17
-8.08943161171e-17
1.38907688725e-18
-2.58834202593e-19
-1.29417101297e-19
1.51849398855e-18
6.64341119989e-19
8.24128101056e-17
0.0
-8.24128101056e-17
0.000185284859122
-0.000277927288683
0.000741139436488
-0.000185284859122
9.2642429561e-05
-0.0154712857367
-0.0134331522863
-0.000555854577366
-0.0294602926004
-0.0123214431316
-0.000555854577366
-0.112560551917
-0.007596679224
0.000353402410912
1.7167307332e-05
-1.7167307332e-05
1.7167307332e-05
-9.26424295609e-05
3.53394964607e-17
-3.53394964607e-17
7.06789929214e-17
-0.0350943134963
-0.0125067279907
-0.000741139436488
-1.7167307332e-05
1.71673073319e-05
0.0
-1.71673073319e-05
-0.0092642429561
7.06789929214e-17
-0.033557734043
-0.00778196408312
-0.0624409975241
-0.0121361582725
0.0042615517598
1.41357985843e-16
1.71673073319e-05
-1.71673073319e-05
-9.2642429561e-05
1.71673073322e-05
-1.71673073319e-05
7.06789929214e-17
1.7167307332e-05
0.0147301463002
0.00815253380136
-0.0043713614967
1.71673073317e-05
7.54751222292e-05
1.71673073318e-05
-7.06789929214e-17
-1.7167307332e-05
1.71673073319e-05
-7.06789929214e-17
-7.06789929214e-17
0.0092642429561
0.0
0.0
1.71673073319e-05
-0.000185284859122
0.000277927288683
-1.71673073318e-05
-7.06789929214e-17
1.7167307332e-05
-1.71673073318e-05
-0.00477459612421
9.26424295609e-05
0.0145448614411
0.00889367323785
0.00492721607406
-1.71673073319e-05
1.71673073319e-05
-1.7167307332e-05
0.0
0.000109809736893
-1.71673073319e-05
0.0
1.71673073318e-05
-1.7167307332e-05
1.71673073321e-05
1.71673073318e-05
0.0
0.0
0.0
0.0
0.0
0.0
0.0
0.0
-1.61465089481e-16
1.24943583495e-16
3.96253594653e-17
-2.56677250905e-19
-8.07670559675e-17
8.2285549956e-17
-1.29417101297e-19
-8.07670559675e-17
8.25465411103e-17
0.0
-8.25465411103e-17
8.21518189513e-17
1.64791108984e-18
-8.24149670573e-17
8.24149670573e-17
0.0
0.0
-8.24149670573e-17
8.24149670573e-17
0.0
-1.64829934115e-16
0.0
-0.000185284859122
-9.26424295609e-05
1.6472208653e-16
-1.64825620211e-16
-1.6565388966e-18
1.64687575303e-16
-1.6472208653e-16
-1.6565388966e-18
1.03533681037e-19
1.03533681037e-19
-1.64584041622e-16
1.63169081315e-16
8.24128101056e-17
0.0
-9.2642429561e-05
0.0
8.24128101056e-17
-8.24128101056e-17
-8.24128101056e-17
0.0
1.64825620211e-16
0.0
-1.64825620211e-16
1.64825620211e-16
9.26424295609e-05
-4.12064050528e-17
4.11373825988e-17
6.90224540248e-20
-8.18951417004e-17
8.08943161171e-17
-8.21712315165e-17
2.41578589087e-19
-8.0618226301e-17
1.64445996714e-16
-1.3804490805e-19
-9.26424295609e-05
-1.3804490805e-19
0.0
0.0
0.0
8.24128101056e-17
-8.24128101056e-17
0.0
0.0
0.0
8.24128101056e-17
0.0
-1.64825620211e-16
9.26424295609e-05
1.64825620211e-16
-1.64618552849e-16
-9.26424295609e-05
8.0756271209e-17
8.0618226301e-17
-1.3804490805e-19
-1.62892991499e-16
8.0756271209e-17
-8.04801813929e-17
8.42073939103e-17
8.08943161171e-17
0.0
-8.0756271209e-17
8.25508550137e-17
-1.63031036407e-16
0.0
8.24128101056e-17
-8.24128101056e-17
0.0
8.24128101056e-17
0.0
-1.64825620211e-16
0.0
1.64825620211e-16
0.0
-1.64825620211e-16
1.64825620211e-16
9.26424295609e-05
-9.2642429561e-05
8.08943161171e-17
1.79458380465e-18
-8.0756271209e-17
8.04801813929e-17
-1.51849398855e-18
-8.0618226301e-17
8.21367202895e-17
-1.3804490805e-19
-8.24128101056e-17
8.22747651976e-17
-1.3804490805e-19
0.0
0.0
0.0
0.0
0.0
0.0
9.26424295609e-05
8.24128101056e-17
0.0
0.0
-9.26424295609e-05
0.0
-1.64825620211e-16
1.64411485487e-16
-8.0756271209e-17
-8.22747651976e-17
1.63169081315e-16
-1.3804490805e-19
-1.64825620211e-16
8.22747651976e-17
-8.25508550137e-17
1.93262871269e-18
8.40693490022e-17
-8.25508550137e-17
-1.3804490805e-19
1.6565388966e-18
0.0
0.0
0.0
0.0
0.0
9.26424295609e-05
9.2642429561e-05
-9.26424295609e-05
-0.000463212147805
-0.000463212147805
-0.0292750077413
-0.00796724894224
-0.000741139436488
0.0
-0.0477108512239
-0.012877297709
-0.000579448249977
-0.0802283439998
-0.0129699401385
-7.54751222291e-05
-7.06789929214e-17
7.06789929214e-17
7.06789929214e-17
-1.76697482304e-16
-0.0708714586141
-0.00778196408312
-0.000741139436488
-1.71673073318e-05
0.0
1.71673073318e-05
-0.00928141026343
9.2642429561e-05
-0.000109809736893
1.7167307332e-05
-0.000109809736893
-0.0330363066733
-0.0080598913718
0.00344493720109
-1.71673073319e-05
1.7167307332e-05
-1.71673073318e-05
0.000387737025576
-0.000277927288683
-0.00464928878538
-0.000277927288683
0.0048345736445
-0.000463212147805
-1.71673073318e-05
1.7167307332e-05
-1.7167307332e-05
7.06789929214e-17
1.41357985843e-16
-0.020769071529
9.26424295608e-05
0.00250134559815
-7.54751222289e-05
-1.71673073319e-05
-0.00016811755179
-0.000202452166454
-0.0092642429561
4.07915949269e-05
-7.54751222291e-05
-9.26424295611e-05
0.0
8.24128101056e-17
-1.64825620211e-16
0.0
1.64825620211e-16
-1.64825620211e-16
0.0
9.2642429561e-05
8.2153975903e-17
-1.63108686667e-16
8.22833930043e-17
-8.24128101056e-17
0.0
8.39313040942e-17
-8.25422272069e-17
0.0
8.39313040942e-17
-8.25422272069e-17
2.58834202593e-19
-0.00928141026343
0.00928141026343
0.0
-9.26424295611e-05
8.24128101056e-17
-8.24128101056e-17
0.0
1.64825620211e-16
-1.64825620211e-16
0.0
0.0
0.0
0.0
9.2642429561e-05
4.11977772461e-17
-4.10856157583e-17
4.11977772461e-17
-8.6278067531e-21
-8.07735268225e-17
2.47367847418e-16
-1.64963665119e-16
-8.24214379124e-17
2.47238430317e-16
-1.64834248018e-16
-8.39313040942e-17
2.47238430317e-16
-1.64704830917e-16
0.0
0.0
-9.2642429561e-05
0.0
0.0
8.24128101056e-17
-8.24128101056e-17
0.0
1.64825620211e-16
0.0
-1.64825620211e-16
0.0
9.2642429561e-05
4.09475708502e-17
-3.94980993157e-17
3.96188886102e-17
-1.64791108984e-18
-1.64791108984e-18
2.58834202593e-19
2.58834202593e-19
-9.26424295611e-05
8.39313040942e-17
-8.24128101056e-17
1.3804490805e-19
8.0756271209e-17
1.64687575303e-16
0.0
0.0
-8.24128101056e-17
8.24128101056e-17
-8.24128101056e-17
0.0
0.0
1.64825620211e-16
9.26424295609e-05
0.0
0.0
0.0
3.19228849865e-19
-9.2642429561e-05
-4.12064050528e-17
1.63100058861e-16
-1.64929153892e-16
-1.03533681037e-19
-1.03533681037e-19
-2.41578589087e-19
1.6565388966e-18
-1.03533681037e-19
-3.79623497136e-19
1.6565388966e-18
-0.00928141026343
0.00463212147805
0.0
0.0
0.0
9.26424295609e-05
-0.000277927288683
0.0
1.7167307332e-05
-0.000109809736893
-1.61236452602e-16
1.1043592644e-18
1.64549530395e-16
-1.63445171131e-16
1.1043592644e-18
8.17225855654e-17
-8.28269448298e-17
1.1043592644e-18
2.20871852879e-18
-2.20871852879e-18
9.26424295611e-05
0.0
8.28269448298e-17
-8.28269448298e-17
0.0
8.28269448298e-17
-8.28269448298e-17
0.0
8.28269448298e-17
0.0
-9.26424295611e-05
0.0
0.0
0.0
1.1043592644e-18
-1.1043592644e-18
8.17225855654e-17
-8.0618226301e-17
-1.1043592644e-18
1.1043592644e-18
1.63445171131e-16
-1.66758248924e-16
8.28269448298e-17
9.26424295612e-05
0.0
-2.47376475225e-16
8.17225855654e-17
-0.000185284859122
8.28269448298e-17
9.26424295609e-05
0.000174391570514
0.000185284859122
-5.52179632199e-19
-9.26424295609e-05
-0.019825479926
-0.00843046109005
-0.000648497006927
-0.0382613234087
-0.00833781866049
-0.00120435158429
-0.042615517598
-0.0080598913718
-0.000850949173381
1.71673073321e-05
-7.06789929214e-17
-7.06789929214e-17
-0.0662393371361
-0.00787460651268
0.00481740633717
-0.000109809736893
-0.0981838080273
-0.0125993704203
-0.000573021884698
-0.0138963644341
-7.06789929214e-17
-1.71673073319e-05
1.71673073318e-05
-7.06789929214e-17
-1.7167307332e-05
7.06789929214e-17
0.00928141026343
7.06789929214e-17
1.71673073319e-05
-1.71673073318e-05
-1.41357985843e-16
1.7167307332e-05
-0.000109809736893
7.06789929214e-17
1.71673073319e-05
-1.71673073316e-05
0.0
0.000109809736893
-1.71673073318e-05
0.0
-0.00928141026343
1.71673073319e-05
7.06789929214e-17
-7.06789929214e-17
-7.06789929214e-17
-1.7167307332e-05
1.71673073319e-05
-0.000145228386242
0.00444683661893
7.06789929214e-17
1.7167307332e-05
-1.7167307332e-05
0.0
1.7167307332e-05
-7.06789929214e-17
-1.71673073318e-05
1.41357985843e-16
1.7167307332e-05
-1.71673073318e-05
7.06789929214e-17
-7.06789929214e-17
-0.00917160052653
-1.7167307332e-05
1.71673073318e-05
-7.06789929214e-17
-1.7167307332e-05
1.7167307332e-05
-2.12036978764e-16
-1.71673073319e-05
1.71673073318e-05
1.41357985843e-16
-1.7167307332e-05
-9.2642429561e-05
1.71673073319e-05
0.0092642429561
1.7167307332e-05
-1.7167307332e-05
1.7167307332e-05
-1.7167307332e-05
1.41357985843e-16
-2.79343727195e-05
0.0
-1.7167307332e-05
1.71673073323e-05
7.06789929214e-17
-1.71673073321e-05
9.26424295611e-05
-0.0092642429561
-1.7167307332e-05
-7.54751222291e-05
-1.64566786009e-16
-8.24128101056e-17
8.24128101056e-17
0.0
0.0
0.0
0.0
0.0
-4.28543161427e-17
3.94894715089e-17
1.38907688725e-18
6.90224540248e-20
-2.58834202593e-19
-1.29417101297e-19
-9.2642429561e-05
-8.0618226301e-17
1.79458380465e-18
8.23092764246e-17
-2.47238430317e-16
9.26424295611e-05
8.2153975903e-17
8.24128101056e-17
0.0
-8.24128101056e-17
8.24128101056e-17
-8.24128101056e-17
0.0
8.24128101056e-17
0.0
-1.64825620211e-16
0.0
1.64825620211e-16
-1.64825620211e-16
8.24128101056e-17
8.08339214698e-17
-1.57888863582e-18
-8.06958765618e-17
8.08943161171e-17
-9.26424295611e-05
0.0
-1.3804490805e-19
1.6565388966e-18
1.6565388966e-18
-1.3804490805e-19
-1.3804490805e-19
1.6565388966e-18
1.64549530395e-16
9.26424295609e-05
0.0
0.0
0.0
0.0
0.0
8.24128101056e-17
0.0
0.0
0.0
0.0
-1.64825620211e-16
1.6469620311e-16
-9.2642429561e-05
-3.95498661562e-17
1.6565388966e-18
-1.03533681037e-19
1.64584041622e-16
-1.64445996714e-16
8.23092764246e-17
8.27924336028e-17
9.26424295609e-05
-8.09460829576e-17
-8.07648990158e-17
1.63177709121e-16
-1.29417101297e-19
0.0
0.0
0.0
0.0
0.0
0.0
-8.24128101056e-17
1.64825620211e-16
-1.64825620211e-16
0.0
1.64825620211e-16
0.0
-9.2642429561e-05
8.0756271209e-17
0.000277927288683
-0.000185284859122
0.0
-1.64791108984e-18
-8.24128101056e-17
8.24128101056e-17
0.0
8.24128101056e-17
-8.24128101056e-17
-0.000185284859122
0.0
0.0
0.0
0.0
9.26424295609e-05
-4.12754275068e-17
-1.44947153452e-18
4.10683601448e-17
-4.11028713718e-17
-1.03533681037e-19
-1.03533681037e-19
1.6565388966e-18
1.6565388966e-18
-1.03533681037e-19
1.6472208653e-16
-9.26424295611e-05
0.0
0.0
0.0
0.0
0.0
0.0
0.0
0.0
9.26424295609e-05
0.0
0.0
0.0
0.0
0.0
-1.3804490805e-19
4.10683601448e-17
-4.09303152367e-17
-6.90224540248e-20
8.21712315165e-17
8.20331866085e-17
-8.08943161171e-17
-9.2642429561e-05
0.0
0.0
0.0
0.0
0.0
0.0
0.0
0.0
0.0
0.0
9.2642429561e-05
0.000277927288683
-0.000277927288683
1.64825620211e-16
-1.26656203136e-16
9.2642429561e-05
4.08267815557e-17
-0.023623819538
-0.012877297709
-0.000648497006927
-0.0387245355565
-0.0126920128499
-0.00111170915473
-0.0471721639539
-0.0121361582725
-0.0605881489329
-0.0125067279907
-0.0422277805725
-0.0127846552794
-0.000463212147805
-1.71673073321e-05
1.7167307332e-05
-1.7167307332e-05
-3.53394964607e-17
-0.0091701230961
-0.000185284859122
1.71673073321e-05
-1.71673073321e-05
1.7167307332e-05
7.54751222289e-05
-0.0243477916672
-0.0133405098568
-0.000185284859122
7.54751222291e-05
1.71673073319e-05
-1.71673073318e-05
7.06789929214e-17
-1.41357985843e-16
-0.00928141026343
1.7167307332e-05
-1.71673073321e-05
-7.06789929214e-17
1.71673073319e-05
0.0
-1.7167307332e-05
1.7167307332e-05
-7.06789929214e-17
-1.7167307332e-05
1.71673073319e-05
-1.7167307332e-05
0.00464928878538
7.06789929214e-17
-7.5475122229e-05
-1.71673073319e-05
0.0
1.7167307332e-05
-1.71673073319e-05
9.26424295611e-05
1.71673073319e-05
-1.71673073318e-05
1.7167307332e-05
-1.71673073318e-05
7.06789929214e-17
0.0
-0.00928141026343
1.71673073319e-05
-7.06789929214e-17
-1.7167307332e-05
1.71673073321e-05
0.0
-1.71673073322e-05
1.71673073319e-05
1.41357985843e-16
-1.7167307332e-05
1.71673073318e-05
0.00463212147805
7.06789929214e-17
-9.2642429561e-05
7.06789929214e-17
1.7167307332e-05
7.54751222291e-05
1.7167307332e-05
-1.71673073318e-05
0.0
1.7167307332e-05
-1.7167307332e-05
-0.00016811755179
-7.54751222291e-05
2.46850179013e-16
0.0
-1.64825620211e-16
1.64825620211e-16
0.0
0.0
0.0
0.0
0.0
-3.9558493963e-17
3.97569335183e-17
-1.44947153452e-18
0.0
-1.29417101297e-19
-1.29417101297e-19
0.0
-1.29417101297e-19
-1.29417101297e-19
-1.29417101297e-19
-1.29417101297e-19
0.0
0.0
0.0
-9.2642429561e-05
9.2642429561e-05
0.0
0.0
0.0
0.0
0.0
0.0
0.0
0.0
0.0
1.51849398855e-18
0.0
-6.03946472717e-20
0.0
0.0
-2.58834202593e-19
-1.29417101297e-19
-1.29417101297e-19
-8.25422272069e-17
8.2153975903e-17
-1.29417101297e-19
0.0
0.0
-9.2642429561e-05
8.24128101056e-17
-8.24128101056e-17
0.0
9.2642429561e-05
0.0
0.0
0.0
0.0
0.0
0.0
0.0
-1.45809934127e-18
-6.03946472717e-20
1.77732819114e-18
1.77732819114e-18
0.0
-1.29417101297e-19
-8.24128101056e-17
-1.29417101297e-19
8.22833930043e-17
-9.26424295611e-05
1.64549530395e-16
-1.62927502726e-16
-1.55300521556e-18
2.47238430317e-16
9.26424295609e-05
0.0
0.0
0.0
0.0
0.0
0.0
0.0
0.0
0.0
0.0
0.0
-6.03946472717e-20
-4.12064050528e-17
0.000185284859122
-9.2642429561e-05
1.63050448972e-16
-8.38018869929e-17
-8.25443841586e-17
-1.29417101297e-19
2.46983910018e-16
-8.24149670573e-17
8.24149670573e-17
0.0
-8.24149670573e-17
0.0
8.30232274334e-17
-0.000185284859122
1.64687575303e-16
-3.97224222913e-17
9.26424295609e-05
-1.51849398855e-18
-0.000185284859122
0.000185284859122
0.0
0.0
0.0
0.0
0.0
0.0
0.0
0.0
0.0
0.0
-1.64791108984e-18
1.98439555321e-19
1.98439555321e-19
-1.38907688725e-18
0.0
-1.29417101297e-19
-1.29417101297e-19
-9.2642429561e-05
8.0756271209e-17
9.26424295609e-05
0.000277927288683
-9.2642429561e-05
8.24128101056e-17
9.26424295609e-05
0.0
0.0
0.0
0.000185284859122
9.26424295609e-05
1.72556135062e-18
-0.000277927288683
-0.00259398802771
-0.0243649589745
-0.0125067279907
-0.0369471620875
-0.00815253380136
-0.0435419418936
-0.0123214431316
-0.000943591602941
-0.0473402815056
-0.0125993704203
-0.000353402410912
0.0092642429561
-0.042968920009
-0.0125067279907
-0.00111170915473
-1.7167307332e-05
1.7167307332e-05
-1.71673073318e-05
-0.0092642429561
-1.71673073319e-05
-9.2642429561e-05
-0.0330733473533
-0.0275148015796
-0.0125993704203
-0.000648497006927
0.00446400392626
-1.7167307332e-05
1.71673073321e-05
-1.71673073318e-05
0.0
1.7167307332e-05
-1.71673073319e-05
-7.54751222287e-05
-0.00455664635582
1.71673073319e-05
-1.7167307332e-05
1.71673073318e-05
-7.06789929214e-17
-1.7167307332e-05
1.71673073318e-05
-7.06789929214e-17
-1.7167307332e-05
1.71673073318e-05
0.00917160052653
7.06789929214e-17
1.7167307332e-05
-1.7167307332e-05
0.000109809736893
-1.71673073319e-05
-7.06789929214e-17
1.7167307332e-05
-1.71673073319e-05
-0.00016811755179
-0.00501985850362
9.26424295609e-05
0.00435419418936
0.0
-7.5475122229e-05
-1.71673073319e-05
-0.0182333913162
-0.0133405098568
-0.000648497006927
-1.71673073319e-05
7.06789929214e-17
1.41357985843e-16
7.06789929214e-17
-9.2642429561e-05
-0.0048345736445
1.71673073318e-05
-8.22833930043e-17
-8.24149670573e-17
0.0
1.64829934115e-16
-1.64829934115e-16
0.0
1.64829934115e-16
-1.64829934115e-16
0.000185284859122
-0.000277927288683
0.0
0.0
0.0
0.0
1.29417101297e-19
0.0
0.00463212147805
0.0
0.0
0.0
0.0
0.0
0.0
0.0
0.0
0.0
0.0
0.0
0.0
-9.26424295609e-05
-4.19656520471e-17
9.26424295609e-05
0.0
0.0
0.0
1.1043592644e-18
1.1043592644e-18
0.0
-5.52179632199e-19
1.64549530395e-16
-1.63445171131e-16
0.0
0.0
0.0
0.0
0.0
0.0
0.0
0.0
1.65101710027e-16
-1.65101710027e-16
0.0
0.0
-0.000185284859122
-0.000277927288683
-1.6565388966e-18
8.39313040942e-17
8.39313040942e-17
9.26424295611e-05
9.26424295607e-05
8.3379124462e-17
-8.22747651976e-17
0.0
0.0
0.0
0.0
0.0
0.0
0.0
0.0
0.0
0.0
-9.26424295609e-05
4.14134724149e-17
-1.64549530395e-16
1.62892991499e-16
-1.63445171131e-16
1.6565388966e-18
1.65101710027e-16
-5.52179632199e-19
-1.63445171131e-16
1.65101710027e-16
9.26424295609e-05
0.0
-8.22747651976e-17
8.22747651976e-17
0.0
-8.22747651976e-17
0.0
8.22747651976e-17
9.2642429561e-05
0.000370569718244
-1.21479519084e-16
8.44834837264e-17
-8.3379124462e-17
-1.1043592644e-18
0.0
1.1043592644e-18
-1.6565388966e-18
1.65101710027e-16
-1.63445171131e-16
1.6565388966e-18
8.39313040942e-17
9.2642429561e-05
-1.66206069292e-16
8.22747651976e-17
0.0
0.0
0.0
-0.000277927288683
0.000277927288683
1.65101710027e-16
0.0
-1.1043592644e-18
-1.1043592644e-18
0.0
0.0
0.0
0.0
0.0
9.26424295609e-05
0.0
0.0
8.22747651976e-17
-8.22747651976e-17
0.0
8.22747651976e-17
-8.22747651976e-17
0.0
1.65101710027e-16
-0.000370569718244
-0.000185284859122
-0.028904438023
-0.00815253380136
-0.0503048392516
-0.00768932165356
-0.0155810954736
-0.0656834825587
-0.0120435158429
-0.000480379455137
1.7167307332e-05
-1.71673073318e-05
1.71673073318e-05
0.0
-0.061068528388
-0.00722610950575
0.00363022206021
-1.7167307332e-05
1.7167307332e-05
-1.7167307332e-05
0.0
1.7167307332e-05
-0.00464928878538
1.7167307332e-05
-3.53394964607e-17
-1.7167307332e-05
-0.0468770693578
-0.0123214431316
-0.0347409110854
-0.00778196408312
0.014949765774
-1.71673073318e-05
1.71673073318e-05
-1.71673073318e-05
1.41357985843e-16
-7.54751222291e-05
-0.00455664635582
1.7167307332e-05
-0.000109809736893
1.7167307332e-05
-7.06789929214e-17
-1.71673073321e-05
1.7167307332e-05
-7.06789929214e-17
-2.82715971686e-16
0.0
0.0092642429561
-7.54751222287e-05
-1.71673073319e-05
1.71673073322e-05
-1.71673073322e-05
0.0
1.71673073323e-05
-1.71673073319e-05
-7.06789929214e-17
9.26424295611e-05
-7.06789929214e-17
-0.0092642429561
-1.7167307332e-05
1.71673073319e-05
0.00016811755179
-9.2642429561e-05
0.0291823653117
0.0125067279907
0.000665664314259
-1.71673073321e-05
0.0
0.0
1.41357985843e-16
1.7167307332e-05
-1.71673073322e-05
0.0
-0.00928141026343
1.71673073319e-05
3.53394964607e-17
-1.71673073318e-05
0.000109809736893
-7.06789929214e-17
-1.71673073318e-05
1.7167307332e-05
-1.41357985843e-16
1.76697482304e-16
0.0
3.53394964607e-17
0.00935688538566
1.71673073318e-05
0.0
-9.26424295609e-05
0.0
0.0
0.0
0.0
0.0
0.0
0.0
0.0
0.0
0.0
0.0
0.0
0.0
0.0
0.0
0.0
0.0
0.0
0.0
0.0
-9.26424295609e-05
9.26424295609e-05
0.0
0.0
0.0
0.0
0.0
0.0
0.0
0.0
0.0
0.0
0.0
0.0
0.0
0.0
0.0
0.0
0.0
0.0
0.0
0.0
0.0
0.0
0.0
0.0
8.24128101056e-17
9.26424295609e-05
0.0
0.0
0.0
0.0
0.0
0.0
0.0
0.0
0.0
0.0
0.0
0.0
0.0
0.0
0.0
0.0
-9.26424295609e-05
1.64955037313e-16
-1.6469620311e-16
-8.2153975903e-17
9.2642429561e-05
0.0
0.0
0.0
0.0
0.0
0.0
0.0
0.0
0.0
0.0
0.0
0.0
0.0
0.0
-9.26424295609e-05
1.44947153452e-18
-3.96188886102e-17
4.26558765873e-17
1.51849398855e-18
1.29417101297e-19
9.26424295609e-05
0.0
0.0
0.0
0.0
0.0
0.0
0.0
0.0
0.0
0.0
0.0
0.0
0.0
0.0
0.0
0.0
0.0
0.0
0.0
-9.26424295609e-05
-1.21971304069e-16
1.22040326523e-16
-1.23679609806e-16
9.26424295611e-05
0.0
0.0
0.0
0.0
0.0
0.0
0.0
0.0
0.0
0.0
0.0
0.0
0.0
0.0
0.0
0.0
0.0
0.0
-9.26424295609e-05
0.0
9.26424295609e-05
0.0
0.0
0.0
0.0
0.0
0.0
0.0
0.0
0.0
0.0
0.0
0.0
0.0
0.0
0.0
0.0
0.0
-0.000277927288683
0.0
0.0
-0.000370569718244
-3.94808437022e-17
-0.000463212147805
-0.000370569718244
-0.0193622677782
-0.00833781866049
-0.0277927288683
-0.0129699401385
-0.0589669221673
-0.0126920128499
-0.0271364374438
-0.0129699401385
-0.05697509418
-0.0125993704203
0.00418607663757
-1.7167307332e-05
1.06018489382e-16
-7.06789929214e-17
0.0
1.71673073321e-05
-1.71673073321e-05
-7.06789929214e-17
1.71673073321e-05
-1.7167307332e-05
0.0
-0.00461495417072
0.0
-0.0612538132471
-0.0127846552794
-0.00092642429561
1.71673073317e-05
-7.06789929214e-17
7.54751222291e-05
0.00928141026343
-1.41357985843e-16
1.7167307332e-05
-1.71673073319e-05
-1.41357985843e-16
1.7167307332e-05
-1.71673073319e-05
0.0
1.71673073318e-05
-1.7167307332e-05
1.41357985843e-16
-1.76697482304e-16
-3.53394964607e-17
7.06789929214e-17
-0.0092642429561
-1.41357985843e-16
-1.71673073319e-05
1.71673073319e-05
-9.26424295612e-05
-1.71673073319e-05
1.7167307332e-05
-0.000202452166454
0.00455664635582
-1.7167307332e-05
1.7167307332e-05
-1.7167307332e-05
1.7167307332e-05
0.0
-0.000109809736893
1.7167307332e-05
-7.06789929214e-17
-1.71673073317e-05
1.41357985843e-16
1.71673073319e-05
7.54751222292e-05
-0.00463212147805
-1.7167307332e-05
1.71673073319e-05
0.0
-1.7167307332e-05
1.71673073318e-05
-7.06789929214e-17
-1.71673073321e-05
1.71673073319e-05
-1.7167307332e-05
1.71673073319e-05
-1.41357985843e-16
0.00463212147805
0.0
0.0
1.71673073319e-05
-1.71673073318e-05
-9.26424295611e-05
1.7167307332e-05
-1.71673073318e-05
1.41357985843e-16
7.06789929214e-17
0.000295094596015
1.71673073318e-05
0.000277927288683
-0.000370569718244
1.64825620211e-16
0.0
-1.64825620211e-16
1.63246731575e-16
-1.64791108984e-18
-1.29417101297e-19
3.22679972566e-18
-8.06354819145e-17
-8.22833930043e-17
0.0
8.41901382968e-17
-8.25422272069e-17
-1.64791108984e-18
8.41901382968e-17
-8.06354819145e-17
-1.64791108984e-18
-8.24128101056e-17
0.0
0.0
0.0
0.0
0.0
0.0
8.24128101056e-17
0.0
0.0
0.0
0.0
0.0
-1.64765225564e-16
1.70830573711e-18
1.23688237612e-16
-1.23688237612e-16
-1.51849398855e-18
1.6469620311e-16
-0.000185284859122
-3.27856656618e-18
0.0
0.0
-9.2642429561e-05
0.0
8.24128101056e-17
-8.24128101056e-17
0.0
8.24128101056e-17
0.0
0.0
0.0
0.0
0.0
9.26424295609e-05
7.93758221285e-19
1.6565388966e-18
1.64687575303e-16
-1.64549530395e-16
1.3804490805e-19
1.3804490805e-18
-1.51849398855e-18
-8.24128101056e-17
0.0
-9.26424295609e-05
-8.24128101056e-17
0.0
0.0
0.0
8.24128101056e-17
-1.64825620211e-16
1.64825620211e-16
-1.64825620211e-16
9.26424295611e-05
0.0
1.48398276153e-18
1.41496030751e-18
4.12754275068e-17
-4.09993376907e-17
0.0
0.0
0.0
0.0
0.0
0.0
-9.26424295609e-05
-1.64963665119e-16
1.79458380465e-18
0.0
0.0
0.0
0.0
-8.24128101056e-17
8.24128101056e-17
0.0
0.0
0.0
0.0
0.0
0.0
9.26424295609e-05
0.0
6.90224540248e-20
6.90224540248e-20
0.0
1.3804490805e-18
0.0
-2.76089816099e-19
1.3804490805e-18
-9.2642429561e-05
-8.25508550137e-17
-1.3804490805e-19
8.22747651976e-17
2.46686250685e-16
0.0
0.0
0.0
0.0
9.26424295609e-05
0.0
0.0
0.0
0.0
0.0
0.0
0.0
0.0
6.90224540248e-20
-9.26424295611e-05
-1.58751644257e-18
1.64549530395e-16
1.3804490805e-19
-1.62754946591e-16
8.22747651976e-17
8.25508550137e-17
-1.62754946591e-16
8.22747651976e-17
8.25508550137e-17
-9.26424295611e-05
1.64549530395e-16
0.000277927288683
0.000277927288683
0.0
-9.26424295609e-05
-9.2642429561e-05
-0.0199181223556
-0.0124140855612
-0.0386776570254
-0.00796724894224
-0.0529914697089
-0.0124233215672
-0.00075830674382
-0.0604955065033
-0.0124140855612
-0.000446044840473
0.0092642429561
0.0
1.71673073321e-05
-1.7167307332e-05
1.71673073319e-05
0.000185284859122
-0.0638306339675
-0.00787460651268
-0.020230384259
1.71673073318e-05
-1.71673073318e-05
1.7167307332e-05
-1.76697482304e-16
-0.000202452166454
-0.0329635376164
-0.0126920128499
-0.00101906672517
-1.71673073317e-05
7.06789929214e-17
1.71673073318e-05
-1.71673073317e-05
-9.26424295611e-05
-0.00463212147805
-9.2642429561e-05
1.7167307332e-05
-1.7167307332e-05
0.0146375038706
0.0129699401385
0.000601326711926
-1.71673073318e-05
-7.06789929214e-17
1.71673073319e-05
-1.71673073318e-05
7.06789929214e-17
1.7167307332e-05
-1.71673073318e-05
1.71673073319e-05
-1.71673073318e-05
-0.0092642429561
-1.71673073319e-05
1.7167307332e-05
-7.06789929214e-17
-1.71673073318e-05
1.7167307332e-05
-7.06789929214e-17
-1.71673073321e-05
1.7167307332e-05
-1.41357985843e-16
7.5475122229e-05
1.71673073317e-05
0.0092642429561
-7.5475122229e-05
-1.7167307332e-05
0.0
1.41357985843e-16
1.7167307332e-05
-1.71673073319e-05
7.06789929214e-17
1.71673073319e-05
-1.71673073318e-05
0.0
1.71673073319e-05
-1.71673073318e-05
-0.0114121861433
-7.54751222291e-05
2.46850179013e-16
0.0
1.64825620211e-16
-1.64825620211e-16
-9.26424295611e-05
0.0
1.64825620211e-16
-1.64825620211e-16
1.3804490805e-19
1.2348117025e-16
-1.23274102888e-16
1.93262871269e-18
8.22747651976e-17
8.25163437867e-17
-8.0756271209e-17
1.41496030751e-18
8.0756271209e-17
-8.24128101056e-17
9.2642429561e-05
0.0
0.0
0.0
0.0
0.0
0.0
0.0
-9.26424295609e-05
-8.24128101056e-17
8.24128101056e-17
0.0
0.0
0.0
0.0
0.0
6.90224540248e-20
-4.27248990414e-17
4.09993376907e-17
-2.07067362074e-19
1.03533681037e-19
3.79623497136e-19
-1.51849398855e-18
1.03533681037e-19
3.79623497136e-19
-1.6565388966e-18
-1.51849398855e-18
1.6565388966e-18
-1.64411485487e-16
9.2642429561e-05
0.0
-9.26424295609e-05
-8.24128101056e-17
0.0
8.24128101056e-17
0.0
0.0
0.0
0.0
0.0
0.0
-6.90224540248e-20
-1.58751644257e-18
1.44947153452e-18
1.3804490805e-19
-2.41578589087e-19
-1.03533681037e-19
1.03533681037e-19
-1.63031036407e-16
1.79458380465e-18
1.64445996714e-16
9.26424295609e-05
-9.26424295609e-05
-8.26888999217e-17
8.21367202895e-17
0.0
0.0
0.0
0.0
-8.24128101056e-17
0.0
8.24128101056e-17
0.0
-1.64825620211e-16
0.0
1.64825620211e-16
-1.64825620211e-16
1.25206731601e-16
4.09993376907e-17
-2.07067362074e-19
-1.3804490805e-19
-2.76089816099e-19
-9.26424295609e-05
9.26424295611e-05
-1.66482159108e-16
1.64687575303e-16
-2.46720761912e-16
8.0756271209e-17
-3.45112270124e-20
-8.23092764246e-17
1.64445996714e-16
0.0
0.0
8.24128101056e-17
-8.24128101056e-17
0.0
8.24128101056e-17
0.0
-1.64825620211e-16
1.64825620211e-16
0.0
-1.64825620211e-16
1.64825620211e-16
-1.79458380465e-18
-3.96879110643e-17
3.96188886102e-17
-1.6565388966e-18
-8.24128101056e-17
8.351716937e-17
1.79458380465e-18
-8.0618226301e-17
8.21367202895e-17
-2.76089816099e-19
1.3804490805e-19
-1.63031036407e-16
0.0092642429561
-0.00463212147805
0.0
0.0
0.0
0.0
0.0
0.0
8.22747651976e-17
0.0
0.0
0.0
0.0
0.0
-3.97569335183e-17
-1.22031698716e-16
1.65101710027e-16
-1.63445171131e-16
-1.6565388966e-18
1.63997350763e-16
-1.63445171131e-16
-1.6565388966e-18
1.64549530395e-16
-1.63445171131e-16
1.1043592644e-18
1.65101710027e-16
1.64549530395e-16
8.22747651976e-17
-8.22747651976e-17
0.0
0.0
0.0
0.0
8.22747651976e-17
0.0
0.0
0.0
0.0
9.26424295609e-05
0.000277927288683
0.0
9.2642429561e-05
-0.0239943892563
-0.00861574594917
-0.0618851429467
-0.0123214431316
-0.000648497006927
-0.0609758859584
-0.012228800702
-0.00111170915473
0.000109809736893
7.06789929214e-17
7.06789929214e-17
-1.41357985843e-16
7.06789929214e-17
-0.0702984367294
-0.00787460651268
0.000370569718244
-1.71673073319e-05
-1.76697482304e-16
1.7167307332e-05
9.26424295609e-05
-0.0447806280926
-0.0127846552794
-0.0294602926004
-0.00796724894224
0.00381550691933
-1.71673073319e-05
1.7167307332e-05
-1.71673073319e-05
-7.06789929214e-17
0.0103931194182
0.0134331522863
0.000260759981351
-0.0092642429561
-1.7167307332e-05
1.7167307332e-05
-1.41357985843e-16
-7.06789929214e-17
7.5475122229e-05
1.7167307332e-05
-1.7167307332e-05
1.71673073318e-05
-1.41357985843e-16
-1.7167307332e-05
-7.06789929214e-17
0.00928141026343
-9.26424295609e-05
1.7167307332e-05
-1.71673073318e-05
-7.06789929214e-17
1.7167307332e-05
-1.71673073317e-05
1.71673073318e-05
-1.71673073318e-05
1.41357985843e-16
1.7167307332e-05
-1.71673073318e-05
1.41357985843e-16
-7.06789929214e-17
-0.0092642429561
-7.06789929214e-17
-1.7167307332e-05
1.71673073318e-05
0.0
7.54751222288e-05
-7.06789929214e-17
1.71673073318e-05
-1.41357985843e-16
-1.71673073321e-05
1.71673073319e-05
0.00917160052653
7.06789929214e-17
7.06789929214e-17
1.7167307332e-05
-1.7167307332e-05
2.12036978764e-16
1.71673073319e-05
-1.71673073319e-05
1.41357985843e-16
1.71673073323e-05
9.26424295609e-05
1.71673073318e-05
0.0
0.0
0.0
0.0
0.0
0.0
0.0
0.0
0.0
0.0
-9.26424295609e-05
-1.29417101297e-19
0.0
-1.29417101297e-19
0.0
-1.64825620211e-16
1.66473531301e-16
-8.24128101056e-17
-8.24128101056e-17
1.90674529244e-18
1.64955037313e-16
-8.24128101056e-17
9.2642429561e-05
0.0
0.0
0.0
0.0
0.0
0.0
0.0
0.0
0.0
0.0
-0.00463212147805
0.00453947904849
-3.94894715089e-17
-1.21712469866e-16
1.6336752087e-16
-8.39313040942e-17
-8.2680272115e-17
1.64428741101e-16
-8.2680272115e-17
-8.24128101056e-17
0.0
8.21453480963e-17
-8.25422272069e-17
1.62918874919e-16
-8.24128101056e-17
0.0
9.2642429561e-05
0.0
0.0
0.0
0.0
0.0
0.0
0.0
0.0
0.0
-9.26424295609e-05
-1.21971304069e-16
1.2342940341e-16
4.10165933042e-17
-1.64566786009e-16
1.77732819114e-18
8.07648990158e-17
-8.25422272069e-17
-1.77732819114e-18
8.2153975903e-17
8.25422272069e-17
-1.77732819114e-18
9.26424295609e-05
0.0
0.0
0.0
0.0
0.0
0.0
0.0
0.0
0.0
0.0
-9.26424295609e-05
-1.64825620211e-16
0.0
1.6304829202e-16
-4.11460104055e-17
-1.23101546753e-16
1.61659215133e-16
-1.64791108984e-18
1.6469620311e-16
-2.67462009346e-19
-2.48894969213e-16
9.2642429561e-05
0.0
0.0
0.0
0.0
0.0
0.0
0.0
0.0
0.0
0.0
0.0
0.0
-9.26424295609e-05
0.0
0.0
0.0
0.0
1.70830573711e-18
1.64791108984e-18
-4.27335268481e-17
4.08785483962e-17
1.29417101297e-19
-8.06354819145e-17
9.2642429561e-05
0.0
0.0
0.0
0.0
0.0
0.0
0.0
-9.26424295609e-05
-8.24128101056e-17
0.0
8.24128101056e-17
-8.24128101056e-17
8.24128101056e-17
0.0
-1.64825620211e-16
0.0
1.64825620211e-16
0.0
-1.6304829202e-16
9.26424295611e-05
0.0
0.0
0.0
0.0
0.0
0.0
0.0
-9.26424295609e-05
-8.22833930043e-17
8.07648990158e-17
0.0
-1.64566786009e-16
0.00463212147805
0.0
0.0
-8.22747651976e-17
0.0
8.22747651976e-17
5.52179632199e-19
-1.65101710027e-16
1.65101710027e-16
0.0
-1.65101710027e-16
0.0
9.26424295611e-05
0.0
0.0
0.0
0.000277927288683
-0.000370569718244
-0.0239943892563
-0.0125067279907
-0.0436345843232
-0.00824517623092
-0.000555854577366
-0.0565290493395
-0.0131552249977
-0.0749477255148
-0.00778196408312
0.00501985850362
-1.71673073319e-05
-3.53394964607e-17
1.71673073318e-05
-1.71673073319e-05
-3.53394964607e-17
7.06789929214e-17
-1.06018489382e-16
1.71673073319e-05
0.000117910731386
-0.047357448813
-0.00815253380136
-0.0196401950669
-0.0128951685829
0.00372286448977
7.5475122229e-05
1.7167307332e-05
-1.7167307332e-05
1.41357985843e-16
1.71673073318e-05
-1.71673073318e-05
0.0
1.71673073317e-05
1.41357985843e-16
-0.00251851290548
-0.00481740633717
9.2642429561e-05
1.7167307332e-05
-0.0235311771085
-0.0125067279907
-0.00118718427696
-1.7167307332e-05
1.41357985843e-16
7.06789929214e-17
7.06789929214e-17
1.71673073322e-05
7.5475122229e-05
-0.000185284859122
0.0100053823926
0.0131552249977
0.000185284859122
1.71673073319e-05
-1.71673073322e-05
0.00464928878538
7.06789929214e-17
0.0
1.7167307332e-05
-1.7167307332e-05
1.41357985843e-16
1.7167307332e-05
-1.71673073319e-05
-7.06789929214e-17
1.71673073322e-05
-1.71673073318e-05
1.41357985843e-16
-7.5475122229e-05
-1.71673073318e-05
9.26424295609e-05
-0.00946669512255
1.71673073318e-05
1.64437368907e-16
8.24149670573e-17
-1.64829934115e-16
0.0
1.64829934115e-16
0.0
-1.64829934115e-16
1.64829934115e-16
-9.2642429561e-05
1.25965978595e-18
8.35430527903e-17
-1.64756597757e-16
0.0
1.63186336928e-16
-8.2153975903e-17
-8.24128101056e-17
1.63186336928e-16
9.26424295608e-05
-8.07648990158e-17
1.65006804153e-18
1.33731004673e-19
0.0
0.0
0.0
0.0
0.0
0.0
-8.24149670573e-17
0.0
1.64829934115e-16
0.0
-9.26424295611e-05
0.0
3.9558493963e-17
-3.96188886102e-17
4.27248990414e-17
-4.27852936886e-17
-1.70830573711e-18
8.22833930043e-17
-8.24128101056e-17
0.0
0.0
-1.29417101297e-19
1.64791108984e-18
1.64791108984e-18
9.2642429561e-05
8.25443841586e-17
0.0
0.0
0.0
0.0
0.0
0.0
8.24149670573e-17
0.0
-9.26424295611e-05
0.0
0.0
0.0
8.41297436495e-17
-6.03946472717e-20
-8.26716443082e-17
-1.6304829202e-16
2.48894969213e-16
-2.46979596114e-16
-1.63928328309e-18
2.48894969213e-16
9.2642429561e-05
-1.77732819114e-18
-1.51633703686e-18
1.64791108984e-18
-8.07670559675e-17
-8.22833930043e-17
0.0
0.0
-9.2642429561e-05
8.24128101056e-17
0.0
-8.24128101056e-17
0.0
0.0
0.0
0.0
0.0
0.0
1.64704830917e-16
-1.62918874919e-16
4.10769879515e-17
9.2642429561e-05
1.29417101297e-19
1.29417101297e-19
0.0
-2.15695168828e-21
-8.2285549956e-17
-8.05060648132e-17
-9.26424295609e-05
-1.77732819114e-18
-1.64955037313e-16
8.24128101056e-17
0.0
0.0
0.0
0.0
0.0
-8.24128101056e-17
1.64825620211e-16
0.0
-1.64825620211e-16
1.64825620211e-16
0.0
-1.64825620211e-16
8.6278067531e-21
4.10856157583e-17
-4.11977772461e-17
9.26424295609e-05
1.62921031871e-16
-8.2153975903e-17
-8.22833930043e-17
1.31574052985e-19
-9.26424295609e-05
-1.29417101297e-19
-1.29417101297e-19
0.0
-0.0092642429561
0.0092642429561
0.0
8.24128101056e-17
0.0
0.0
0.0
-8.24128101056e-17
0.0
0.0
0.0
0.0
0.0
9.26424295609e-05
1.21712469866e-16
-1.22040326523e-16
1.90674529244e-18
-9.26424295609e-05
8.22833930043e-17
8.07735268225e-17
-1.64428741101e-16
8.22833930043e-17
8.2680272115e-17
-1.64428741101e-16
8.43281832048e-17
8.24128101056e-17
-3.29262989119e-16
8.24128101056e-17
0.0
-8.24128101056e-17
0.0
8.24128101056e-17
-8.24128101056e-17
0.0
0.0
0.0
0.0
0.0
0.0
1.63177709121e-16
-1.62987897373e-16
1.89811748568e-19
0.000370569718244
-0.000185284859122
9.2642429561e-05
0.000370569718244
-0.000277927288683
-0.0201960496443
-0.0131552249977
-0.0298308623186
-0.0124140855612
-0.0330733473533
-0.00778196408312
-0.065700649866
-0.012877297709
-0.000463212147805
1.7167307332e-05
0.0
7.06789929214e-17
-3.53394964607e-17
0.0092642429561
1.7167307332e-05
-1.71673073319e-05
-7.5475122229e-05
-0.00463212147805
-7.06789929214e-17
0.0
7.06789929214e-17
-0.0886759723972
-0.0416890933024
-0.0126920128499
9.26424295608e-05
1.7167307332e-05
-1.71673073321e-05
1.71673073318e-05
0.0092642429561
0.0
-7.06789929214e-17
-9.26424295608e-05
1.7167307332e-05
-1.7167307332e-05
7.06789929214e-17
1.41357985843e-16
1.71673073319e-05
-1.7167307332e-05
1.41357985843e-16
1.71673073321e-05
9.26424295609e-05
-0.0048345736445
1.7167307332e-05
-1.71673073319e-05
1.71673073319e-05
-2.12036978764e-16
7.06789929214e-17
-0.000480379455137
0.00446400392626
-1.71673073319e-05
9.2642429561e-05
1.7167307332e-05
-1.7167307332e-05
1.7167307332e-05
-1.71673073319e-05
1.41357985843e-16
-0.00980293022613
-0.0131552249977
-0.00511250093318
1.71673073319e-05
-1.7167307332e-05
1.7167307332e-05
-1.7167307332e-05
1.71673073319e-05
-1.71673073319e-05
-7.54751222291e-05
0.0092642429561
7.06789929214e-17
0.0
1.7167307332e-05
-1.71673073318e-05
-7.06789929214e-17
1.7167307332e-05
7.06789929214e-17
-1.71673073318e-05
-7.06789929214e-17
9.26424295611e-05
7.06789929214e-17
1.71673073318e-05
-1.71673073317e-05
0.0
0.0
-0.00928141026343
1.7167307332e-05
-2.12036978764e-16
0.0
-9.26424295609e-05
-1.7167307332e-05
-0.000276478778863
-7.54751222291e-05
3.29262989119e-16
0.0
-9.26424295609e-05
-1.64825620211e-16
1.64825620211e-16
0.0
-1.64825620211e-16
0.0
9.26424295611e-05
-1.64627180656e-16
1.64765225564e-16
1.84635064516e-18
0.0
-2.58834202593e-19
-1.29417101297e-19
-1.29417101297e-19
-1.29417101297e-19
-1.29417101297e-19
-1.29417101297e-19
0.0
0.0
0.0
0.0
0.0
0.0
0.0
0.0
-0.00463212147805
0.00463212147805
1.64825620211e-16
0.0
-1.64825620211e-16
0.0
1.64825620211e-16
9.26424295609e-05
-3.96210455619e-17
4.12064050528e-17
0.0
0.0
-1.31574052985e-19
1.51849398855e-18
-1.31574052985e-19
-1.31574052985e-19
1.51849398855e-18
1.51849398855e-18
-1.31574052985e-19
0.0
-9.2642429561e-05
0.0
0.0
0.0
0.0
0.0
-8.24128101056e-17
0.0
1.64825620211e-16
-1.64825620211e-16
0.0
1.64825620211e-16
9.26424295609e-05
-1.63046135068e-16
1.63182023025e-16
0.0
0.0
0.0
-8.25465411103e-17
-9.26424295609e-05
-8.25422272069e-17
-1.29417101297e-19
8.41901382968e-17
8.06354819145e-17
-1.62918874919e-16
2.47238430317e-16
-8.24128101056e-17
0.0
0.0
0.0
0.0
0.0
8.24128101056e-17
0.0
0.0
0.0
9.26424295609e-05
0.0
-9.26424295609e-05
-3.97483057115e-17
4.0887176203e-17
-3.19228849865e-19
-1.64955037313e-16
8.41901382968e-17
-8.22833930043e-17
8.2153975903e-17
8.24128101056e-17
-1.6304829202e-16
8.24128101056e-17
8.24128101056e-17
1.51849398855e-18
-8.22833930043e-17
0.0
0.0
-8.24128101056e-17
0.0
8.24128101056e-17
-8.24128101056e-17
-8.24128101056e-17
1.64825620211e-16
-1.64825620211e-16
0.0
9.26424295611e-05
0.0
-9.26424295609e-05
-8.39916987414e-17
8.27320389555e-17
6.03946472717e-20
1.38907688725e-18
-8.20245588017e-17
8.25422272069e-17
-8.24128101056e-17
8.06354819145e-17
0.0
-8.39313040942e-17
8.07648990158e-17
0.0
0.0
8.24128101056e-17
0.0
9.26424295609e-05
0.0
0.0
0.0
0.0
-9.26424295609e-05
0.0
0.0
0.0
0.0
6.90224540248e-20
-4.25350872928e-17
3.94980993157e-17
6.90224540248e-20
-8.2153975903e-17
8.07648990158e-17
-1.64791108984e-18
1.29417101297e-19
-8.20245588017e-17
8.07648990158e-17
-8.06354819145e-17
-8.08943161171e-17
1.29417101297e-19
9.2642429561e-05
0.0
0.0
0.0
0.0
-9.2642429561e-05
-8.24128101056e-17
1.64825620211e-16
0.0
-1.64825620211e-16
0.0
1.64825620211e-16
-8.22229983571e-17
-8.24214379124e-17
0.000185284859122
-9.26424295609e-05
0.000277927288683
-0.000185284859122
9.2642429561e-05
-0.0338144867897
-0.0080598913718
-0.0618851429467
-0.0125993704203
-0.000185284859122
9.26424295607e-05
-1.71673073319e-05
-7.5475122229e-05
-0.0706106986328
-0.00778196408312
-0.000353402410912
2.12036978764e-16
-1.76697482304e-16
0.0092642429561
3.53394964607e-17
-9.2642429561e-05
-0.0424985766339
-0.012228800702
-0.000741139436488
-1.7167307332e-05
-0.00463212147805
7.06789929214e-17
-3.53394964607e-17
-1.7167307332e-05
1.7167307332e-05
7.5475122229e-05
-0.0197328374965
-0.0229753225311
-0.0279780137274
-0.00796724894224
-0.0362986650806
-0.0126165377276
-0.000631329699595
-1.71673073318e-05
-7.06789929214e-17
0.0430032546236
0.00824517623093
-0.00427871906714
1.7167307332e-05
-1.7167307332e-05
1.7167307332e-05
-7.06789929214e-17
-1.7167307332e-05
1.71673073319e-05
1.41357985843e-16
-1.71673073321e-05
1.71673073318e-05
0.0092642429561
-7.54751222291e-05
-1.7167307332e-05
0.0
1.7167307332e-05
7.06789929214e-17
-1.7167307332e-05
1.7167307332e-05
-0.0142669341524
-0.0129699401385
-0.000480379455137
-0.0092642429561
-7.06789929214e-17
-1.7167307332e-05
1.7167307332e-05
-2.12036978764e-16
-7.06789929214e-17
7.06789929214e-17
-1.7167307332e-05
1.71673073317e-05
7.06789929214e-17
0.0092642429561
-9.26424295611e-05
1.41357985843e-16
-7.06789929214e-17
1.71673073322e-05
-1.71673073318e-05
7.06789929214e-17
1.71673073318e-05
-1.71673073318e-05
1.41357985843e-16
7.06789929214e-17
7.06789929214e-17
0.000109809736893
-1.7167307332e-05
1.41357985843e-16
-2.12036978764e-16
-0.00463212147805
-2.12036978764e-16
-7.06789929214e-17
-1.71673073319e-05
1.71673073319e-05
-1.71673073319e-05
1.71673073318e-05
-9.26424295609e-05
-8.24128101056e-17
8.24128101056e-17
0.0
0.0
0.0
0.0
0.0
-4.13358221541e-17
3.96188886102e-17
-1.58751644257e-18
-1.98439555321e-19
1.29417101297e-19
1.29417101297e-19
-1.64791108984e-18
-1.64791108984e-18
-9.26424295611e-05
8.22747651976e-17
9.26424295608e-05
1.64566786009e-16
0.0
-8.2153975903e-17
0.0
-8.24128101056e-17
0.0
0.0
0.000185284859122
-0.000370569718244
0.0
3.95498661562e-17
-3.97569335183e-17
1.3804490805e-18
0.0
0.0
1.3804490805e-19
0.0
0.0
1.3804490805e-19
0.0
1.3804490805e-19
0.0
0.0
0.0
0.0
0.0
0.0
0.0
0.0
8.24128101056e-17
-8.24128101056e-17
0.0
0.0
0.0
0.0
0.0
0.0
-1.58751644257e-18
0.0
0.0
0.0
-1.51849398855e-18
1.3804490805e-19
0.0
1.3804490805e-19
1.3804490805e-19
1.3804490805e-19
0.0
1.3804490805e-19
0.0
0.0
0.0
0.0
0.0
0.0
0.0
-9.26424295611e-05
0.0
1.64825620211e-16
9.26424295609e-05
0.0
1.64549530395e-16
-2.76089816099e-19
-1.63169081315e-16
-1.58751644257e-18
0.0
1.3804490805e-19
1.3804490805e-19
8.24128101056e-17
-8.24128101056e-17
1.3804490805e-19
1.3804490805e-19
0.0
0.0
8.24128101056e-17
-8.24128101056e-17
8.24128101056e-17
0.0
-9.2642429561e-05
0.0
0.0
0.0
0.0
9.26424295609e-05
0.0
0.0
0.0
6.90224540248e-20
-1.51849398855e-18
-1.58751644257e-18
6.90224540248e-20
0.0
-1.51849398855e-18
2.76089816099e-19
1.3804490805e-19
-1.51849398855e-18
-1.51849398855e-18
1.3804490805e-19
1.03533681037e-19
-0.000185284859122
0.0
0.0
0.0
8.24128101056e-17
0.0
-1.64825620211e-16
1.64825620211e-16
0.0
-1.64756597757e-16
-1.58751644257e-18
8.37932591861e-17
8.19986753815e-17
-1.63031036407e-16
8.22747651976e-17
-8.25508550137e-17
-1.3804490805e-19
-9.26424295608e-05
-8.22747651976e-17
1.3804490805e-19
2.76089816099e-19
8.22747651976e-17
-8.22747651976e-17
9.26424295609e-05
8.24128101056e-17
-8.24128101056e-17
0.0
8.24128101056e-17
0.0
-8.24128101056e-17
-0.000185284859122
0.0
-9.26424295611e-05
-0.00261115533504
-0.000353402410912
0.0
0.000648497006927
0.000185284859122
1.1043592644e-18
9.26424295609e-05
9.2642429561e-05
0.000277927288683
-0.0201960496443
-0.00778196408312
-0.000648497006927
0.0210469988177
-0.0271613991687
-0.0125993704203
-9.26424295609e-05
-9.2642429561e-05
-0.0382613234087
-0.00796724894224
-0.000833781866048
-0.000648497006927
-0.024272316545
-0.00768932165356
-8.83487411518e-17
0.000353402410912
-0.0244576014041
-0.0126920128499
-9.2642429561e-05
-0.000370569718244
-9.2642429561e-05
-0.000185284859122
-0.0511214538103
-0.00778196408312
9.26424295609e-05
0.0205837866699
0.0
-0.000277927288683
-9.26424295608e-05
-9.26424295609e-05
-0.057808876046
-0.012877297709
-0.0244747687114
-0.0134331522863
-0.000555854577366
1.71673073318e-05
-1.71673073318e-05
1.7167307332e-05
0.0092642429561
1.06018489382e-16
-9.26424295611e-05
7.06789929214e-17
0.000109809736893
-1.71673073319e-05
-0.0288872707157
-0.012877297709
0.00250134559815
-1.71673073318e-05
-1.41357985843e-16
-7.06789929214e-17
-0.0092642429561
-7.06789929214e-17
-1.71673073319e-05
1.7167307332e-05
-1.71673073323e-05
1.71673073321e-05
0.0
7.54751222288e-05
1.71673073319e-05
0.00989557265569
0.00796724894224
0.00511250093318
-1.7167307332e-05
1.7167307332e-05
-1.71673073319e-05
0.0
7.06789929214e-17
1.71673073321e-05
-1.71673073319e-05
0.0
9.2642429561e-05
1.41357985843e-16
0.0
-0.00464928878538
1.7167307332e-05
-1.7167307332e-05
1.71673073319e-05
-7.06789929214e-17
-1.7167307332e-05
1.7167307332e-05
-1.41357985843e-16
-1.71673073319e-05
1.71673073319e-05
0.0092642429561
0.0
7.06789929214e-17
-9.26424295611e-05
1.7167307332e-05
-1.71673073319e-05
0.0
1.7167307332e-05
-1.71673073318e-05
0.0
1.41357985843e-16
1.7167307332e-05
7.5475122229e-05
0.0
0.0
-0.0092642429561
-1.7167307332e-05
1.71673073318e-05
-7.06789929214e-17
-0.000109809736893
-7.54751222291e-05
-8.22833930043e-17
-9.2642429561e-05
8.24128101056e-17
0.0
9.26424295609e-05
0.0
0.0
0.0
6.03946472717e-20
0.0
0.0
0.0
0.0
-1.51849398855e-18
1.29417101297e-19
1.29417101297e-19
-1.51849398855e-18
-9.26424295609e-05
-1.64825620211e-16
-1.51849398855e-18
8.22747651976e-17
8.24128101056e-17
0.0
0.0
0.0
0.0
0.0
0.0
-1.64825620211e-16
1.64825620211e-16
0.0
9.26424295609e-05
1.64825620211e-16
-1.64825620211e-16
1.38907688725e-18
6.03946472717e-20
1.44947153452e-18
-2.58834202593e-19
0.0
1.29417101297e-19
0.0
1.29417101297e-19
1.29417101297e-19
-9.26424295609e-05
-8.0756271209e-17
8.0756271209e-17
-1.51849398855e-18
8.24128101056e-17
0.0
-8.24128101056e-17
8.24128101056e-17
0.0
-8.24128101056e-17
8.24128101056e-17
0.0
-1.64825620211e-16
0.0
9.26424295611e-05
0.0
0.0
0.0
0.0
6.03946472717e-20
0.0
1.64566786009e-16
-1.6304829202e-16
-9.26424295609e-05
1.03533681037e-19
-1.51849398855e-18
-8.37932591861e-17
-8.25508550137e-17
1.64584041622e-16
-8.24128101056e-17
0.0
0.0
0.0
0.0
0.0
0.0
9.26424295611e-05
-1.64825620211e-16
0.0
0.0
0.0
0.0
-9.26424295609e-05
1.44947153452e-18
-3.94118212482e-17
3.95498661562e-17
-1.79458380465e-18
1.03533681037e-19
-1.63031036407e-16
1.6472208653e-16
1.03533681037e-19
-1.64963665119e-16
1.6472208653e-16
-1.03533681037e-19
-1.6472208653e-16
0.0
-8.24128101056e-17
8.24128101056e-17
9.26424295609e-05
0.0
0.0
0.0
0.0
0.0
0.0
0.0
0.0
0.0
-9.26424295611e-05
1.63031036407e-16
-4.12754275068e-17
-1.23515681477e-16
1.79458380465e-18
8.23092764246e-17
-8.23092764246e-17
1.03533681037e-19
8.23092764246e-17
-8.09978497981e-17
-1.55300521556e-18
9.26424295611e-05
0.0092642429561
-0.0092642429561
0.0
0.0
8.24128101056e-17
-8.24128101056e-17
0.0
0.0
0.0
0.0
1.64825620211e-16
-9.26424295611e-05
-1.64825620211e-16
2.07067362074e-19
1.21824631354e-16
4.26558765873e-17
-1.63100058861e-16
1.64549530395e-16
1.03533681037e-19
-1.63031036407e-16
8.40693490022e-17
8.25163437867e-17
-1.3804490805e-19
9.26424295609e-05
1.64566786009e-16
-1.64825620211e-16
1.29417101297e-19
0.0
0.0
0.0
0.0
0.0
0.0
0.0
-9.26424295609e-05
0.0
-1.64825620211e-16
1.64825620211e-16
0.0
-1.3804490805e-19
6.90224540248e-20
-4.27248990414e-17
4.13444499609e-17
-2.41578589087e-19
1.51849398855e-18
1.62927502726e-16
-1.64687575303e-16
-1.3804490805e-19
9.26424295609e-05
1.29417101297e-19
-0.0410405962955
-0.00775889298052
-0.0393730325634
-0.012877297709
-0.0528988272793
-0.012228800702
-0.000480379455137
1.7167307332e-05
-3.53394964607e-17
7.06789929214e-17
-0.0604955065033
-0.0119508734134
0.00453947904849
-9.26424295611e-05
0.000185284859122
-0.00464928878538
-0.0658687674178
-0.00768932165356
-0.000741139436488
0.00455664635582
-1.7167307332e-05
1.7167307332e-05
-1.71673073318e-05
0.0
1.71673073319e-05
-1.7167307332e-05
9.26424295609e-05
-0.00989557265569
-0.00880103080829
-0.00511250093318
1.71673073319e-05
-1.7167307332e-05
1.71673073319e-05
-7.06789929214e-17
-1.71673073321e-05
0.000109809736893
-7.06789929214e-17
-1.7167307332e-05
1.71673073318e-05
0.0092642429561
-7.5475122229e-05
-1.7167307332e-05
0.0
7.06789929214e-17
7.06789929214e-17
1.71673073319e-05
-1.71673073317e-05
-1.41357985843e-16
1.71673073319e-05
-1.71673073317e-05
7.06789929214e-17
-1.41357985843e-16
0.0
-0.00409343420801
-0.00129699401385
-0.0132478674272
-0.000185284859122
-7.54751222291e-05
-1.7167307332e-05
1.71673073318e-05
-7.06789929214e-17
0.0092642429561
0.0
1.41357985843e-16
1.7167307332e-05
-1.7167307332e-05
7.06789929214e-17
1.71673073321e-05
7.5475122229e-05
7.06789929214e-17
1.71673073321e-05
-1.71673073321e-05
2.82715971686e-16
1.7167307332e-05
-1.71673073322e-05
-0.000277927288683
1.71673073318e-05
-8.6278067531e-21
0.0
0.0
0.0
0.0
0.0
0.0
0.0
6.68655023365e-20
0.0
0.0
6.68655023365e-20
0.0
-2.6314810597e-19
1.38476298387e-18
1.38476298387e-18
0.0
0.0
1.38476298387e-18
1.38476298387e-18
-9.26424295611e-05
8.24128101056e-17
0.0
0.0
0.0
0.0
9.2642429561e-05
0.0
-8.24149670573e-17
0.0
0.0
0.0
0.0
0.0
0.0
6.68655023365e-20
6.68655023365e-20
0.0
1.31574052985e-19
0.0
0.0
0.0
0.0
0.0
0.0
-9.2642429561e-05
8.08943161171e-17
-8.24128101056e-17
8.24128101056e-17
0.0
-8.24128101056e-17
8.24128101056e-17
0.0
0.0
-1.64825620211e-16
9.26424295611e-05
0.0
0.0
0.0
4.12064050528e-17
-4.12064050528e-17
0.0
8.24149670573e-17
-8.22833930043e-17
1.31574052985e-19
0.0
0.0
-9.26424295607e-05
-2.46720761912e-16
-8.2153975903e-17
1.64566786009e-16
-8.22833930043e-17
-8.22833930043e-17
0.0
0.0
0.0
9.2642429561e-05
0.0
0.0
0.0
0.0
0.0
0.0
0.0
0.0
0.0
-9.26424295609e-05
3.96188886102e-17
-1.29417101297e-19
-2.58834202593e-19
1.29417101297e-19
1.29417101297e-19
1.29417101297e-19
-1.62789457818e-16
1.64955037313e-16
-1.6469620311e-16
1.90674529244e-18
1.64955037313e-16
0.0
9.2642429561e-05
8.24149670573e-17
-8.24149670573e-17
8.24149670573e-17
0.0
-8.24149670573e-17
0.0
0.0
0.0
0.0
0.0
0.0
-9.26424295609e-05
-3.94290768617e-17
-1.21902281615e-16
1.63117314474e-16
-8.25508550137e-17
-8.25422272069e-17
1.63928328309e-18
8.21453480963e-17
-8.22833930043e-17
0.0
1.38907688725e-18
1.62823969045e-16
9.26424295607e-05
8.24149670573e-17
0.0
-1.64829934115e-16
0.0
1.64829934115e-16
0.0
-1.64829934115e-16
1.64829934115e-16
-1.91968700257e-19
-9.26424295611e-05
8.54497980827e-17
8.2153975903e-17
-2.58834202593e-19
-8.10237332184e-17
8.25422272069e-17
1.64791108984e-18
-1.65084454414e-16
1.6469620311e-16
1.64791108984e-18
0.000185284859122
0.000648497006927
-8.24128101056e-17
1.64825620211e-16
0.0
0.0
0.0
-1.23550192704e-16
-4.12754275068e-17
1.64549530395e-16
-1.23412147796e-16
-4.09993376907e-17
0.000277927288683
-0.0243649589745
-0.0130625825681
-0.00101906672517
-0.0528988272793
-0.00787460651268
-0.000555854577366
0.0
-0.0611611708176
-0.0125993704203
-0.0472746657337
-0.0121361582725
0.00390814934889
-1.7167307332e-05
1.71673073321e-05
-1.71673073321e-05
0.0
1.71673073321e-05
-0.0512589452369
-0.0120435158429
-0.00520514336275
1.71673073319e-05
-7.06789929214e-17
-1.71673073318e-05
-7.06789929214e-17
-9.2642429561e-05
-0.0496563422447
-0.007596679224
-0.000538687270034
-1.71673073318e-05
0.0152105257553
0.0080598913718
0.000538687270034
0.0
-0.00463212147805
1.71673073319e-05
0.0
-1.7167307332e-05
1.71673073321e-05
-2.12036978764e-16
-1.41357985843e-16
-1.71673073319e-05
1.71673073321e-05
-3.53394964607e-16
0.0092642429561
7.06789929214e-17
-9.2642429561e-05
1.7167307332e-05
-1.7167307332e-05
1.71673073321e-05
-1.7167307332e-05
7.06789929214e-17
1.71673073323e-05
-1.71673073321e-05
7.06789929214e-17
1.7167307332e-05
-1.71673073318e-05
9.26424295609e-05
0.0
-0.0092642429561
0.0
-1.7167307332e-05
1.71673073318e-05
7.06789929214e-17
-1.7167307332e-05
-7.06789929214e-17
1.7167307332e-05
-1.41357985843e-16
-1.7167307332e-05
1.71673073318e-05
0.0092642429561
0.0
-9.2642429561e-05
1.7167307332e-05
-1.7167307332e-05
1.41357985843e-16
7.06789929214e-17
7.06789929214e-17
7.06789929214e-17
1.7167307332e-05
-1.71673073318e-05
1.41357985843e-16
1.7167307332e-05
7.5475122229e-05
0.0
-0.00464928878538
1.71673073318e-05
-1.71673073319e-05
1.71673073319e-05
-2.12036978764e-16
-0.00069689911594
1.71673073318e-05
0.0
0.0
8.24149670573e-17
0.0
-1.64829934115e-16
0.0
1.64829934115e-16
0.0
-3.96232025136e-17
4.12732705552e-17
-4.10769879515e-17
4.10101224492e-17
-1.64307951806e-16
1.64961508168e-16
1.29417101297e-19
-1.64700517013e-16
1.64961508168e-16
-1.64791108984e-18
-1.64700517013e-16
1.90890224412e-18
1.64961508168e-16
0.0
0.0
8.24149670573e-17
-8.24149670573e-17
8.24149670573e-17
0.0
-8.24149670573e-17
8.24149670573e-17
0.0
0.0
0.0
0.0
-9.26424295611e-05
9.2642429561e-05
1.71909049556e-18
-1.21902281615e-16
1.63117314474e-16
-8.20224018501e-17
-8.2285549956e-17
8.2153975903e-17
-8.24149670573e-17
-1.51849398855e-18
1.64305794854e-16
-1.63443014179e-16
-2.60991154281e-19
1.62918874919e-16
0.0
0.0
0.0
-8.24149670573e-17
0.0
0.0
8.24149670573e-17
0.0
0.0
-9.26424295611e-05
0.0
1.64825620211e-16
9.26424295609e-05
-1.61465089481e-16
1.23491955009e-16
4.10144363526e-17
-1.6456894296e-16
8.2153975903e-17
8.2153975903e-17
-2.60991154281e-19
-8.24149670573e-17
8.25465411103e-17
1.64791108984e-18
-1.51633703686e-18
0.0
-2.45465416029e-16
0.0
8.24149670573e-17
-8.24149670573e-17
-9.2642429561e-05
0.0
-0.000463212147805
-9.26424295609e-05
-0.000277927288683
8.25508550137e-17
-1.3804490805e-19
-8.351716937e-17
0.000185284859122
-9.2642429561e-05
0.0
-8.24128101056e-17
0.0
0.0
8.24128101056e-17
0.0
0.0
0.0
0.0
0.0
0.0
-1.63031036407e-16
-1.51849398855e-18
1.64825620211e-16
-1.64549530395e-16
1.64825620211e-16
1.24240417245e-18
9.2642429561e-05
-0.000277927288683
-9.2642429561e-05
0.0
0.0
0.0
0.0
0.0
9.26424295609e-05
0.0
1.64825620211e-16
0.0
-1.64825620211e-16
0.0
-9.26424295609e-05
-2.76089816099e-19
1.3804490805e-18
1.64687575303e-16
-1.64549530395e-16
1.6565388966e-18
0.0
0.0
1.6565388966e-18
1.64825620211e-16
-1.63169081315e-16
2.76089816099e-19
1.63169081315e-16
0.0
0.0
0.0
0.0
0.0
0.0
9.26424295609e-05
1.64825620211e-16
0.0
-1.64825620211e-16
1.64825620211e-16
-9.26424295611e-05
0.0
0.000370569718244
-0.000277927288683
-9.2642429561e-05
-9.26424295609e-05
-0.0194549102078
-0.0127846552794
-0.0352967656627
-0.0124140855612
-0.0579941609052
-0.0120435158429
-1.7167307332e-05
-0.0424302327389
-0.0080598913718
-0.000631329699595
0.0092642429561
-0.0512140962399
-0.0124140855612
-0.00120435158429
-0.000277927288683
-0.00474193121494
-0.0602175792146
-0.0123214431316
0.00361305475288
0.0
1.7167307332e-05
-1.71673073319e-05
9.26424295609e-05
0.0
1.7167307332e-05
-1.71673073319e-05
-9.2642429561e-05
1.7167307332e-05
-1.71673073317e-05
-7.06789929214e-17
1.7167307332e-05
-1.71673073318e-05
-7.06789929214e-17
-0.0092642429561
0.0
-1.7167307332e-05
1.71673073321e-05
7.06789929214e-17
-1.71673073322e-05
1.7167307332e-05
1.41357985843e-16
-1.71673073321e-05
1.71673073318e-05
-1.7167307332e-05
0.00463212147805
9.2642429561e-05
7.06789929214e-17
1.71673073319e-05
-1.7167307332e-05
-9.26424295609e-05
1.7167307332e-05
-1.71673073318e-05
7.06789929214e-17
1.7167307332e-05
-1.71673073319e-05
2.82715971686e-16
-7.06789929214e-17
7.06789929214e-17
1.41357985843e-16
-0.0092642429561
-7.06789929214e-17
-1.7167307332e-05
-9.26424295611e-05
0.00491004876673
0.0127846552794
0.000370569718244
0.00928141026343
1.7167307332e-05
0.0
-1.71673073319e-05
-7.06789929214e-17
7.06789929214e-17
0.0
1.71673073319e-05
-1.71673073318e-05
7.06789929214e-17
1.71673073318e-05
-1.71673073318e-05
-9.2642429561e-05
7.06789929214e-17
-0.0092642429561
9.26424295609e-05
-0.000109809736893
1.71673073318e-05
-9.26424295609e-05
0.0
9.26424295609e-05
0.0
0.0
0.0
1.64829934115e-16
-1.64829934115e-16
4.14048446081e-17
1.22038169571e-16
-1.62987897373e-16
1.29417101297e-19
1.63179866073e-16
1.29417101297e-19
-8.2153975903e-17
-9.2642429561e-05
0.0
0.0
0.0
0.0
0.0
0.0
0.0
0.0
0.0
0.0
0.0
9.2642429561e-05
8.24149670573e-17
0.0
0.0
0.0
0.0
-1.64829934115e-16
1.64368346453e-16
-8.22833930043e-17
-8.24149670573e-17
1.61663529036e-16
-1.64791108984e-18
-9.26424295611e-05
0.0
0.0
0.0
0.0
0.0
0.0
0.0
0.0
0.0
0.0
0.0
0.0
0.0
-0.000185284859122
-9.2642429561e-05
-4.11373825988e-17
4.12754275068e-17
-4.10683601448e-17
6.90224540248e-20
0.0
0.0
0.0
-9.26424295609e-05
1.3804490805e-19
-1.62754946591e-16
8.43454388183e-17
8.24128101056e-17
1.3804490805e-19
0.0
9.2642429561e-05
0.0
0.0
0.0
0.0
0.0
-0.000185284859122
-0.000327066537572
8.08943161171e-17
-8.21367202895e-17
8.25508550137e-17
-2.76089816099e-19
-8.0756271209e-17
8.21367202895e-17
-8.25508550137e-17
8.22747651976e-17
1.51849398855e-18
-8.25508550137e-17
-8.26888999217e-17
8.13084508412e-17
-8.22747651976e-17
0.0
0.0
0.0
0.0
9.26424295611e-05
0.0
-1.64825620211e-16
-0.000277927288683
-9.2642429561e-05
-1.79458380465e-18
1.51849398855e-18
1.3804490805e-19
-1.51849398855e-18
-1.79458380465e-18
0.000277927288683
-9.26424295611e-05
8.24128101056e-17
-8.24128101056e-17
0.0
1.64825620211e-16
0.0
-1.64825620211e-16
1.64825620211e-16
9.26424295607e-05
1.61236452602e-16
1.79458380465e-18
-1.64549530395e-16
-1.3804490805e-19
1.63445171131e-16
-1.64411485487e-16
0.0
1.62892991499e-16
-1.64549530395e-16
1.3804490805e-19
-9.26424295609e-05
1.64549530395e-16
-1.64825620211e-16
0.0
0.0
0.0
0.0
0.0
0.0
0.0
0.0
0.0
0.0
0.0
0.0
9.26424295611e-05
-9.26424295611e-05
-9.26424295609e-05
0.000185284859122
-0.0268663045727
-0.0080598913718
-0.027775561561
-0.0123214431316
-0.0518969278615
-0.012228800702
-0.0610513610807
-0.0124140855612
0.00427871906714
-1.71673073319e-05
0.000387737025576
-0.0288117955935
-0.00861574594917
-0.00566835551055
1.71673073319e-05
-0.0428179697645
-0.00787460651268
-0.000648497006927
-0.0290897228821
-0.00852310351961
-0.000816614558717
-1.71673073318e-05
1.71673073319e-05
-1.71673073318e-05
1.41357985843e-16
1.7167307332e-05
-1.71673073318e-05
9.2642429561e-05
-7.06789929214e-17
0.0
-7.06789929214e-17
-0.0092642429561
-1.7167307332e-05
1.71673073319e-05
-1.41357985843e-16
-1.7167307332e-05
1.71673073318e-05
1.41357985843e-16
0.00158389007766
0.0121361582725
0.00529778579231
-1.7167307332e-05
1.71673073321e-05
-1.7167307332e-05
1.41357985843e-16
0.0
1.41357985843e-16
1.7167307332e-05
-1.7167307332e-05
1.41357985843e-16
1.41357985843e-16
7.06789929214e-17
0.0
-0.0092642429561
-1.71673073321e-05
1.71673073321e-05
7.06789929214e-17
-1.71673073323e-05
1.71673073319e-05
1.41357985843e-16
-1.71673073322e-05
1.71673073318e-05
-1.7167307332e-05
0.00928141026343
0.0
1.7167307332e-05
-1.7167307332e-05
7.06789929214e-17
1.7167307332e-05
-1.71673073319e-05
1.41357985843e-16
-7.54751222289e-05
9.2642429561e-05
0.000109809736893
0.0
0.0
0.0
0.0
0.0
0.0
0.0
0.0
3.96361442238e-17
-4.10683601448e-17
9.26424295609e-05
2.07067362074e-19
1.62892991499e-16
-9.26424295611e-05
1.51849398855e-18
1.51849398855e-18
-1.51849398855e-18
8.07735268225e-17
-8.08943161171e-17
1.3804490805e-18
8.07735268225e-17
-8.22920208111e-17
0.0
8.24128101056e-17
-8.24128101056e-17
8.24128101056e-17
-8.24128101056e-17
0.0
0.0
0.0
0.0
0.0
1.64825620211e-16
-1.64825620211e-16
1.44947153452e-18
9.2642429561e-05
8.0618226301e-17
-9.26424295611e-05
1.3804490805e-19
1.3804490805e-19
0.0
0.0
1.3804490805e-19
0.0
1.3804490805e-19
1.3804490805e-19
0.0
8.24128101056e-17
0.0
-8.24128101056e-17
0.0
0.0
0.0
8.24128101056e-17
-8.24128101056e-17
0.0
0.0
0.0
0.0
6.90224540248e-20
-6.21202086223e-19
4.12064050528e-17
-4.10683601448e-17
1.3804490805e-19
-2.58834202593e-19
1.64704830917e-16
-1.6304829202e-16
1.3804490805e-19
1.3804490805e-19
0.0
-1.3804490805e-19
-1.77732819114e-18
-8.24128101056e-17
0.0
0.0
0.0
0.0
0.0
0.0
1.64825620211e-16
-1.64825620211e-16
0.0
0.0
0.0
0.0
1.3804490805e-19
2.07067362074e-19
-1.20789294543e-19
-1.89811748568e-19
2.58834202593e-19
1.3804490805e-19
8.24128101056e-17
-8.24128101056e-17
0.0
1.3804490805e-19
1.3804490805e-19
1.3804490805e-19
1.3804490805e-19
-8.24128101056e-17
0.0
0.0
0.0
0.0
0.0
0.0
0.000488208682859
9.26424295611e-05
0.0
0.0
0.0
0.0
0.0
0.0
0.0
0.0
-9.26424295609e-05
0.0
9.26424295609e-05
0.0
0.0
0.0
0.0
0.0
0.0
0.0
0.0
0.0
0.0
0.0
0.0
0.0
0.0
0.0
0.0
0.0
-9.26424295607e-05
-2.48894969213e-16
8.24128101056e-17
-8.22747651976e-17
9.2642429561e-05
0.0
0.0
9.26424295609e-05
0.0
0.0
0.0
8.24128101056e-17
-8.24128101056e-17
0.0
0.0
1.63997350763e-16
-9.26424295611e-05
0.000370569718244
9.26424295611e-05
9.26424295609e-05
-8.14464957493e-17
-0.024272316545
-0.0125993704203
-0.000741139436488
-0.0608660762215
-0.0123214431316
-0.000277927288683
-0.0522674975797
-0.0126920128499
1.71673073318e-05
-0.0472476390761
-0.00796724894224
0.00463212147805
-0.0422449478798
-0.00787460651268
-0.00613156765835
1.7167307332e-05
-0.00455664635582
0.00464928878538
1.76697482304e-16
-1.7167307332e-05
1.71673073318e-05
1.76697482304e-16
-0.0286436780417
-0.0132478674272
-0.00138963644341
0.0162467597878
-1.7167307332e-05
1.06018489382e-16
-1.41357985843e-16
1.41357985843e-16
1.7167307332e-05
-1.71673073321e-05
-0.0196401950669
-0.0129699401385
-0.00528061848497
1.71673073318e-05
-1.71673073318e-05
0.000109809736893
-2.12036978764e-16
-1.71673073319e-05
1.71673073318e-05
0.0092642429561
7.06789929214e-17
0.0
0.0
1.7167307332e-05
-1.71673073319e-05
0.0
0.0
0.0
0.0
-9.26424295608e-05
1.7167307332e-05
-1.7167307332e-05
-7.06789929214e-17
0.0
0.0
-0.00928141026343
1.7167307332e-05
-7.06789929214e-17
-1.7167307332e-05
1.7167307332e-05
-7.06789929214e-17
7.54751222289e-05
1.7167307332e-05
-7.06789929214e-17
-1.71673073321e-05
0.00928141026343
-1.41357985843e-16
0.0
1.41357985843e-16
-7.54751222291e-05
-9.26424295608e-05
-1.71673073318e-05
7.06789929214e-17
-1.41357985843e-16
-9.26424295611e-05
1.71673073319e-05
-1.6456894296e-16
-8.24149670573e-17
1.64829934115e-16
0.0
-1.64829934115e-16
0.0
1.64829934115e-16
9.26424295609e-05
-9.2642429561e-05
-4.10769879515e-17
-1.84419369348e-18
8.04391993109e-17
-8.22833930043e-17
1.77948514283e-18
8.08986300205e-17
-2.45204424875e-16
1.64961508168e-16
8.2285549956e-17
-2.47244901172e-16
1.64961508168e-16
8.37997300412e-17
0.0
0.0
0.0
0.0
0.0
0.0
0.0
-8.24149670573e-17
0.0
1.64829934115e-16
-9.26424295611e-05
0.0
0.0
9.26424295609e-05
8.39313040942e-17
-8.07692129192e-17
2.6314810597e-19
1.77948514283e-18
-1.33731004673e-19
1.64791108984e-18
1.64791108984e-18
-1.65006804153e-18
8.40628781472e-17
-8.07670559675e-17
-1.65006804153e-18
1.63050448972e-16
0.0
0.0
0.0
0.0
0.0
0.0
0.0
-9.2642429561e-05
0.0
0.0
0.0
0.0
9.26424295609e-05
-1.57888863582e-18
3.94916284606e-17
1.23358224004e-16
-1.66348428103e-16
1.64700517013e-16
-1.90890224412e-18
-8.24149670573e-17
8.25465411103e-17
1.31574052985e-19
-8.37997300412e-17
-8.24128101056e-17
1.64700517013e-16
-2.47113327119e-16
8.24149670573e-17
-8.24149670573e-17
-9.26424295609e-05
0.0
0.0
0.0
0.0
0.0
9.26424295609e-05
0.0
1.64829934115e-16
-1.64829934115e-16
1.63046135068e-16
-7.11794057131e-20
-8.05707733638e-17
8.22812360526e-17
-1.29417101297e-19
-8.07692129192e-17
8.25443841586e-17
0.0
-2.15695168828e-21
-9.26424295611e-05
0.0
0.0
0.0
0.0
0.0
0.0
0.0
0.0
0.0
0.0
9.26424295611e-05
0.0
0.0
-1.64829934115e-16
1.64829934115e-16
-1.23623529062e-16
-4.11416965022e-17
1.64499920506e-16
-1.23750789211e-16
-4.11416965022e-17
1.31574052985e-19
8.05060648132e-17
-9.26424295608e-05
-1.64825620211e-16
-2.58834202593e-19
-2.58834202593e-19
0.0
0.0
1.29417101297e-19
0.0
0.0
9.2642429561e-05
0.0
0.0
0.0
-8.24149670573e-17
1.64829934115e-16
-1.64829934115e-16
0.0
1.64829934115e-16
-1.64829934115e-16
-9.26424295609e-05
4.12064050528e-17
-3.97569335183e-17
1.44947153452e-18
0.0
0.0
0.0
0.0
0.0
0.0
0.0
0.0
1.29417101297e-19
0.0
9.2642429561e-05
-8.24149670573e-17
0.0
8.24149670573e-17
0.0
-8.24149670573e-17
1.64829934115e-16
-1.64829934115e-16
0.0
0.0
0.0
0.0
-9.26424295609e-05
0.0
0.0
0.000185284859122
-8.02386028038e-17
-9.26424295609e-05
0.000185284859122
-0.000185284859122
-0.0241796741154
-0.00833781866049
4.41743705759e-18
0.0160443076214
-0.0494882246929
-0.00824517623092
-0.0151178833258
-9.26424295609e-05
-9.26424295611e-05
-0.0518797605541
-0.0125993704203
-9.2642429561e-05
-0.000758306743819
-0.0243649589745
-0.0131552249977
-0.000555854577366
-0.000185284859122
-0.0237164619676
-0.00796724894224
-0.000833781866049
-0.000538687270034
-0.0288117955935
-0.00833781866049
-0.00129699401385
-0.000370569718244
0.0
-0.000185284859122
-1.76697482304e-16
-0.0404847417181
-0.0130797498754
-0.00555854577366
1.71673073318e-05
-1.71673073319e-05
1.71673073318e-05
-1.41357985843e-16
-1.7167307332e-05
1.71673073319e-05
-0.000202452166454
0.0162467597878
-1.71673073318e-05
1.71673073318e-05
-1.71673073319e-05
-3.53394964607e-17
1.71673073318e-05
-1.7167307332e-05
-9.26424295608e-05
-0.00463212147805
0.000114733816711
0.00464928878538
-1.71673073318e-05
1.71673073318e-05
-1.42514105799e-05
-9.26424295608e-05
-9.26424295609e-05
-0.0153031681849
-0.0124140855612
-0.000370569718244
0.000463212147805
-0.00250134559815
-0.000370569718244
-9.2642429561e-05
-0.000277927288683
0.0160443076214
0.000295094596015
-9.2642429561e-05
-0.000185284859122
0.000277927288683
0.000277927288683
9.26424295611e-05
