0.596105635166, 0.769681751728, 1.21853244305, 3.32284021378, 2.646515131, 0.91515481472, 0.565786540508, 0.430408209562, 0.367298926784, -0.000237112089524
0.596106767654, 0.769693672657, 1.21854948997, 3.3229804039, 2.6463932991, 0.915111958981, 0.565731346607, 0.430387675762, 0.3681211383, 2.5890747879e-16
0.596133112907, 0.769765853882, 1.21881198883, 3.32475662231, 2.64472460747, 0.914841353893, 0.565660655499, 0.43038225174, 0.369499324692, 0.0
0.59614443779, 0.76987439394, 1.2191773653, 3.32776641846, 2.642567873, 0.914548933506, 0.565577447414, 0.430390298367, 0.370887390116, 0.0
0.596106886864, 0.770018517971, 1.21967113018, 3.33145332336, 2.63907432556, 0.914206027985, 0.565536677837, 0.430526256561, 0.372285435768, 0.0
0.595967650414, 0.770273566246, 1.22105109692, 3.3434817791, 2.62811303139, 0.912776052952, 0.565141201019, 0.430595695972, 0.37369356415, 0.0
0.595921754837, 0.770674645901, 1.22234725952, 3.35425066948, 2.62078595161, 0.912117004395, 0.565036654472, 0.430757164955, 0.374827396145, 0.0
0.595759630203, 0.770727992058, 1.22279703617, 3.36041307449, 2.61695122719, 0.912135481834, 0.565324246883, 0.431163072586, 0.376253935981, 0.0
0.595352292061, 0.770532429218, 1.22299158573, 3.36492848396, 2.61411690712, 0.912090361118, 0.565397620201, 0.43128156662, 0.377690852656, 0.0
0.595229327679, 0.770596921444, 1.22330009937, 3.36874246597, 2.61111450195, 0.91165792942, 0.565219044685, 0.431227833033, 0.379138253807, 0.0
0.595302939415, 0.770794332027, 1.22378540039, 3.37062501907, 2.60965895653, 0.911356389523, 0.565075516701, 0.431136608124, 0.380596248475, 0.0
0.595386087894, 0.770935118198, 1.22416055202, 3.37262701988, 2.6086063385, 0.911067247391, 0.564932286739, 0.431039720774, 0.382064947119, 0.0
0.595494925976, 0.771087348461, 1.224375844, 3.37303042412, 2.60813736916, 0.910883188248, 0.564815998077, 0.430936902761, 0.383544461643, 0.0
0.595576703548, 0.771223306656, 1.22455346584, 3.3735396862, 2.60772323608, 0.910734713078, 0.564716219902, 0.43083819747, 0.385023993352, 0.000291044776119
0.595675468445, 0.771336376667, 1.22474694252, 3.3740541935, 2.60704493523, 0.910504937172, 0.56457221508, 0.430725514889, 0.386524317907, 0.0
0.59578794241, 0.771489262581, 1.22492587566, 3.37442493439, 2.6067199707, 0.910369217396, 0.56443965435, 0.430630922318, 0.388035785969, 0.0
0.59588265419, 0.771628677845, 1.22512745857, 3.37489843369, 2.60629487038, 0.910165548325, 0.564293980598, 0.430524110794, 0.389558515167, 0.0
0.596004903316, 0.771725893021, 1.22524273396, 3.37492799759, 2.60609769821, 0.910012602806, 0.564189910889, 0.430439889431, 0.391092624682, 0.0
0.596096754074, 0.771879553795, 1.22549366951, 3.37596559525, 2.60537266731, 0.909777641296, 0.564068436623, 0.430351614952, 0.39234408852, -0.000291044776119
0.596203863621, 0.771986842155, 1.22570896149, 3.37705683708, 2.60444784164, 0.909566581249, 0.56391865015, 0.430239826441, 0.39390020544, -4.06575814682e-19
0.596289753914, 0.77210521698, 1.2259042263, 3.37712407112, 2.60397076607, 0.909415185452, 0.563830554485, 0.430142611265, 0.395468062692, -4.06575814682e-19
0.596396386623, 0.772222042084, 1.22602105141, 3.37700295448, 2.60418367386, 0.909280359745, 0.563718736172, 0.430045545101, 0.397047785849, -4.06575814682e-19
0.596468031406, 0.772344410419, 1.22617137432, 3.37725758553, 2.60428738594, 0.909170329571, 0.563611388206, 0.429949879646, 0.398320193277, -5.1700180595e-16
0.596563220024, 0.772416055202, 1.22633242607, 3.37742328644, 2.60369372368, 0.908987104893, 0.563514530659, 0.429872900248, 0.399921596853, 8.13151629364e-19
0.596654772758, 0.772509455681, 1.22635376453, 3.37701869011, 2.60386300087, 0.908915102482, 0.563406944275, 0.42977014184, 0.401859431684, 5.17408381764e-16
0.596742928028, 0.772613465786, 1.22651147842, 3.3772919178, 2.60364151001, 0.908782243729, 0.563305497169, 0.429706275463, 0.403161215493, -5.17408381764e-16
0.596837937832, 0.772744953632, 1.22670042515, 3.37848877907, 2.60273957253, 0.908539414406, 0.563165187836, 0.429607510567, 0.403161215493, 0.0
0.596917271614, 0.772859573364, 1.22687876225, 3.37870359421, 2.60248994827, 0.908410549164, 0.563062131405, 0.429524570704, 0.40479969644, 0.0
0.597005665302, 0.772960424423, 1.22709751129, 3.37930393219, 2.6019244194, 0.908201038837, 0.562961757183, 0.429423421621, 0.40645080537, 0.0
0.597106099129, 0.773094415665, 1.22730028629, 3.37974643707, 2.6015162468, 0.908053636551, 0.562856316566, 0.429333716631, 0.408114679728, 0.0
0.597205042839, 0.773219883442, 1.22745108604, 3.38016676903, 2.6011235714, 0.907809078693, 0.562706649303, 0.429242283106, 0.409791458812, 0.0
0.597270667553, 0.773331999779, 1.22761511803, 3.3806374073, 2.60055756569, 0.907695651054, 0.562598586082, 0.429141670465, 0.411142268286, 0.0
0.597381651402, 0.773447871208, 1.22781610489, 3.38131690025, 2.59980225563, 0.953894913197, 0.562469661236, 0.429074257612, 0.413184297761, 0.0
0.597438633442, 0.773585498333, 1.22801029682, 3.38189649582, 2.59942603111, 0.953769207001, 0.562352478504, 0.428954333067, 0.414556302388, -5.17814957579e-16
0.597558259964, 0.773725271225, 1.2282525301, 3.38283324242, 2.59852766991, 0.953543186188, 0.562229812145, 0.428894996643, 0.41628342329, 0.0
0.597630977631, 0.773798823357, 1.22833859921, 3.38288927078, 2.59861183167, 0.953440368176, 0.562156677246, 0.428821325302, 0.4180241442, 0.0
0.597714960575, 0.773902118206, 1.2284681797, 3.38299226761, 2.59843707085, 0.953321397305, 0.562050521374, 0.428729295731, 0.419778615716, 0.0
0.597807645798, 0.773996114731, 1.22861027718, 3.3835003376, 2.59796643257, 0.953120827675, 0.561893701553, 0.428615063429, 0.421546990485, 0.0
0.597900390625, 0.774117827415, 1.22883844376, 3.38405179977, 2.59741377831, 0.952940821648, 0.56182295084, 0.428530544043, 0.423616888157, 0.00029104477612
0.598008036613, 0.774258852005, 1.22902810574, 3.38455319405, 2.59708499908, 0.952820897102, 0.561726510525, 0.428431242704, 0.425414666651, 0.0
0.598093688488, 0.774345815182, 1.22914195061, 3.38447880745, 2.59685492516, 0.952612042427, 0.561590790749, 0.428347557783, 0.427226825993, 0.0
0.598164916039, 0.774463951588, 1.22937655449, 3.38553762436, 2.5961561203, 0.952461183071, 0.561492085457, 0.428264439106, 0.428687015928, 0.0
0.598247826099, 0.774583756924, 1.22947764397, 3.38583755493, 2.59598636627, 0.95234310627, 0.561377882957, 0.428201347589, 0.430230732936, -0.00029104477612
0.598328948021, 0.774673163891, 1.22960400581, 3.38592290878, 2.59547662735, 0.95214432478, 0.561262428761, 0.428105086088, 0.432082819916, 4.06575814682e-19
0.598415911198, 0.774768829346, 1.22970509529, 3.38572120667, 2.59566760063, 0.952090382576, 0.56119966507, 0.428039938211, 0.433949904363, 4.06575814682e-19
0.598493218422, 0.774879515171, 1.22989928722, 3.38649606705, 2.59501838684, 0.951899349689, 0.56110394001, 0.427943855524, 0.435832156008, 4.06575814682e-19
0.59858417511, 0.774972379208, 1.23008716106, 3.38701486588, 2.59456133842, 0.951751172543, 0.56099486351, 0.427867352962, 0.437729746918, 4.06575814682e-19
0.598666489124, 0.775082230568, 1.23025250435, 3.38751626015, 2.5938565731, 0.951567471027, 0.5608497262, 0.427770555019, 0.439642851535, 4.06575814682e-19
0.598758757114, 0.775184094906, 1.23040187359, 3.3876490593, 2.59378433228, 0.951374948025, 0.560742080212, 0.427666127682, 0.44157164671, 4.06575814682e-19
0.598860502243, 0.775317907333, 1.2305637598, 3.3880405426, 2.59328174591, 0.951213955879, 0.560631871223, 0.427579909563, 0.443516311743, 4.06575814682e-19
0.598932206631, 0.775426208973, 1.23071467876, 3.38841485977, 2.59305906296, 0.951104402542, 0.560526371002, 0.427496880293, 0.445083592137, 5.17408381764e-16
0.599015116692, 0.775543987751, 1.23089694977, 3.38964986801, 2.59202289581, 0.950835824013, 0.560379624367, 0.427400380373, 0.445083592137, 0.0
0.599111020565, 0.775674462318, 1.23110306263, 3.38963246346, 2.59186029434, 0.950700163841, 0.591751933098, 0.427326440811, 0.447057282688, 0.0
0.599211990833, 0.775794029236, 1.23125517368, 3.3897356987, 2.59187316895, 0.9505828619, 0.591629087925, 0.427223533392, 0.449047358454, 0.0
0.59929984808, 0.775913953781, 1.23142898083, 3.39028573036, 2.59133982658, 0.950371325016, 0.591532588005, 0.427109837532, 0.451054008364, 0.0
0.599415957928, 0.776016056538, 1.23155128956, 3.39034247398, 2.59118032455, 0.95016348362, 0.591395616531, 0.427011936903, 0.453077423976, 0.0
0.599517166615, 0.776155650616, 1.23179829121, 3.39115929604, 2.59061145782, 0.95000988245, 0.591280281544, 0.426911056042, 0.45511779951, 0.0
0.599611401558, 0.776256799698, 1.23196196556, 3.39150214195, 2.59023690224, 0.949882268906, 0.591185748577, 0.426838666201, 0.457175331892, 0.0
0.599693417549, 0.776358187199, 1.2321190834, 3.39188885689, 2.58959269524, 0.949632883072, 0.591035962105, 0.426740944386, 0.459250220793, 2.5890747879e-16
0.599770367146, 0.776491224766, 1.23234391212, 3.3927230835, 2.58897328377, 0.949497461319, 0.590922117233, 0.426646590233, 0.460922764563, 0.0
0.599864840508, 0.776614248753, 1.23247134686, 3.39308071136, 2.58873009682, 0.949347794056, 0.590802431107, 0.426544934511, 0.463029407283, 0.0
0.599966585636, 0.776697576046, 1.23253190517, 3.39258885384, 2.58886027336, 0.94925314188, 0.590710759163, 0.426476687193, 0.465153980546, 0.0
0.600057423115, 0.776831924915, 1.23273432255, 3.39316415787, 2.58825492859, 0.949047327042, 0.590586423874, 0.426377207041, 0.467296694827, 0.0
0.600154697895, 0.776933431625, 1.23292899132, 3.39377760887, 2.58783817291, 0.948833942413, 0.590458333492, 0.426271915436, 0.469457763541, 0.0
0.600257813931, 0.777053236961, 1.23305284977, 3.39376068115, 2.5875620842, 0.948689520359, 0.590336084366, 0.426167726517, 0.471924068983, 0.000291044776119
0.600361943245, 0.777172088623, 1.23324728012, 3.39403772354, 2.58742976189, 0.948528051376, 0.59024643898, 0.426076620817, 0.473828251963, -0.00029104477612
0.600445508957, 0.777279675007, 1.2334100008, 3.39450883865, 2.5868074894, 0.948375046253, 0.590146303177, 0.425986796618, 0.476045622029, 4.06575814682e-19
0.600524544716, 0.777385294437, 1.23350286484, 3.39434862137, 2.58659505844, 0.948200166225, 0.590012490749, 0.425895273685, 0.477833358145, 5.12448156825e-16
0.600615739822, 0.777513682842, 1.23380947113, 3.39567875862, 2.58570146561, 0.947962164879, 0.58986979723, 0.425839662552, 0.480085520268, 0.0
0.60071849823, 0.777652621269, 1.23394656181, 3.39558911324, 2.58588910103, 0.94791918993, 0.58981782198, 0.450721591711, 0.482357333982, 0.0
0.600789248943, 0.777726829052, 1.23410499096, 3.39644885063, 2.58526134491, 0.947754621506, 0.589712142944, 0.45066934824, 0.484189091626, 5.16595230135e-16
0.600874423981, 0.777820467949, 1.23420548439, 3.39655280113, 2.58499956131, 0.947593986988, 0.589610815048, 0.450568258762, 0.486496871548, -1.24683249836e-18
0.600944697857, 0.777936458588, 1.23439598083, 3.3971157074, 2.58438134193, 0.947422981262, 0.589481115341, 0.450467795134, 0.488357711869, -5.18248638448e-16
0.601045429707, 0.778042912483, 1.23451578617, 3.39715528488, 2.58429694176, 0.947264075279, 0.589380919933, 0.450382649899, 0.490702237345, -4.06575814682e-19
0.601148545742, 0.778160989285, 1.23471999168, 3.39777994156, 2.58382296562, 0.947098851204, 0.589269280434, 0.450294435024, 0.4935430907, 5.16595230135e-16
0.601239383221, 0.778260588646, 1.23479914665, 3.39754915237, 2.5837931633, 0.946981191635, 0.589173018932, 0.450203925371, 0.49593361467, -1.24683249836e-18
0.601309001446, 0.778372585773, 1.23495614529, 3.39793658257, 2.58336997032, 0.946847975254, 0.589061200619, 0.450123608112, 0.497861366912, -5.18248638448e-16
0.601414978504, 0.778479814529, 1.23515474796, 3.39859342575, 2.58290076256, 0.946612298489, 0.58893597126, 0.450011610985, 0.497861366912, 0.0
0.601501584053, 0.778617560863, 1.23535394669, 3.39941716194, 2.58219909668, 0.946419358253, 0.588804900646, 0.449927866459, 0.499802891279, 0.0
0.601584911346, 0.778686106205, 1.23538172245, 3.39920830727, 2.58250236511, 0.946387410164, 0.588744401932, 0.449840933084, 0.502249367032, 0.0
0.601672112942, 0.778796672821, 1.23553550243, 3.39923453331, 5.0, 0.94622194767, 0.588611900806, 0.449769467115, 0.504717833818, 0.0
0.601760327816, 0.778912723064, 1.23571312428, 3.3996078968, 5.0, 0.94605576992, 0.588511884212, 0.449686467648, 0.507208558995, 0.0
0.601849198341, 0.779001772404, 1.23588657379, 3.39995527267, 5.0, 0.945870935917, 0.58839905262, 0.449577957392, 0.509721813659, 0.0
0.601949870586, 0.779132068157, 1.23608279228, 3.40048861504, 5.0, 0.945709586143, 0.58829253912, 0.449495613575, 0.512257872697, 0.0
0.602017104626, 0.779236614704, 1.23624396324, 3.40095305443, 5.0, 0.945554018021, 0.588181734085, 0.449399024248, 0.514303326248, 2.5890747879e-16
0.602113962173, 0.779348492622, 1.23636972904, 3.40104222298, 5.0, 0.945387542248, 0.588069796562, 0.449315160513, 0.516881138148, 0.0
0.60219758749, 0.77944368124, 1.23652172089, 3.40135717392, 5.0, 0.945287644863, 0.587979316711, 0.449255049229, 0.519482544675, 0.0
0.602279722691, 0.779553830624, 1.23663973808, 3.40173172951, 5.0, 0.945142269135, 0.587873339653, 0.449149161577, 0.522107835561, 0.0
0.602364003658, 0.779652357101, 1.23677527905, 3.40195775032, 5.0, 0.944986045361, 0.587759375572, 0.44905975461, 0.524757304567, 0.0
0.602452814579, 0.779777526855, 1.23695290089, 3.40231156349, 5.0, 0.944828748703, 0.587646245956, 0.448982894421, 0.52713483224, -0.000291044776119
0.602543771267, 0.779886782169, 1.23712384701, 3.40276551247, 5.0, 0.944670259953, 0.587549269199, 0.448898106813, 0.530117783017, 0.000291044776119
0.60262966156, 0.779947400093, 1.23719322681, 3.40282058716, 5.0, 0.944546759129, 0.587440848351, 0.448812365532, 0.532841484945, -4.06575814682e-19
0.602705895901, 0.780047118664, 1.23736524582, 3.40309715271, 5.0, 0.944402396679, 0.587371408939, 0.448736786842, 0.535590580073, -4.06575814682e-19
0.602796494961, 0.780186355114, 1.23760867119, 3.40411162376, 5.0, 0.944216012955, 0.587248563766, 0.448645591736, 0.538365383036, -8.13151629364e-19
0.602866828442, 0.780273377895, 1.23768377304, 3.40384554863, 5.0, 0.944098472595, 0.587148547173, 0.448565512896, 0.540603949246, -5.1700180595e-16
0.602946937084, 0.780380785465, 1.23782837391, 3.40422415733, 5.0, 0.943968772888, 0.587046027184, 0.448475092649, 0.543425833045, 8.13151629364e-19
0.603037416935, 0.780500769615, 1.23802804947, 3.40504312515, 5.0, 0.943748950958, 0.586912631989, 0.448379606009, 0.546274328847, 8.13151629364e-19
0.60313218832, 0.780611217022, 1.23818194866, 3.40540552139, 5.0, 0.943596899509, 0.58681255579, 0.448320388794, 0.549149768001, 8.13151629364e-19
0.603213131428, 0.78072810173, 1.23836946487, 3.4060022831, 5.0, 0.943396031857, 0.586706459522, 0.448221772909, 0.552052486371, 8.13151629364e-19
0.60330671072, 0.780834197998, 1.23857223988, 3.40663933754, 5.0, 0.943214476109, 0.586586236954, 0.448128938675, 0.554982824384, 8.13151629364e-19
0.603403925896, 0.780946850777, 1.2387419939, 3.40686035156, 5.0, 0.943074941635, 0.586478412151, 0.448041707277, 0.557941127079, 8.13151629364e-19
0.603493273258, 0.781043767929, 1.23881459236, 3.40686798096, 5.0, 0.942949593067, 0.586382985115, 0.447960734367, 0.560927744154, 4.06575814682e-19
0.603567302227, 0.78112834692, 1.23895871639, 3.40700387955, 5.0, 0.942855834961, 0.586296737194, 0.44787478447, 0.563943030014, 4.06575814682e-19
0.603637397289, 0.781232535839, 1.23906457424, 3.40735864639, 5.0, 0.94269412756, 0.586173653603, 0.447778850794, 0.563943030014, 0.0
0.603733420372, 0.781355679035, 1.23925507069, 3.4078605175, 3.99122786522, 0.94250947237, 0.586064517498, 0.447712391615, 0.566987343814, 0.0
0.603816211224, 0.78146147728, 1.23941290379, 3.40826129913, 3.9666390419, 0.942355692387, 0.585944890976, 0.447624176741, 0.570061049503, 0.0
0.603901386261, 0.781581699848, 1.23962759972, 3.40920305252, 3.94701242447, 0.942149460316, 0.58583521843, 0.447541892529, 0.573164515873, 0.0
0.603983700275, 0.78169721365, 1.23979306221, 3.40937638283, 3.92242646217, 0.942011654377, 0.585732102394, 0.447457164526, 0.576298116597, 0.0
0.604073703289, 0.781783044338, 1.23996567726, 3.40983748436, 3.8978536129, 0.941854596138, 0.58562630415, 0.447373300791, 0.579462230273, 0.0
0.604156374931, 0.781887471676, 1.2401021719, 3.41011118889, 3.87328410149, 0.941707253456, 0.585541903973, 0.447288841009, 0.582657240464, 0.0
0.604241073132, 0.781982958317, 1.24022853374, 3.41020131111, 3.84870624542, 0.941550910473, 0.585431456566, 0.447196900845, 0.585883535736, 2.5890747879e-16
0.604337871075, 0.782103598118, 1.24039161205, 3.4105899334, 3.8241121769, 0.941419064999, 0.585314810276, 0.447104871273, 0.589141509698, 0.0
0.604406654835, 0.78220719099, 1.2405102253, 3.41068315506, 3.79953074455, 0.941310584545, 0.585234940052, 0.447014600039, 0.591770965268, 0.0
0.604496955872, 0.782284498215, 1.24058222771, 3.41070532799, 3.7750108242, 0.941179037094, 0.585129261017, 0.44693082571, 0.595086968991, 0.0
0.604580521584, 0.782398581505, 1.24075734615, 3.41113066673, 3.7504658699, 0.940996706486, 0.58501458168, 0.446865707636, 0.598435780624, 0.0
0.604667127132, 0.782525122166, 1.24095749855, 3.41166782379, 3.73082470894, 0.940824449062, 0.584892094135, 0.44676938653, 0.601817813244, 0.0
0.604751884937, 0.782641351223, 1.24115037918, 3.41251397133, 3.70628404617, 0.940641403198, 0.584779500961, 0.446689128876, 0.605219754868, -5.22395711758e-16
0.604846417904, 0.782752811909, 1.24132740498, 3.41292357445, 3.68172812462, 0.940489470959, 0.5846824646, 0.446608573198, 0.608669352402, 5.77337656849e-18
0.604928433895, 0.78284072876, 1.24149596691, 3.41323471069, 3.65716028214, 0.94028532505, 0.584563612938, 0.446497827768, 0.612153439704, 5.77337656849e-18
0.605030536652, 0.782980501652, 1.24171483517, 3.4139649868, 3.63261342049, 0.940067708492, 0.584430217743, 0.446407437325, 0.615672450762, 8.13151629364e-19
0.6051248312, 0.783112764359, 1.24193108082, 3.4148247242, 3.60806918144, 0.939914405346, 0.584316730499, 0.446321696043, 0.619226824843, 8.13151629364e-19
0.605205655098, 0.783232212067, 1.24212241173, 3.41544032097, 3.58352327347, 0.939716815948, 0.584204256535, 0.44623413682, 0.622817006515, 8.13151629364e-19
0.605276942253, 0.783331334591, 1.24225890636, 3.41564488411, 3.55895614624, 0.939569830894, 0.584101855755, 0.446150809526, 0.625715235457, 4.06575814682e-19
0.605359911919, 0.783429443836, 1.24236404896, 3.41596388817, 3.53930878639, 0.939456760883, 0.584005773067, 0.446085363626, 0.629371008056, 4.06575814682e-19
0.605445444584, 0.783525466919, 1.24249601364, 3.41621899605, 3.50984239578, 0.939329147339, 0.583898365498, 0.446000009775, 0.633063861305, 8.13151629364e-19
0.605532407761, 0.783648014069, 1.24267876148, 3.41659069061, 3.4901907444, 0.939141213894, 0.583777070045, 0.445903450251, 0.636794259977, 8.13151629364e-19
0.605629384518, 0.783750772476, 1.24288249016, 3.41728305817, 3.46566438675, 0.938909471035, 0.583655714989, 0.445816725492, 0.640562674165, 8.13151629364e-19
0.60571539402, 0.783883929253, 1.24311852455, 3.4181330204, 3.44112586975, 0.938740849495, 0.583554089069, 0.445723474026, 0.644369579271, 8.13151629364e-19
0.605806648731, 0.784007251263, 1.24331653118, 3.41787385941, 3.41657829285, 0.938542127609, 0.58343487978, 0.445630908012, 0.644369579271, 0.0
0.605896174908, 0.784125268459, 1.24347126484, 3.39334487915, 3.39201235771, 0.938390791416, 0.583325266838, 0.445540726185, 0.648215455996, 0.0
0.605970144272, 0.784223854542, 1.24362170696, 3.36876773834, 3.36742949486, 0.938275039196, 0.583211183548, 0.445452898741, 0.651320543344, -2.5890747879e-16
0.606077432632, 0.78436756134, 1.2438608408, 3.33930873871, 3.33794403076, 0.938046753407, 0.583061039448, 0.445347875357, 0.656026073485, 2.5890747879e-16
0.606162488461, 0.784498214722, 1.24401724339, 3.31478786469, 3.31338477135, 0.937888264656, 0.582960486412, 0.445269584656, 0.659991801955, -2.5890747879e-16
0.606254994869, 0.784579634666, 1.2441059351, 3.29022932053, 3.29371476173, 0.937685489655, 0.58285266161, 0.445195972919, 0.663699378065, -0.000291044776119
0.606332361698, 0.784716367722, 1.24434745312, 3.26567673683, 3.26915383339, 0.937555253506, 0.582743644714, 0.445111274719, 0.667745922879, 0.0
0.606419682503, 0.784802436829, 1.24448382854, 3.24112534523, 3.2445602417, 0.937429606915, 0.582653224468, 0.445033848286, 0.671834426592, -2.5890747879e-16
0.606500685215, 0.784898161888, 1.24464249611, 3.22150826454, 3.22000718117, 0.9372164011, 0.582543075085, 0.444932550192, 0.675965406384, 5.17814957579e-16
0.606597185135, 0.785020828247, 1.24480962753, 3.19693517685, 3.19542622566, 0.937054872513, 0.582430839539, 0.444845885038, 0.680422037996, 0.000291044776119
0.606664121151, 0.785125434399, 1.24500524998, 3.17239832878, 3.17085623741, 0.936859309673, 0.582304239273, 0.444743841887, 0.68379367253, -5.17814957579e-16
0.606765925884, 0.785270273685, 1.24520099163, 3.14786100388, 3.14631032944, 0.936690747738, 0.582184255123, 0.444654762745, 0.688047806875, 0.0
0.606854856014, 0.785388290882, 1.24536550045, 3.12332415581, 3.12175011635, 0.936502218246, 0.582051753998, 0.444572925568, 0.692346431473, 0.0
0.60695040226, 0.7855245471, 1.24559104443, 3.09875559807, 3.09717392921, 0.936306893826, 0.58193808794, 0.444484770298, 0.696690086541, 4.06575814682e-19
0.607041239738, 0.785657227039, 1.24580812454, 3.07425093651, 3.07262444496, 0.936084866524, 0.58179718256, 0.444389432669, 0.701079316875, 4.06575814682e-19
0.607141315937, 0.785783290863, 1.24602162838, 3.04968881607, 3.05301809311, 0.935896337032, 0.58170157671, 0.444290101528, 0.705514671741, 4.06575814682e-19
0.607235848904, 0.785889089108, 1.24622499943, 3.03004932404, 3.02844381332, 0.935700953007, 0.581578612328, 0.444202065468, 0.709996704747, 4.06575814682e-19
0.607315719128, 0.785990774632, 1.24640345573, 3.00549197197, 3.00383448601, 0.935522317886, 0.581452846527, 0.444109380245, 0.714525973713, 4.06575814682e-19
0.607417047024, 0.786107182503, 1.24651312828, 2.9809217453, 2.97925400734, 0.93541008234, 0.581362605095, 0.44401589036, 0.719103040526, 4.06575814682e-19
0.607493758202, 0.786243081093, 1.24678587914, 2.95639371872, 2.95468330383, 0.935148894787, 0.581207275391, 0.443916380405, 0.722799488515, 5.17408381764e-16
0.607592344284, 0.786381661892, 1.24695456028, 2.9318292141, 2.93016600609, 0.934962630272, 0.581072926521, 0.443843603134, 0.727464019782, -4.06575814682e-19
0.607688307762, 0.786540448666, 1.24723112583, 2.90728664398, 2.905585289, 0.934741020203, 0.580949604511, 0.443743109703, 0.732177942434, -4.06575814682e-19
0.607781767845, 0.786653101444, 1.24739301205, 2.88272452354, 2.88596057892, 0.934553146362, 0.580814778805, 0.443648397923, 0.736941832277, -4.06575814682e-19
0.607880115509, 0.786768138409, 1.24760949612, 2.85823297501, 2.8614461422, 0.934386491776, 0.580704391003, 0.443558901548, 0.741756268317, -4.06575814682e-19
0.607964813709, 0.786870658398, 1.24781990051, 2.83853244781, 2.83683013916, 0.93415749073, 0.580588459969, 0.443459123373, 0.746621832536, -4.06575814682e-19
0.608068108559, 0.787011682987, 1.24798452854, 2.80913043022, 2.81229138374, 3.16794419289, 0.580461680889, 0.443354010582, 0.75153910966, -4.06575814682e-19
0.608154714108, 0.787132143974, 1.24813842773, 2.78943181038, 2.78770685196, 3.14034843445, 0.580369353294, 0.443273216486, 0.75153910966, 0.0
0.608235180378, 0.787218749523, 1.2482790947, 2.76490736008, 2.76309108734, 3.11833930016, 0.580258488655, 0.443180650473, 0.756508686904, 0.0
0.608327627182, 0.78734344244, 1.24842429161, 2.74036240578, 2.73852705956, 3.09082460403, 0.580133974552, 0.443105787039, 0.761531153709, 0.0
0.608415544033, 0.78746342659, 1.24862456322, 2.71583104134, 2.71394968033, 3.0632815361, 0.580017268658, 0.443019777536, 0.766305851013, -0.000291044776119
0.608494222164, 0.787588119507, 1.24883568287, 2.69128060341, 2.68942117691, 3.03580522537, 0.579918384552, 0.44293987751, 0.771434221176, 0.0
0.608589708805, 0.787689805031, 1.24896490574, 2.66677832603, 2.6648349762, 3.00824594498, 0.579809904099, 0.442855477333, 0.776617257715, 0.0
0.608667612076, 0.787804663181, 1.2491556406, 2.64712405205, 2.64516210556, 2.98075199127, 0.579678893089, 0.442754715681, 0.781855556431, 0.0
0.608775377274, 0.787917256355, 1.24938905239, 2.61761498451, 2.62059760094, 2.9532251358, 0.579572498798, 0.442653566599, 0.787430114081, 0.000291044776119
0.608873307705, 0.788045883179, 1.24957966805, 2.59802699089, 2.59603285789, 2.92565608025, 0.579439818859, 0.442554235458, 0.792782156458, -5.17814957579e-16
0.608979821205, 0.788188457489, 1.24979305267, 2.57347917557, 2.57146811485, 2.90364980698, 0.579308569431, 0.442455261946, 0.798191248863, 0.0
0.609053075314, 0.788307964802, 1.24998116493, 2.54887199402, 2.54691791534, 2.87612748146, 0.579191863537, 0.442360669374, 0.802559998978, 5.17814957579e-16
0.609147548676, 0.788428962231, 1.25016772747, 2.52434802055, 2.52232861519, 2.84857773781, 0.579069554806, 0.442283183336, 0.808073281286, 0.0
0.609235942364, 0.788545787334, 1.25029313564, 2.49980735779, 2.50268268585, 2.82107782364, 0.578954458237, 0.442193567753, 0.81364527798, 0.0
0.60934060812, 0.788696169853, 1.25052976608, 2.47523450851, 2.47321772575, 2.79351639748, 0.578819215298, 0.442081391811, 0.819276580445, -5.3668007538e-18
0.609454512596, 0.788798332214, 1.2506467104, 2.45074820518, 2.45355820656, 2.76591467857, 0.578689157963, 0.441979557276, 0.824967777679, -5.3668007538e-18
0.609541535378, 0.788904309273, 1.25085115433, 2.42621421814, 2.42900586128, 2.73841738701, 0.578557431698, 0.441882371902, 0.830719455751, -5.3668007538e-18
0.60965013504, 0.78905326128, 1.25111353397, 2.40654563904, 2.40440416336, 2.71093773842, 0.578430831432, 0.441783964634, 0.836532197245, 0.0
0.609745621681, 0.789173007011, 1.25127053261, 2.38196802139, 2.37987327576, 2.68338656425, 0.578321456909, 0.441683977842, 0.842406580676, 0.0
0.609836220741, 0.789299726486, 1.25150513649, 2.35741281509, 2.35527038574, 2.65589570999, 0.578199923038, 0.441585361958, 0.848343179872, 0.0
0.609921872616, 0.789440453053, 1.25169503689, 2.33287358284, 2.33069753647, 2.63379597664, 3.51771235466, 0.441483050585, 0.853137636812, 5.16595230135e-16
0.610024571419, 0.789551615715, 1.25185036659, 2.30835437775, 2.30609798431, 2.60621476173, 3.48128294945, 0.441389650106, 0.859187653017, -1.24683249836e-18
0.61011749506, 0.78966486454, 1.25196659565, 2.283816576, 2.28155088425, 2.5786857605, 3.44495368004, 0.441319435835, 0.865301461238, -1.24683249836e-18
0.610207021236, 0.789781093597, 1.25214099884, 2.25925660133, 2.26188254356, 2.55115032196, 3.40875959396, 0.441229224205, 0.871479611432, -1.24683249836e-18
0.61029613018, 0.78990149498, 1.25232183933, 2.23472094536, 2.23732209206, 2.52367830276, 3.37248516083, 0.441118687391, 0.877722645543, -1.24683249836e-18
0.610410451889, 0.790038347244, 1.25258982182, 2.21015787125, 2.21275806427, 2.49614262581, 3.34349703789, 0.441026359797, 0.884031096727, -1.24683249836e-18
0.610502958298, 0.790140986443, 1.25280439854, 2.19051790237, 2.18819189072, 2.46860361099, 3.30720496178, 0.440925270319, 0.890405488542, -1.24683249836e-18
0.610589206219, 0.790260493755, 1.25293123722, 2.16598081589, 2.16364097595, 2.44106316566, 3.27089452744, 0.440827935934, 0.890405488542, 0.0
0.610705673695, 0.790409445763, 1.25314390659, 2.14147400856, 2.13905930519, 2.41899967194, 3.23445630074, 0.440729439259, 0.896846334112, 0.0
0.610777437687, 0.790530025959, 1.25329184532, 2.11687803268, 2.11448764801, 2.39142823219, 3.19812369347, 0.440629124641, 0.902047194899, -2.5890747879e-16
0.610877692699, 0.790643811226, 1.25343823433, 2.09235715866, 2.08987927437, 2.36385297775, 3.16180920601, 0.440547645092, 0.908608913655, 0.0
0.610976934433, 0.790752291679, 1.25357306004, 2.06783461571, 2.07025718689, 2.33636569977, 3.1254966259, 0.440424501896, 0.915238459906, 0.0
0.611082136631, 0.790890097618, 1.25378096104, 2.04327845573, 2.04075217247, 2.3087656498, 3.08912920952, 0.440351963043, 0.921936298958, 0.0
0.611175537109, 0.791026055813, 1.25399911404, 2.02361869812, 2.02110219002, 2.28125214577, 3.06017255783, 0.44024503231, 0.928980323957, 0.000291044776119
0.61128115654, 0.791115939617, 1.25413393974, 1.99910008907, 1.99652636051, 2.25368046761, 3.02376294136, 0.440158069134, 0.935817419073, 2.58914255053e-16
0.611367344856, 0.791228830814, 1.25439488888, 1.97456860542, 1.9719196558, 2.22619223595, 2.98754668236, 0.440059840679, 0.94272409586, 0.0
0.611469984055, 0.791365981102, 1.25455081463, 1.95003271103, 1.94740688801, 2.19862723351, 2.95124030113, 0.439963668585, 0.949700752917, 0.0
0.611542463303, 0.79150223732, 1.25480151176, 1.92541635036, 1.92280590534, 2.17660951614, 2.91494822502, 0.46649813652, 0.955332720029, 0.0
0.611649930477, 0.791624248028, 1.25495481491, 1.90087223053, 1.89827239513, 2.1490957737, 2.87862825394, 1.01693928242, 0.962436284247, 0.0
0.61175340414, 0.791763663292, 1.2551381588, 1.87635052204, 1.87364852428, 2.1215069294, 2.84238409996, 1.45525658131, 0.969610839407, 0.0
0.611842751503, 0.791890799999, 1.25534343719, 1.85180425644, 1.84913599491, 2.09406614304, 2.80627322197, 2.00130462646, 0.976856705311, -5.38035328096e-18
0.611953794956, 0.792074978352, 1.25567233562, 1.8272395134, 1.82946419716, 2.06653213501, 2.77719497681, 2.55039787292, 0.984174178202, -5.38035328096e-18
0.612064421177, 0.792234659195, 1.2559504509, 1.80270326138, 1.80492830276, 2.03909826279, 2.74111557007, 3.09623646736, 0.99156352953, -5.38035328096e-18
0.612160921097, 0.792315125465, 1.25606501102, 1.78307557106, 1.78031623363, 2.01146626472, 2.70462155342, 3.64632987976, 0.999025004709, -4.06575814682e-19
0.612239897251, 0.792437553406, 1.2562482357, 1.75852108002, 1.75577354431, 1.98395216465, 2.66837453842, 5.0, 1.00504626154, -5.17008582213e-16
0.612359821796, 0.79257440567, 1.25649905205, 1.73398351669, 1.73119997978, 1.95644378662, 2.63212037086, 5.0, 1.01416517044, 5.07067803544e-16
0.612463355064, 0.792720258236, 1.25674390793, 1.70947051048, 1.70666778088, 1.9289317131, 2.59586238861, 5.0, 1.02493620929, -8.19927892942e-19
0.612652540207, 0.796777367592, 1.28974187374, 1.69116270542, 1.70435607433, 1.95405900478, 2.72091197968, 2.28033471107, 1.02619188645, -0.00116417910448
0.616248369217, 0.852009415627, 1.441395998, 1.68077921867, 1.73315966129, 2.05080914497, 3.00623846054, 1.39312851429, 0.939011089988, -0.0878955223881
0.624228000641, 0.920502305031, 1.67572319508, 1.66878426075, 1.73991310596, 2.10125160217, 3.10804438591, 1.25816595554, 0.897868072212, -0.0424925373134
0.629772007465, 0.932889819145, 1.71080851555, 1.64487993717, 1.71930634975, 2.06969976425, 3.06046128273, 1.39499092102, 0.891271387263, -0.0130970149254
0.633341789246, 0.936478257179, 1.71735274792, 1.62565600872, 1.69408559799, 2.03957676888, 3.02533531189, 1.52614986897, 0.898417684322, 0.0
0.636899113655, 0.941412508488, 1.7075715065, 1.59676373005, 1.66901290417, 2.00965046883, 2.98175978661, 1.65732145309, 0.905646232222, 0.0
0.640458524227, 0.946441471577, 1.6820551157, 1.577460289, 1.64388430119, 1.97978270054, 2.93841433525, 1.78806865215, 0.982052604895, 0.0727611940299
0.644003927708, 0.951477050781, 1.65655064583, 1.55335521698, 1.61882543564, 1.94994473457, 2.89517021179, 1.9183511734, 0.989798190484, 0.0
0.646849870682, 0.956552565098, 1.63106381893, 1.52930355072, 1.59375274181, 1.92613112926, 2.85219454765, 2.04829573631, 0.996051952007, -2.63677968348e-16
0.65040075779, 0.961653530598, 1.6106415987, 1.50517487526, 1.56871461868, 1.89636433125, 2.80898499489, 2.1527967453, 0.927225287129, -0.0727611940299
0.653945624828, 0.966711938381, 1.58514678478, 1.48110151291, 1.5436643362, 1.86658680439, 2.7659714222, 2.28275108337, 0.934767474679, 0.0
0.657514452934, 0.971855461597, 1.55960738659, 1.45699381828, 1.52361488342, 1.83686089516, 2.72289991379, 2.4128921032, 0.942394612758, 0.0
0.661057412624, 0.976955354214, 1.534070611, 1.43776655197, 1.49856233597, 1.80950176716, 2.70656514168, 2.45817279816, 0.95166007275, 2.49800180541e-16
0.665390968323, 0.995078921318, 1.50844085217, 1.42817080021, 1.51433336735, 1.89187633991, 3.02137589455, 1.80595242977, 0.882139286089, -0.0727611940299
0.67884016037, 1.09285664558, 1.4732478857, 1.42739725113, 1.55597388744, 2.00469279289, 3.32586359978, 1.49554038048, 0.867587047283, -0.014552238806
0.69304060936, 1.17101478577, 1.44300508499, 1.41028499603, 1.54321086407, 1.9834240675, 3.30879759789, 1.57095980644, 0.835304816129, -0.0375447761194
0.698288202286, 1.18047511578, 1.41934239864, 1.38670110703, 1.51732707024, 1.95028173923, 3.25339627266, 1.64881873131, 0.841034334242, 2.77555756156e-16
0.705001652241, 1.19123852253, 1.39545488358, 1.363265872, 1.49172997475, 1.92438411713, 3.20079278946, 1.72584748268, 0.848279734212, 0.0
0.711705088615, 1.2020483017, 1.37625324726, 1.33972680569, 1.46615660191, 1.89209532738, 3.14848780632, 1.80272114277, 0.855618883387, 0.0
0.71839761734, 1.2128714323, 1.35228168964, 1.31624305248, 1.44063365459, 1.85987770557, 3.09630441666, 1.87939488888, 0.862746799172, -0.00029104477612
0.725077033043, 1.22372150421, 1.32828974724, 1.29276669025, 1.4151134491, 1.82770621777, 3.04430127144, 1.94071257114, 0.874837444506, 0.0
0.731187820435, 1.23986518383, 1.30806231499, 1.27947700024, 1.41323661804, 1.8638510704, 3.31079077721, 1.72449314594, 0.876641950689, -0.000582089552238
0.748093605042, 1.34547650814, 1.29048681259, 1.28836214542, 1.46936678886, 2.02555680275, 3.8190741539, 1.41805255413, 0.777075039361, -0.100410447761
0.774861037731, 1.42340195179, 1.27553057671, 1.30242586136, 1.52531886101, 2.16340827942, 5.0, 1.31429409981, 0.748751505705, -0.0288134328358
0.795050978661, 1.38413655758, 1.25392246246, 1.28624677658, 1.50532019138, 2.12910270691, 5.0, 1.36435568333, 0.73029504014, -0.0241567164179
0.805933833122, 1.36022031307, 1.23181343079, 1.26353514194, 1.47888278961, 2.09948062897, 5.0, 1.41477143764, 0.737043227307, 5.55111512313e-16
0.814565300941, 1.33632481098, 1.20966601372, 1.24087071419, 1.45270955563, 2.0633456707, 5.0, 1.4642598629, 0.742515030728, 0.0
0.825358748436, 1.31219649315, 1.19191336632, 1.21818184853, 1.42650341988, 2.02718997002, 5.0, 1.50395274162, 0.74944775026, 0.0
0.83616399765, 1.28800451756, 1.16965961456, 1.19549834728, 1.40557456017, 1.99120247364, 3.99476194382, 1.55329549313, 0.762192019718, -5.55111512313e-16
0.846989035606, 1.26562809944, 1.14912712574, 1.17898797989, 1.38915801048, 2.00483226776, 3.96625542641, 1.48897731304, 0.763629448239, 4.99600361081e-16
0.869048774242, 1.23301839828, 1.14490699768, 1.19556367397, 1.45872211456, 2.2331776619, 3.91441607475, 1.29469704628, 0.677873807752, -0.0873134328358
0.911365628242, 1.20488142967, 1.1422034502, 1.22451257706, 1.53616189957, 2.4398958683, 3.88835000992, 1.22909426689, 0.6489363958, -0.0293955223881
0.941062927246, 1.17656707764, 1.12294089794, 1.20982551575, 1.51617085934, 2.39907836914, 3.8751847744, 1.26663017273, 0.632200858175, -0.0221194029851
0.955820143223, 1.15561890602, 1.10251820087, 1.18775272369, 1.48870968819, 2.36439967155, 3.86220908165, 1.30376434326, 0.638461584569, 0.0
0.967626869678, 1.13446009159, 1.08198535442, 1.16575157642, 1.46159493923, 2.3224105835, 3.84922504425, 1.34027493, 0.643547415086, 5.55111512313e-16
0.98255866766, 1.11309909821, 1.06549727917, 1.14387476444, 1.43475842476, 2.28141021729, 3.8361749649, 1.3692265749, 0.719522459214, 0.0727611940299
0.997580051422, 1.09173071384, 1.04490661621, 1.12197065353, 1.40790736675, 2.24030780792, 3.82312321663, 1.40554690361, 0.726639763863, 0.0
1.01253116131, 1.0703754425, 1.02432179451, 1.10004293919, 1.3864480257, 2.20286035538, 3.81129527092, 1.4243093729, 0.735333694027, -2.77555756156e-16
1.03163361549, 1.05300414562, 1.01632344723, 1.10821509361, 1.43648266792, 2.4479842186, 3.79487371445, 1.29020452499, 0.723558638508, -0.0148432835821
1.09019565582, 1.03806889057, 1.0224301815, 1.15912759304, 1.55469560623, 2.89779067039, 3.79593968391, 1.1681034565, 0.622609887585, -0.100992537313
1.16684150696, 1.02341723442, 1.03176236153, 1.1986836195, 1.68406260014, 3.37058997154, 3.78539085388, 1.12430167198, 0.579716873331, -0.0433656716418
1.21290242672, 1.00546574593, 1.01856303215, 1.19148182869, 1.66812002659, 3.33236789703, 3.76881337166, 1.15075004101, 0.558475638773, -0.0250298507463
1.23355853558, 0.987703919411, 1.00013017654, 1.16969811916, 1.63725233078, 3.26617288589, 3.7522418499, 1.17680001259, 0.564366210872, 0.0
1.2544529438, 0.969892323017, 0.985591351986, 1.14884459972, 1.61455667019, 3.21142029762, 3.73571848869, 1.2020175457, 0.570368485006, 0.0
1.27610719204, 0.951997518539, 0.967446088791, 1.12812125683, 1.58077836037, 3.15754747391, 3.71918964386, 1.22219347954, 0.581519188462, 5.39326865961e-05
1.29783666134, 0.935351133347, 0.950629532337, 1.11515283585, 1.5735514164, 3.24933505058, 3.71451449394, 1.19717168808, 0.582719365123, -5.39326865961e-05
1.29746210575, 0.93101888895, 0.962721645832, 1.15613734722, 1.72707498074, 3.77352261543, 3.73477864265, 1.1094865799, 0.540728726535, -0.0433656716418
1.21430242062, 0.930942595005, 0.987474322319, 1.24656939507, 1.95489621162, 3.73242592812, 3.44087147713, 1.03580725193, 0.467967802814, -0.0727611940299
1.14683556557, 0.931293010712, 1.0199034214, 1.32015824318, 2.25382447243, 3.71231722832, 2.8020055294, 0.981198191643, 0.380935412037, -0.0870223880597
1.09447658062, 0.931357443333, 1.04006946087, 1.38667440414, 2.42760252953, 3.6975312233, 2.64508581161, 0.988013923168, 0.335257467627, -0.0471492537313
1.08061218262, 0.918642401695, 1.02524006367, 1.3670899868, 2.39130806923, 3.6729722023, 2.69101190567, 1.00375401974, 0.336220364328, -0.00203731343284
1.0660854578, 0.905461370945, 1.01046061516, 1.34765088558, 2.35788393021, 3.65243077278, 2.73242807388, 1.01907742023, 0.340090321373, 0.0
1.0510405302, 0.89228451252, 0.995944142342, 1.32896471024, 2.32646083832, 3.63604664803, 2.77209711075, 1.03433084488, 0.269296690772, -0.0727611940299
1.03589308262, 0.879098236561, 0.984319388866, 1.31030678749, 2.29518985748, 3.61555314064, 2.81143069267, 1.04958724976, 0.272470898492, 0.0
1.02071714401, 0.865928828716, 0.969823777676, 1.29166734219, 2.27010798454, 3.59510564804, 2.85082817078, 1.06178486347, 0.276003372653, 0.00029104477612
1.00548684597, 0.852735221386, 0.955322146416, 1.27310526371, 2.23907446861, 3.57464885712, 2.88989329338, 1.07699227333, 0.279330962486, 0.0
0.990268588066, 0.842191874981, 0.940828382969, 1.25452196598, 2.2079641819, 3.5541882515, 2.92882442474, 1.09220325947, 0.282439656978, -0.000291044776119
0.975043773651, 0.829015552998, 0.926345944405, 1.23966753483, 2.17688727379, 3.53372168541, 2.96003341675, 1.10742735863, 0.285924441547, 0.0
0.959838688374, 0.815839529037, 0.911869585514, 1.22111082077, 2.14580416679, 3.51322889328, 2.99936366081, 1.12266874313, 0.289493848023, 0.0
0.947653830051, 0.802649617195, 0.897368729115, 1.20250964165, 2.11457896233, 3.49277377129, 3.03864336014, 1.1378685236, 0.292412329734, 0.0
0.932456374168, 0.789467632771, 0.88287371397, 1.18394339085, 2.08365416527, 3.47638988495, 3.07754445076, 1.15308988094, 0.29614177536, 0.0
0.917231559753, 0.776271343231, 0.868356823921, 1.16531229019, 2.05232191086, 3.45588135719, 3.11709165573, 1.16836047173, 0.299964676146, 0.0
0.902010917664, 0.763084828854, 0.856757998466, 1.14674246311, 2.02121019363, 3.43544793129, 3.15636229515, 1.18363058567, 0.303884473401, 0.0
0.886792600155, 0.749910771847, 0.842262625694, 1.12815570831, 1.99015033245, 3.414945364, 3.19505763054, 1.19575083256, 0.307904773197, 0.0
0.871556937695, 0.736730456352, 0.827787995338, 1.11330914497, 1.9652299881, 3.3944709301, 3.23437166214, 1.21098530293, 0.382714979736, 0.0727611940299
0.856322169304, 0.723524391651, 0.81326508522, 1.09097480774, 1.93414616585, 3.37400865555, 3.2735209465, 1.22621524334, 0.387828754322, 0.0
0.84114831686, 0.713006138802, 0.798766493797, 1.07608628273, 1.90303492546, 3.35351991653, 3.3048157692, 1.24145042896, 0.393073842038, 2.22044604925e-16
0.825900912285, 0.699794232845, 0.784292757511, 1.0575324297, 1.87189722061, 3.33308243752, 3.34405875206, 1.25667750835, 0.398455066481, 0.0
0.813721477985, 0.68660402298, 0.769785225391, 1.03895151615, 1.84091174603, 3.31669402122, 3.38316965103, 1.27192735672, 0.402861447384, 3.33066907388e-16
0.798495948315, 0.673433125019, 0.75819671154, 1.02042531967, 1.80980348587, 3.29213643074, 3.41544723511, 1.2871158123, 0.408500589811, 0.0
0.78329616785, 0.660237133503, 0.74369764328, 1.00183904171, 1.77868676186, 3.27573347092, 3.39426517487, 1.30231976509, 0.414290594331, 0.0
0.768040716648, 0.647057771683, 0.729221284389, 0.983276367188, 1.74779605865, 3.25527572632, 3.37309026718, 1.31448614597, 0.42023719271, -2.22044604925e-16
0.752806663513, 0.633881509304, 0.714740216732, 0.964705705643, 1.72294938564, 3.2347869873, 3.3519525528, 1.32967853546, 0.426346386634, 0.0
0.737578451633, 0.620697557926, 0.700262486935, 0.946179687977, 1.692045331, 3.21430897713, 3.33076548576, 1.34487938881, 0.432624461923, 0.0
0.72234660387, 0.610167086124, 0.685783565044, 0.931322872639, 1.66083180904, 3.19383502007, 3.30949449539, 1.36016511917, 0.438773873462, -0.00029104477612
0.707108318806, 0.596951305866, 0.671260774136, 0.908955156803, 1.62965869904, 3.17336082458, 3.29255628586, 1.37536907196, 0.445405309535, 0.0
0.691867768764, 0.583764255047, 0.656756997108, 0.89411842823, 1.59874355793, 3.15289998055, 3.27140498161, 1.39054679871, 0.458106629721, 0.00029104477612
0.679686188698, 0.570584475994, 0.643660604954, 0.877680599689, 1.59336173534, 3.14060044289, 3.27132725716, 1.37130606174, 0.458101380218, -5.55111512313e-16
0.662421882153, 0.571690738201, 0.666139185429, 0.940809011459, 1.89829206467, 3.1410176754, 2.96125721931, 1.31100738049, 0.43260049431, -0.0285223880597
0.637157797813, 0.582061886787, 0.696089565754, 1.04671764374, 2.41256093979, 3.14470887184, 2.53157830238, 1.2680850029, 0.345263162553, -0.0873134328358
0.615352869034, 0.588679850101, 0.725951135159, 1.11564946175, 2.68543314934, 3.13451480865, 2.47203779221, 1.27228760719, 0.296699387846, -0.0503507462687
0.604467213154, 0.581042528152, 0.71479177475, 1.09805798531, 2.6496860981, 3.11170482635, 2.4918782711, 1.28230440617, 0.226323922372, -0.0727611940299
0.594669342041, 0.571457803249, 0.703352153301, 1.08466434479, 2.61080145836, 3.08905482292, 2.50806117058, 1.29238319397, 0.230044608029, -2.22044604925e-16
0.584815263748, 0.561775803566, 0.691876113415, 1.0648021698, 2.57282423973, 3.06645750999, 2.52741193771, 1.3023699522, 0.233887397243, -2.22044604925e-16
0.574886262417, 0.5521017313, 0.680438876152, 1.05169379711, 2.53619670868, 3.04389095306, 2.54610967636, 1.31106126308, 0.239483918024, -4.4408920985e-16
0.566269636154, 0.545730650425, 0.682151973248, 1.06675601006, 2.82917571068, 3.05371785164, 2.36852431297, 1.28127896786, 0.234030408449, -0.00698507462687
0.554799675941, 0.561032116413, 0.731533050537, 1.21677982807, 3.03555440903, 3.09437131882, 2.10954666138, 1.24897432327, 0.166653433854, -0.0675223880597
0.547639727592, 0.583385229111, 0.795161008835, 1.42813754082, 3.02563333511, 3.14277911186, 1.90200006962, 1.22466027737, 0.0647884138946, -0.101865671642
0.542073011398, 0.610022902489, 0.854022681713, 1.68312740326, 3.01590681076, 3.18413472176, 1.81826198101, 1.22145986557, 0.0360539703355, -0.0288134328358
0.53745085001, 0.6101962924, 0.859302699566, 1.68432724476, 2.9918859005, 3.15808343887, 1.82628655434, 1.22553765774, 0.0162255915295, -0.0203731343284
0.533704280853, 0.605513453484, 0.853881418705, 1.66995978355, 2.96795940399, 3.13204073906, 1.83302342892, 1.22948396206, 0.0167041704781, -5.39326865967e-05
0.529837071896, 0.60188138485, 0.847691595554, 1.6612765789, 2.95039582253, 3.11696863174, 1.8067522049, 1.228343606, 0.0168191127022, 5.39326865963e-05
0.528231024742, 0.61254554987, 0.899073839188, 1.96858131886, 2.94694638252, 2.8329911232, 1.66947031021, 1.2156829834, 0.0325688298133, 0.0157164179104
0.529551386833, 0.651015818119, 1.01081955433, 2.59194779396, 2.96243095398, 2.45093178749, 1.55820727348, 1.21113538742, -0.0547446030225, -0.0873134328358
0.533265709877, 0.692282795906, 1.116127491, 2.95989155769, 2.96225690842, 2.34044575691, 1.54008698463, 1.2102432251, -0.103690245186, -0.0486044776119
0.533679187298, 0.695518612862, 1.11651885509, 2.93549156189, 2.93744683266, 2.3433110714, 1.54071760178, 1.20996701717, -0.10994152888, -0.00436567164179
0.533929646015, 0.695366322994, 1.11563277245, 2.9112136364, 2.91256713867, 2.3446149826, 1.54105126858, 1.20979964733, -0.112041390893, -2.22044604925e-16
0.534054338932, 0.695400297642, 1.11545431614, 2.88674902916, 2.88791060448, 2.34479141235, 1.54094827175, 1.20965194702, -0.113779677423, 2.22044604925e-16
0.534238696098, 0.695607244968, 1.11573314667, 2.86225128174, 2.86826205254, 2.34462428093, 1.54079306126, 1.2094771862, -0.116029538508, 0.0
0.534415781498, 0.695814192295, 1.11600732803, 2.83772277832, 2.84367156029, 2.34443330765, 1.54060590267, 1.20930600166, -0.118369747029, 0.0
0.534591436386, 0.696020781994, 1.11628437042, 2.81316900253, 2.81904745102, 2.34418821335, 1.5404253006, 1.20913767815, -0.120805829354, -2.22044604925e-16
0.534754157066, 0.696164548397, 1.11651813984, 2.78864002228, 2.79444384575, 2.34396314621, 1.54026246071, 1.20896160603, -0.123343769557, 0.0
0.534918010235, 0.696372449398, 1.11684334278, 2.76903510094, 2.76986980438, 2.34367537498, 1.54006040096, 1.20879244804, -0.125990057972, 0.0
0.535093069077, 0.696597158909, 1.11720645428, 2.74449396133, 2.7452776432, 2.34323143959, 1.53979492188, 1.20861029625, -0.128751744214, 0.0
0.535279393196, 0.696835696697, 1.11754214764, 2.71991682053, 2.72069716454, 2.34285974503, 1.53956019878, 1.20843303204, -0.131636499809, 0.0
0.535422801971, 0.697065591812, 1.11791944504, 2.69541788101, 2.69613003731, 2.34253025055, 1.53933942318, 1.20826339722, -0.134038508802, 2.22044604925e-16
0.535593092442, 0.697289526463, 1.11823427677, 2.6708791256, 2.67155623436, 2.34231734276, 1.53911542892, 1.20809745789, -0.136868936907, 0.00029104477612
0.535758376122, 0.697516262531, 1.11852455139, 2.64632558823, 2.64701247215, 2.34188699722, 1.53888821602, 1.20795047283, -0.140138078772, 0.0
0.53593981266, 0.697734594345, 1.11884212494, 2.62177538872, 2.62237429619, 2.34161496162, 1.5386787653, 1.20777332783, -0.143566109937, 0.0
0.536117434502, 0.697957515717, 1.11917233467, 2.59728479385, 2.60274529457, 2.3413131237, 1.53848183155, 1.20759403706, -0.147164815814, 0.0
0.536295115948, 0.698123991489, 1.11945796013, 2.57765555382, 2.5781121254, 2.3411192894, 1.53827702999, 1.20741260052, -0.150947167539, 4.4408920985e-16
0.536478102207, 0.698351919651, 1.11980128288, 2.54821228981, 2.55355739594, 2.34077143669, 1.53809547424, 1.20723128319, -0.154927473643, 0.0
0.536664605141, 0.698587477207, 1.12013995647, 2.52857255936, 2.52896285057, 2.34040045738, 1.53785359859, 1.20705711842, -0.159121555372, 0.0
0.536799073219, 0.698807358742, 1.12053585052, 2.50403308868, 2.50437068939, 2.33999419212, 1.53760313988, 1.20686924458, -0.162642460788, -4.4408920985e-16
0.536986410618, 0.69906771183, 1.12089562416, 2.47949147224, 2.47981524467, 2.33966875076, 1.53738331795, 1.20670366287, -0.167266836121, 0.0
0.537152588367, 0.699274241924, 1.12118530273, 2.45493674278, 2.45520973206, 2.3394215107, 1.53714156151, 1.20651781559, -0.242438526344, -0.0727611940299
0.537337839603, 0.699515044689, 1.12150633335, 2.43043136597, 2.43557190895, 2.33901071548, 1.53693509102, 1.20638656616, -0.249593523362, -2.22044604925e-16
0.537507116795, 0.699735343456, 1.12184000015, 2.40590119362, 2.41099500656, 2.33868741989, 1.53667640686, 1.20620036125, -0.257449497824, -0.00029104477612
0.537685275078, 0.699967384338, 1.122189641, 2.38625454903, 2.38642454147, 2.33827972412, 1.53644025326, 1.20602953434, -0.265501674309, 0.0
0.537855803967, 0.700147747993, 1.12253391743, 2.35681533813, 2.36185383797, 2.3377995491, 1.53618586063, 1.20586252213, -0.196953783609, 0.0727611940299
0.538019418716, 0.700375676155, 1.12292873859, 2.33718442917, 2.33725309372, 2.33732700348, 1.53595924377, 1.20568656921, -0.203442260976, 0.0
0.538203179836, 0.700641572475, 1.12341082096, 2.30770683289, 2.31270170212, 2.33688759804, 1.53569889069, 1.20549607277, -0.210366283728, 0.0
0.53835773468, 0.70088994503, 1.12375473976, 2.28806710243, 2.28812432289, 2.33645391464, 1.53543245792, 1.20531439781, -0.216248893456, 4.4408920985e-16
0.538540661335, 0.701146304607, 1.12424039841, 2.26350951195, 2.26356077194, 2.33599948883, 1.5351344347, 1.2051243782, -0.224073526742, 0.0
0.538729786873, 0.701407134533, 1.12462186813, 2.2389934063, 2.23899197578, 2.33561658859, 1.53489649296, 1.2049715519, -0.232475055851, 0.0
0.538913249969, 0.701649188995, 1.12489545345, 2.21446275711, 2.21931195259, 2.3353304863, 1.53468394279, 1.20479047298, -0.241518393941, 0.0
0.539099752903, 0.701878488064, 1.12522780895, 2.18993258476, 2.19472432137, 2.33511304855, 1.53446722031, 1.20461237431, -0.25127834073, 0.0
0.53927975893, 0.702044844627, 1.1255235672, 2.1654112339, 2.17015695572, 2.33468675613, 1.53427958488, 1.20442914963, -0.261841486334, 0.0
0.539456248283, 0.702267050743, 1.12585759163, 2.14575242996, 2.14552807808, 2.33446216583, 1.534050107, 1.20425510406, -0.273308558322, 0.0
0.539639472961, 0.702496647835, 1.1262024641, 2.1162815094, 2.12092280388, 2.33405923843, 1.53383481503, 1.20406663418, 0, 0.0
0.539820849895, 0.702736616135, 1.1265733242, 2.0966796875, 2.09637331963, 2.33363008499, 1.53357195854, 1.20387554169, 0, 0.0
0.539978206158, 0.702987611294, 1.12692594528, 2.07213187218, 2.07177138329, 2.33335280418, 1.53337001801, 1.20370137691, 0, 0.0
0.540152668953, 0.703198850155, 1.12718319893, 2.04762911797, 2.04713821411, 2.313778162, 1.53320336342, 1.20355701447, 0, 0.0
0.540330529213, 0.703395247459, 1.12750387192, 2.02307963371, 2.02259755135, 2.2916996479, 1.53298425674, 1.20334911346, 0, 0.0
0.540504992008, 0.703626334667, 1.12782287598, 1.99858260155, 1.99800288677, 2.26407957077, 1.53276801109, 1.20320093632, 0, 0.0
0.540692210197, 0.703847229481, 1.12808632851, 1.97399890423, 1.97341477871, 2.23646950722, 1.53255963326, 1.20302653313, 0, 0.0
0.540870249271, 0.704074442387, 1.12842917442, 1.95435452461, 1.95378029346, 2.20891261101, 1.53234219551, 1.20284354687, 0, 0.000291044776119
0.541011571884, 0.704245328903, 1.12875592709, 1.92494213581, 1.92916858196, 2.18131351471, 1.53214764595, 1.20266461372, 0, -4.4408920985e-16
0.541237056255, 0.704500496387, 1.12915146351, 1.9053106308, 1.90460634232, 2.15926337242, 1.53192317486, 1.2024834156, 0, 4.4408920985e-16
0.541411399841, 0.704732775688, 1.1294529438, 1.88078284264, 1.88002634048, 2.13165998459, 1.53172492981, 1.20231318474, 0, 0.0
0.541541218758, 0.70489692688, 1.1295940876, 1.86121499538, 1.86528670788, 2.10949587822, 1.53164446354, 1.20224261284, 0, -4.4408920985e-16
0.541647553444, 0.704979896545, 1.12977075577, 1.84160995483, 1.84067666531, 2.08743238449, 1.53143763542, 1.20202851295, 0, -0.0436567164179
0.541826844215, 0.705594539642, 1.13047742844, 1.81974899769, 1.82007014751, 2.06395411491, 1.53092086315, 1.20149493217, 0, -2.22044604925e-16
0.542360126972, 0.705806910992, 1.13086795807, 1.80111348629, 1.80073356628, 2.04240655899, 1.53095877171, 1.20165908337, 0, -0.00029104477612
0.542177677155, 0.705680787563, 1.13070225716, 1.77747797966, 1.78136396408, 2.01516819, 1.53078997135, 1.20152282715, 0, -2.22044604925e-16
0.542369008064, 0.705875754356, 1.13106667995, 1.75299429893, 1.75683176517, 1.98753595352, 1.53055727482, 1.20133948326, 0, 0.0727611940299
0.542552947998, 0.706103026867, 1.13140559196, 1.73328447342, 1.73217713833, 1.95993971825, 1.53036534786, 1.20115482807, 0, 0.0
0.542736828327, 0.706346273422, 1.1317820549, 1.70875370502, 1.70755064487, 1.93241119385, 1.53012239933, 1.20096933842, 0, 0.0
0.542886197567, 0.706586897373, 1.13211715221, 1.68416678905, 1.68294417858, 1.90475714207, 1.52989673615, 1.20078516006, 0, 0.0
0.543070733547, 0.706823647022, 1.13249516487, 1.65964102745, 1.65845751762, 1.88274502754, 1.52965795994, 1.2006008625, 0, -0.000291044776119
0.543255209923, 0.707057058811, 1.13277721405, 1.63511347771, 1.63380134106, 1.85510218143, 1.5293828249, 1.20044839382, 0, 0.0
0.543440937996, 0.707310020924, 1.13318169117, 1.61054575443, 1.60921776295, 1.82750594616, 1.52913761139, 1.20026051998, 0, 0.0
0.54363578558, 0.708419680595, 1.13611519337, 1.58379435539, 1.58893823624, 1.80044019222, 1.52378416061, 1.19964230061, 0, -2.22044604925e-16
0.544209897518, 0.710453033447, 1.14166843891, 1.55605340004, 1.5611987114, 1.77092909813, 1.52384471893, 1.1993868351, 0, -0.00261940298507
0.544473111629, 0.710809409618, 1.14233255386, 1.53636717796, 1.53658139706, 1.74328756332, 1.52348566055, 1.19911694527, 0, 0.0
0.544746518135, 0.711151838303, 1.1428334713, 1.50691020489, 1.51193225384, 1.71556794643, 1.52313256264, 1.19884300232, 0, 0.0
0.544964849949, 0.711513638496, 1.14339840412, 1.48730897903, 1.48736643791, 1.68799543381, 1.52277636528, 1.19856953621, 0, -4.4408920985e-16
0.545291543007, 0.711870133877, 1.14393591881, 1.4628534317, 1.46284210682, 1.6604155302, 1.52241921425, 1.19829583168, 0, -0.014552238806
0.545511543751, 0.712226450443, 1.14436984062, 1.43833994865, 1.43826496601, 1.63831806183, 1.52207732201, 1.19802105427, 0, 0.014552238806
