0.5959841609, 0.769360542297, 1.21778070927, 3.31871509552, 2.64993286133, 0.915723204613, 0.566036045551, 0.430518180132, 0.366160079525, -0.00111024641788
0.596003890038, 0.769417226315, 1.21793544292, 3.31946253777, 2.64908218384, 0.915592312813, 0.565994620323, 0.430525064468, 0.367253140705, 0.0
0.595994651318, 0.769485294819, 1.21821308136, 3.32187104225, 2.64742803574, 0.915418326855, 0.565954566002, 0.430604040623, 0.368352448781, 0.0
0.595915675163, 0.769582986832, 1.21867966652, 3.32852005959, 2.63967299461, 0.914571583271, 0.565651893616, 0.430684238672, 0.369735446358, 0.0
0.595834136009, 0.770278573036, 1.22115623951, 3.3470287323, 2.62790036201, 0.913364052773, 0.565607368946, 0.430947005749, 0.371128385289, 0.0
0.595539271832, 0.770149290562, 1.22126090527, 3.35008740425, 2.6256814003, 0.913005828857, 0.565623164177, 0.431080669165, 0.372531367689, 0.0
0.595349252224, 0.770067870617, 1.22140407562, 3.35295915604, 2.62268471718, 0.913066089153, 0.565735578537, 0.431370973587, 0.373944496992, 0.0
0.595143198967, 0.77010589838, 1.22197699547, 3.35963344574, 2.61874198914, 0.912772059441, 0.565671980381, 0.431378543377, 0.37536787797, 0.0
0.595139801502, 0.770242512226, 1.22245359421, 3.36191368103, 2.61675858498, 0.912531495094, 0.565611302853, 0.43134522438, 0.376801616758, 0.0
0.595183968544, 0.770343899727, 1.22264742851, 3.36291599274, 2.61599230766, 0.912349164486, 0.565511345863, 0.431265562773, 0.378245820867, 0.0
0.595272898674, 0.770474433899, 1.22283136845, 3.36350083351, 2.6156437397, 0.912207841873, 0.565404176712, 0.431194067001, 0.379406634252, -0.000291044776119
0.595347106457, 0.770543336868, 1.22294378281, 3.36356115341, 2.61538362503, 0.912044405937, 0.565295040607, 0.431100547314, 0.380871007471, 0.0
0.595414578915, 0.770662605762, 1.22314584255, 3.36437106133, 2.61469268799, 0.91189467907, 0.565187454224, 0.4310310781, 0.382050269093, 0.0
0.595483839512, 0.770790159702, 1.22340881824, 3.36547112465, 2.61376833916, 0.911655247211, 0.565064132214, 0.430934607983, 0.383822210182, 0.000291044776119
0.595580160618, 0.770916938782, 1.22353255749, 3.36573719978, 2.61389017105, 0.911581039429, 0.564979612827, 0.430844902992, 0.385318135701, 4.98732999343e-18
0.595669925213, 0.770992219448, 1.22362315655, 3.36593413353, 2.61335515976, 0.911405384541, 0.564856827259, 0.430790275335, 0.386825177902, 4.98732999343e-18
0.595747768879, 0.771103382111, 1.22380590439, 3.36672997475, 2.61270403862, 0.911225140095, 0.564751982689, 0.4307064116, 0.388343454243, -4.33680868994e-19
0.595831930637, 0.771217107773, 1.22396755219, 3.36677336693, 2.61258459091, 0.91106903553, 0.564660131931, 0.430617392063, 0.38987308373, -4.33680868994e-19
0.595920085907, 0.7713098526, 1.22412550449, 3.36712193489, 2.61207175255, 0.910893559456, 0.564552128315, 0.430530369282, 0.391414186945, -4.33680868994e-19
0.596004486084, 0.771436691284, 1.22440087795, 3.36831974983, 2.61113810539, 0.910658597946, 0.564420342445, 0.430437505245, 0.392966886067, -4.33680868994e-19
0.596076786518, 0.771550476551, 1.22461891174, 3.36922597885, 2.61017918587, 0.910466849804, 0.564296245575, 0.43034863472, 0.394217477557, -5.16947595841e-16
0.596165716648, 0.771681010723, 1.22477269173, 3.36937141418, 2.61015033722, 0.910313785076, 0.564181268215, 0.43026304245, 0.395791362396, 8.67361737988e-19
0.596251428127, 0.771757781506, 1.22490441799, 3.36960482597, 2.60992646217, 0.910207927227, 0.564079523087, 0.430160313845, 0.397377193952, 8.67361737988e-19
0.596354305744, 0.771887302399, 1.22505056858, 3.36973690987, 2.60966539383, 0.910036921501, 0.563964605331, 0.430095404387, 0.398975100697, 8.67361737988e-19
0.596437335014, 0.772006750107, 1.22518396378, 3.37019181252, 2.60938954353, 0.90988701582, 0.563857495785, 0.430009633303, 0.400585212824, 8.67361737988e-19
0.596490800381, 0.772102117538, 1.22532856464, 3.37047815323, 2.60908532143, 0.909754753113, 0.563760221004, 0.429924488068, 0.402207662268, 8.67361737988e-19
0.596614420414, 0.772200167179, 1.22543668747, 3.37044715881, 2.60907936096, 0.909678995609, 0.563701212406, 0.429836273193, 0.402207662268, 0.0
0.596698343754, 0.772278130054, 1.22558355331, 3.37076115608, 2.60870075226, 0.909499466419, 0.563568949699, 0.429754316807, 0.403842582733, 0.0
0.596760213375, 0.772364735603, 1.22569322586, 3.3707575798, 2.60855937004, 0.909323215485, 0.563458561897, 0.429649531841, 0.405159589236, 0.0
0.596893548965, 0.772513866425, 1.22589719296, 3.37128853798, 2.60801005363, 0.909138739109, 0.56334155798, 0.429560959339, 0.407150380558, 0.0
0.596953511238, 0.77262955904, 1.22608220577, 3.37182068825, 2.6073718071, 0.908953785896, 0.563207030296, 0.429451972246, 0.408487866261, 0.0
0.597062349319, 0.772758543491, 1.22624325752, 3.37266159058, 2.60673165321, 0.908760547638, 0.563083946705, 0.42936065793, 0.410171428013, 0.0
0.597153306007, 0.77290982008, 1.22653114796, 3.37354397774, 2.60613942146, 0.908566236496, 0.562982499599, 0.429315030575, 0.411868128065, 0.0
0.597218692303, 0.772995173931, 1.22666597366, 3.37424278259, 2.60552358627, 0.954882860184, 0.562862038612, 0.429221183062, 0.41357811093, -5.17814957579e-16
0.597302138805, 0.773071467876, 1.22677302361, 3.37397861481, 2.60559773445, 0.954823434353, 0.562814176083, 0.429153770208, 0.41500701798, -0.000291044776119
0.597383379936, 0.77316391468, 1.22690021992, 3.37431669235, 2.60530519485, 0.954667508602, 0.562708735466, 0.429074347019, 0.416742834903, 0.0
0.597458064556, 0.773252010345, 1.22703492641, 3.37446570396, 2.60517406464, 0.95452362299, 0.562601029873, 0.428977757692, 0.418492372493, 0.0
0.597557544708, 0.773361623287, 1.22712814808, 3.37439918518, 2.60493993759, 0.954429209232, 0.562532246113, 0.428915888071, 0.420255783238, 0.0
0.597597956657, 0.773446440697, 1.22728312016, 3.37488055229, 2.60459089279, 0.95429110527, 0.56241351366, 0.428824961185, 0.421676604307, -5.17814957579e-16
0.597688019276, 0.773572564125, 1.22750174999, 3.37624001503, 2.60358428955, 0.954055547714, 0.562297344208, 0.428766399622, 0.423752829812, 0.000291044776119
0.597764968872, 0.773693442345, 1.22772943974, 3.376557827, 2.60310173035, 0.953885495663, 0.562173306942, 0.428635835648, 0.425557048934, -4.55364912444e-18
0.59787774086, 0.773807287216, 1.22785449028, 3.37681722641, 2.60284590721, 0.953738093376, 0.562083303928, 0.428594768047, 0.427375747014, -4.55364912444e-18
0.597944438457, 0.773902416229, 1.22798836231, 3.37732744217, 2.60245609283, 0.953610420227, 0.561969935894, 0.42848855257, 0.429209086868, 4.33680868994e-19
0.598024904728, 0.774011313915, 1.2281498909, 3.37781262398, 2.60199594498, 0.953439593315, 0.561864614487, 0.428432881832, 0.431057233552, 4.33680868994e-19
0.59809589386, 0.77409529686, 1.22833347321, 3.37841558456, 2.60148835182, 0.953302979469, 0.561811923981, 0.42838254571, 0.432920354392, 4.33680868994e-19
0.598148107529, 0.774213314056, 1.22850036621, 3.37934660912, 2.60071611404, 0.95303183794, 0.561647713184, 0.428281843662, 0.434798619023, 4.33680868994e-19
0.598246991634, 0.774325728416, 1.22874462605, 3.38005614281, 2.59995365143, 0.952874779701, 0.561561524868, 0.428201049566, 0.436692199419, 4.33680868994e-19
0.598339319229, 0.774439275265, 1.22890281677, 3.38040542603, 2.59965920448, 0.952749609947, 0.561471104622, 0.428120076656, 0.438601269933, 4.33680868994e-19
0.598409235477, 0.774532914162, 1.22907781601, 3.38089704514, 2.59927535057, 0.952547311783, 0.56134480238, 0.428027391434, 0.440526007328, 4.33680868994e-19
0.5984852314, 0.774668395519, 1.22925329208, 3.38135528564, 2.59871029854, 0.95236569643, 0.561225414276, 0.427937746048, 0.442077197746, 5.1738127671e-16
0.59857493639, 0.774779677391, 1.22943460941, 3.38197755814, 2.59833216667, 0.952252686024, 0.561111330986, 0.427863746881, 0.444030588815, -4.33680868994e-19
0.598663568497, 0.774897158146, 1.22957789898, 3.38224649429, 2.59782004356, 0.952062964439, 0.561018824577, 0.4277818501, 0.444030588815, 0.0
0.598746657372, 0.774950802326, 1.22960078716, 3.38191318512, 2.59818482399, 0.951991677284, 0.592404782772, 0.427695184946, 0.44600015485, 0.0
0.598831415176, 0.775069832802, 1.22978210449, 3.38237285614, 2.59775018692, 0.951863646507, 0.592314660549, 0.42761605978, 0.44798608212, 0.0
0.59890550375, 0.775125384331, 1.22988653183, 3.38238573074, 2.59743976593, 0.95169210434, 0.592201292515, 0.427533954382, 0.449988559484, 0.0
0.598993003368, 0.775252997875, 1.23008239269, 3.38312554359, 2.5970158577, 0.951511263847, 0.5921022892, 0.427435159683, 0.452007778429, 0.0
0.59909427166, 0.775392651558, 1.23033869267, 3.38403248787, 2.5959944725, 0.951282858849, 0.591971337795, 0.427350789309, 0.454043933113, 0.0
0.59916138649, 0.775528550148, 1.23053789139, 3.38467597961, 2.59572005272, 0.951144874096, 0.591867685318, 0.427264779806, 0.455685182794, 2.5890747879e-16
0.599247395992, 0.77562057972, 1.23062312603, 3.38457918167, 2.59555602074, 0.95101416111, 0.591769695282, 0.427183538675, 0.457457123317, -0.000291044776119
0.599328696728, 0.775707840919, 1.23073768616, 3.38484835625, 2.59537529945, 0.950917184353, 0.591666340828, 0.427109658718, 0.459540488657, -5.17814957579e-16
0.599417686462, 0.775802671909, 1.23087704182, 3.38527917862, 2.59478068352, 0.950721740723, 0.591587901115, 0.427021563053, 0.461641544307, 0.0
0.599490880966, 0.775902807713, 1.23099768162, 3.38538551331, 2.59461712837, 0.950604557991, 0.591472506523, 0.426955729723, 0.463760497758, 0.0
0.599584519863, 0.776010990143, 1.23115289211, 3.38576674461, 2.59440946579, 0.950467646122, 0.591347277164, 0.426854580641, 0.465897559407, 0.0
0.599666714668, 0.776102423668, 1.23135960102, 3.38675808907, 2.59357643127, 0.950227320194, 0.59122979641, 0.426772207022, 0.468052942602, 0.0
0.599759876728, 0.776248991489, 1.23161005974, 3.38732528687, 2.59246754646, 0.949929833412, 0.59108287096, 0.426672577858, 0.470513541045, 0.000291044776119
0.599856138229, 0.776377618313, 1.23178637028, 3.38775730133, 2.59264397621, 0.949889838696, 0.591021180153, 0.426592200994, 0.472707435761, -4.55364912444e-18
0.59993737936, 0.77646535635, 1.23192322254, 3.38799381256, 2.59226489067, 0.949728131294, 0.590908944607, 0.426499664783, 0.474920317743, -4.55364912444e-18
0.60002464056, 0.776571214199, 1.23202860355, 3.38860011101, 2.59188961983, 0.949616670609, 0.590781271458, 0.426410913467, 0.477152412598, 4.33680868994e-19
0.60010099411, 0.776709377766, 1.23227548599, 3.38952374458, 2.59106516838, 0.949347138405, 0.590653300285, 0.42636436224, 0.478952075378, 5.17814957579e-16
0.600191771984, 0.776849865913, 1.23253071308, 3.39068603516, 2.59011793137, 0.949099719524, 0.590544581413, 0.451250195503, 0.481219332073, 0.0
0.600286006927, 0.776979327202, 1.23276531696, 3.39116311073, 2.58967685699, 0.948991000652, 0.590462565422, 0.451186567545, 0.483506450339, 0.0
0.600327253342, 0.777034878731, 1.23282623291, 3.39130759239, 2.58941841125, 0.948879957199, 0.590357899666, 0.451113462448, 0.484888353675, -4.33680868994e-19
0.600416600704, 0.777124583721, 1.23297071457, 3.39153337479, 2.58911275864, 0.948740541935, 0.590281128883, 0.451028048992, 0.487207746654, -4.33680868994e-19
0.600485563278, 0.777266561985, 1.23326838017, 3.39287805557, 2.58800768852, 0.948472559452, 0.590136051178, 0.450943648815, 0.489077999927, -5.16947595841e-16
0.600589573383, 0.777388513088, 1.23338973522, 3.39315199852, 2.58784389496, 0.948350965977, 0.59001904726, 0.450835436583, 0.491908240466, 5.1738127671e-16
0.600697517395, 0.7774990201, 1.23357093334, 3.3933763504, 2.58753991127, 0.948177158833, 0.58991342783, 0.450749218464, 0.494768697987, 5.16513914972e-16
0.6007848382, 0.777606666088, 1.23373413086, 3.39375114441, 2.58720684052, 0.948036015034, 0.589794158936, 0.450658589602, 0.497175811461, -1.30104260698e-18
0.600854814053, 0.777713656425, 1.23385512829, 3.39387965202, 2.58683896065, 0.947876036167, 0.589696228504, 0.450590014458, 0.497175811461, 0.0
0.600943386555, 0.777819395065, 1.23398828506, 3.3940372467, 2.58673715591, 0.947763025761, 0.589605689049, 0.45049649477, 0.499604471586, 0.0
0.601016521454, 0.777894020081, 1.23407948017, 3.3947660923, 2.58647537231, 0.947640180588, 0.589502155781, 0.450431227684, 0.501758972276, -0.000291044776119
0.601095020771, 0.778016626835, 1.23428583145, 3.39502382278, 5.0, 0.9474401474, 0.589385092258, 0.45034378767, 0.5042301605, 0.0
0.601187348366, 0.778107047081, 1.23443961143, 3.39538049698, 5.0, 0.947271347046, 0.58926653862, 0.450246036053, 0.506723682399, 0.0
0.601279973984, 0.778213620186, 1.23459529877, 3.39560413361, 5.0, 0.947137355804, 0.589192330837, 0.450160980225, 0.509239810683, 0.0
0.6013635993, 0.778319120407, 1.23473441601, 3.39589071274, 5.0, 0.946996331215, 0.589096069336, 0.450085759163, 0.51206476561, 0.000291044776119
0.601438939571, 0.778403043747, 1.23486864567, 3.3961057663, 5.0, 0.946855187416, 0.588994383812, 0.450006425381, 0.514628219077, 2.5890747879e-16
0.601506054401, 0.778513014317, 1.23501610756, 3.39650845528, 5.0, 0.946727573872, 0.588882088661, 0.449918329716, 0.516695855875, 0.0
0.601594567299, 0.778615295887, 1.23521971703, 3.39721727371, 5.0, 0.946549117565, 0.58876657486, 0.449841052294, 0.519301736237, 0.0
0.601671755314, 0.778739213943, 1.23534619808, 3.39778208733, 5.0, 0.94634115696, 0.588652253151, 0.449764728546, 0.52193159371, 0.0
0.601758360863, 0.77886068821, 1.23554587364, 3.39830970764, 5.0, 0.946191072464, 0.588540256023, 0.449678719044, 0.524585723865, 0.0
0.601853847504, 0.778971970081, 1.23569381237, 3.39841246605, 5.0, 0.946087002754, 0.588455736637, 0.449597626925, 0.527264426387, 0.0
0.601936340332, 0.779046714306, 1.23583686352, 3.39884901047, 5.0, 0.945909738541, 0.588347971439, 0.44951069355, 0.529968005125, -5.42101086243e-18
0.602021574974, 0.779153943062, 1.23599004745, 3.39917111397, 5.0, 0.945734262466, 0.588248729706, 0.449424088001, 0.532696768141, -5.42101086243e-18
0.60210287571, 0.779234826565, 1.23607206345, 3.39907050133, 5.0, 0.945649921894, 0.588172495365, 0.449350655079, 0.535451027765, -5.42101086243e-18
0.602161943913, 0.779331684113, 1.23623478413, 3.39937138557, 5.0, 0.945466160774, 0.588048160076, 0.449248760939, 0.537673005662, -5.42101086243e-18
0.602263391018, 0.779456377029, 1.23639321327, 3.39977192879, 5.0, 0.945365071297, 0.587941706181, 0.449163675308, 0.540473960061, -5.16947595841e-16
0.602349042892, 0.779571473598, 1.23653960228, 3.40028834343, 5.0, 0.945173680782, 0.587828993797, 0.449074238539, 0.543301308713, 8.67361737988e-19
0.602438390255, 0.779687523842, 1.23673558235, 3.40072131157, 5.0, 0.945008218288, 0.58772444725, 0.448992073536, 0.54615538062, 8.67361737988e-19
0.602520048618, 0.779800415039, 1.23690605164, 3.40148711205, 5.0, 0.944837987423, 0.587619364262, 0.448927134275, 0.548739676048, -0.00029104477612
0.602598905563, 0.779886186123, 1.23701417446, 3.4019138813, 5.0, 0.944645702839, 0.587486207485, 0.44883325696, 0.55164676308, 1.30104260698e-18
0.602698266506, 0.780013501644, 1.23727548122, 3.40250730515, 5.0, 0.944479823112, 0.587377130985, 0.448748767376, 0.554581578779, 1.30104260698e-18
0.602778971195, 0.780118346214, 1.23743438721, 3.40289640427, 5.0, 0.944330096245, 0.587293922901, 0.448653787374, 0.557544470486, 1.30104260698e-18
0.602871537209, 0.780217766762, 1.23754394054, 3.40285611153, 5.0, 0.944224119186, 0.587205171585, 0.448576390743, 0.560535790248, 1.30104260698e-18
0.602953314781, 0.780307888985, 1.23765897751, 3.40296506882, 5.0, 0.944081842899, 0.587105453014, 0.448491364717, 0.563555894864, 1.30104260698e-18
0.603020846844, 0.780410706997, 1.23781514168, 3.40334248543, 5.0, 0.943923771381, 0.586996614933, 0.448410570621, 0.563555894864, 0.0
0.603101730347, 0.780508041382, 1.23798012733, 3.4038465023, 3.99126052856, 0.943827748299, 0.586899518967, 0.448333442211, 0.566605145933, 0.0
0.603178858757, 0.780604243279, 1.23805689812, 3.40380454063, 3.96665835381, 0.943675458431, 0.586788713932, 0.448255419731, 0.569683909897, 0.0
0.603264212608, 0.780707836151, 1.23819088936, 3.40405201912, 3.94698905945, 0.943523943424, 0.586698293686, 0.448179244995, 0.572792558092, 0.0
0.603353202343, 0.780845880508, 1.23844456673, 3.4052324295, 3.92244887352, 0.94329982996, 0.586557865143, 0.448079973459, 0.576216203288, 0.000291044776119
0.60345774889, 0.780957996845, 1.23863482475, 3.40565133095, 3.89788389206, 0.943113863468, 0.586460351944, 0.447990059853, 0.579387109552, 0.0
0.603543221951, 0.781072854996, 1.23887062073, 3.40655875206, 3.87333655357, 0.942891299725, 0.586329996586, 0.447903960943, 0.582589050915, 0.0
0.603623628616, 0.781189143658, 1.23906111717, 3.40718603134, 3.84876680374, 0.942711591721, 0.586215436459, 0.447809487581, 0.585822418622, 0.0
0.603726744652, 0.781330406666, 1.23926639557, 3.40782690048, 3.82421064377, 0.9425329566, 0.586095690727, 0.447719067335, 0.589087609004, 0.0
0.603792130947, 0.781445622444, 1.23942792416, 3.40818166733, 3.79967689514, 0.942398667336, 0.585992395878, 0.447622895241, 0.591722943244, -5.17814957579e-16
0.603888452053, 0.781557619572, 1.23956847191, 3.40863442421, 3.77509903908, 0.942230939865, 0.585879862309, 0.447544187307, 0.595046429583, 0.0
0.603967726231, 0.781657278538, 1.23969817162, 3.40880441666, 3.75543165207, 0.942075669765, 0.58575874567, 0.447465986013, 0.598402875705, 0.0
0.604071080685, 0.781775057316, 1.23986387253, 3.40919113159, 3.73092317581, 0.941901862621, 0.585635602474, 0.447364926338, 0.601792697595, 0.0
0.604164242744, 0.781873881817, 1.24003660679, 3.40951299667, 3.70638442039, 0.941733241081, 0.585542976856, 0.447274535894, 0.605216316486, 5.85469173142e-18
0.604253828526, 0.78198570013, 1.24024641514, 3.41042709351, 3.68183016777, 0.941504180431, 0.585388898849, 0.447184830904, 0.608674158881, 5.85469173142e-18
0.604336500168, 0.782114684582, 1.24045360088, 3.41105151176, 3.65729188919, 0.941372275352, 0.585320830345, 0.447110801935, 0.612166656579, 5.85469173142e-18
0.604422390461, 0.782227754593, 1.24063885212, 3.41171836853, 3.63274264336, 0.941201627254, 0.585199475288, 0.447012603283, 0.615694246695, 8.67361737988e-19
0.604520201683, 0.782324016094, 1.24070096016, 3.4112610817, 3.61309528351, 0.941086471081, 0.585085093975, 0.446926176548, 0.618959165977, -0.000291044776119
0.604584693909, 0.782460331917, 1.24092936516, 3.4120862484, 3.58365154266, 0.940913200378, 0.584977209568, 0.446855008602, 0.621834321768, 5.1738127671e-16
0.604676604271, 0.782562851906, 1.24112403393, 3.41276693344, 3.55910944939, 0.940720617771, 0.584856569767, 0.446756988764, 0.625460996783, -4.33680868994e-19
0.604753732681, 0.782648921013, 1.24120688438, 3.41300320625, 3.53455018997, 0.940610826015, 0.584785163403, 0.446691185236, 0.629124466087, -4.33680868994e-19
0.604819715023, 0.782749116421, 1.24136078358, 3.41337108612, 3.51491546631, 0.940458476543, 0.584685504436, 0.446631848812, 0.632825192633, -4.33680868994e-19
0.604896485806, 0.782848477364, 1.24150776863, 3.41374230385, 3.49036073685, 0.940324187279, 0.584579586983, 0.446538597345, 0.636563644751, -4.33680868994e-19
0.604994177818, 0.782941401005, 1.2416498661, 3.41392350197, 3.46580195427, 0.940151810646, 0.584492564201, 0.44645062089, 0.640623748088, 0.00029104477612
0.605081617832, 0.78307056427, 1.24187910557, 3.41480493546, 3.44126820564, 0.939933001995, 0.584364056587, 0.446365922689, 0.644440485961, -8.67361737988e-19
0.605144739151, 0.783190011978, 1.24210357666, 3.41567754745, 3.41672253609, 0.939734876156, 0.584236681461, 0.446273058653, 0.647522054075, -5.17814957579e-16
0.605261445045, 0.783306717873, 1.24224698544, 3.39349508286, 3.39212489128, 0.939540803432, 0.584106087685, 0.446166306734, 0.647522054075, 0.0
0.60534375906, 0.783430576324, 1.24240326881, 3.36888551712, 3.36753511429, 0.939431667328, 0.583993911743, 0.446078211069, 0.650628940261, 0.0
0.605432152748, 0.783587396145, 1.24268853664, 3.34431314468, 3.34297275543, 0.939183235168, 0.583872795105, 0.446006417274, 0.654548536527, 0.0
0.605519413948, 0.783666431904, 1.2427738905, 3.31980085373, 3.32330846786, 0.939090192318, 0.583774745464, 0.445921361446, 0.658508585176, 0.0
0.605599880219, 0.783751070499, 1.24291586876, 3.29526591301, 3.29875707626, 0.938919842243, 0.583673238754, 0.445842415094, 0.662509589548, 0.0
0.605689227581, 0.783868908882, 1.24310362339, 3.27562642097, 3.27420258522, 0.938730835915, 0.58353972435, 0.44574251771, 0.666552058201, 0.0
0.605782210827, 0.783985078335, 1.24329650402, 3.25107049942, 3.24961519241, 0.938539862633, 0.583441913128, 0.445648908615, 0.670636504869, 0.0
0.605880737305, 0.784113705158, 1.24342429638, 3.22658419609, 3.22506666183, 0.938413381577, 0.583333671093, 0.445552349091, 0.674763448407, -5.17814957579e-16
0.605976581573, 0.784199297428, 1.24353718758, 3.20204377174, 3.20047163963, 0.938291311264, 0.58324187994, 0.44546765089, 0.678933412732, 0.0
0.606041789055, 0.784329295158, 1.24376356602, 3.17747473717, 3.17591905594, 0.938126564026, 0.583120942116, 0.445367991924, 0.68230071442, 5.17814957579e-16
0.606142044067, 0.784433543682, 1.24386250973, 3.15291547775, 3.15133142471, 0.937992990017, 0.58302116394, 0.445277631283, 0.686549452326, 0.0
0.6062322855, 0.784540951252, 1.24401962757, 3.12840294838, 3.12673640251, 0.937816381454, 0.582911014557, 0.44519329071, 0.690842704311, 0.0
0.606316924095, 0.784649610519, 1.24418437481, 3.10380959511, 3.10707449913, 0.93766438961, 0.582796931267, 0.445130854845, 0.694881247247, -0.000291044776119
0.606401085854, 0.784759998322, 1.24434828758, 3.07931566238, 3.08255290985, 0.937518298626, 0.582677662373, 0.445032030344, 0.699263543407, -4.33680868994e-19
0.606488704681, 0.784838557243, 1.24449670315, 3.0547618866, 3.05797934532, 0.937334001064, 0.582589268684, 0.444950401783, 0.703691989242, -4.33680868994e-19
0.606583178043, 0.784961462021, 1.24467110634, 3.03514695168, 3.03340148926, 0.937172591686, 0.58248257637, 0.444858938456, 0.708167141144, -4.33680868994e-19
0.606675028801, 0.785089433193, 1.24484527111, 3.00567054749, 3.00885128975, 0.936988532543, 0.582358002663, 0.444765090942, 0.712689559822, -8.67361737988e-19
0.606768488884, 0.785186648369, 1.24500346184, 2.98604917526, 2.98428726196, 0.936909079552, 0.582252621651, 0.444676309824, 0.717259810156, -8.67361737988e-19
0.606833398342, 0.785298168659, 1.24518716335, 2.96150588989, 2.95974588394, 0.93665099144, 0.582122683525, 0.444573432207, 0.720950831383, -4.33680868994e-19
0.606936395168, 0.785426318645, 1.24531638622, 2.93695831299, 2.93515658379, 0.936482489109, 0.582013547421, 0.444486826658, 0.725608614915, -4.33680868994e-19
0.607022702694, 0.785543322563, 1.24550509453, 2.91245007515, 2.91054272652, 0.93634390831, 0.581887125969, 0.44439715147, 0.730315832606, -4.33680868994e-19
0.607112288475, 0.785659849644, 1.24569070339, 2.88789653778, 2.89095950127, 0.936184227467, 0.581779003143, 0.444327712059, 0.735354542557, 0.000291044776119
0.607190310955, 0.785786211491, 1.24589669704, 2.86334657669, 2.86639165878, 0.936004161835, 0.581666171551, 0.444235354662, 0.740163808554, -4.33680868994e-19
0.6072884202, 0.785908341408, 1.24607908726, 2.83877968788, 2.84179401398, 0.935796797276, 0.581538379192, 0.44413998723, 0.745024257531, -4.33680868994e-19
0.607387840748, 0.786001861095, 1.24628412724, 2.81426548958, 2.817278862, 3.17336297035, 0.581442475319, 0.444058448076, 0.74993647759, -4.33680868994e-19
0.607482373714, 0.78614795208, 1.24649202824, 2.79462099075, 2.79270172119, 3.14585113525, 0.581297576427, 0.443960249424, 0.74993647759, 0.0
0.607564389706, 0.786267459393, 1.24674725533, 2.77008461952, 2.76814770699, 3.11840057373, 0.581176698208, 0.443866431713, 0.754901059434, 0.0
0.607642412186, 0.786393940449, 1.24692046642, 2.74550223351, 2.74357581139, 3.09631299973, 0.581053733826, 0.443770140409, 0.758910823843, 2.5890747879e-16
0.607739329338, 0.786512255669, 1.24712598324, 2.72101664543, 2.71905636787, 3.06884503365, 0.580936431885, 0.443665742874, 0.76397115274, 0.0
0.607842922211, 0.786631464958, 1.2472422123, 2.69642496109, 2.69934391975, 3.04120564461, 0.580847322941, 0.443564772606, 0.769085508896, 0.0
0.607944011688, 0.786737620831, 1.24734055996, 2.67191672325, 2.66986250877, 3.01363396645, 0.580707907677, 0.443485468626, 0.774254490323, 0.0
0.608046710491, 0.786864936352, 1.24751138687, 2.64737224579, 2.65021443367, 2.98610496521, 0.580594837666, 0.443397551775, 0.779478696203, 0.0
0.608136773109, 0.786972820759, 1.24767708778, 2.62284493446, 2.62566447258, 2.95851588249, 0.580488622189, 0.443308770657, 0.784758726526, 0.0
0.60821044445, 0.787053525448, 1.24785232544, 2.6031806469, 2.60108160973, 2.93108272552, 0.580383300781, 0.443211615086, 0.790095181726, 0.0
0.60831362009, 0.787211954594, 1.24812483788, 2.57859539986, 2.57651853561, 2.90361642838, 0.580240786076, 0.443121492863, 0.795488662277, 0.0
0.608411610126, 0.787351250648, 1.24834537506, 2.55410671234, 2.55192041397, 2.87609362602, 0.580107450485, 0.443016678095, 0.800939768286, 0.0
0.608511328697, 0.787483870983, 1.24854958057, 2.52952098846, 2.5273706913, 2.85400032997, 0.580005884171, 0.442934155464, 0.806449099053, 0.0
0.608574330807, 0.787581384182, 1.24864137173, 2.50500035286, 2.50283813477, 2.82648825645, 0.579878330231, 0.442834079266, 0.810898887421, 0.0
0.608673989773, 0.78769415617, 1.24880063534, 2.48044586182, 2.47826004028, 2.79893159866, 0.579764306545, 0.442752480507, 0.816212194132, -0.00029104477612
0.608774125576, 0.787816047668, 1.2489464283, 2.4559533596, 2.45861530304, 2.77137970924, 0.579682588577, 0.442667722702, 0.821886066485, 4.33680868994e-19
0.608866155148, 0.787895381451, 1.24903321266, 2.43144106865, 2.43405938148, 2.74374175072, 0.579549014568, 0.442561149597, 0.82762042676, 4.33680868994e-19
0.608960866928, 0.788017868996, 1.24921488762, 2.40686368942, 2.40946006775, 2.71623945236, 0.579449832439, 0.442482203245, 0.833415864208, 4.33680868994e-19
0.609043061733, 0.788098216057, 1.24940156937, 2.3823287487, 2.38489985466, 2.68872189522, 0.579360842705, 0.442397743464, 0.839272964287, 5.17814957579e-16
0.609131455421, 0.78821092844, 1.24951851368, 2.36267876625, 2.36030292511, 2.66119599342, 0.579239547253, 0.442314952612, 0.845192308053, -4.33680868994e-19
0.609216690063, 0.788338541985, 1.24973356724, 2.3331990242, 2.33573031425, 2.6336452961, 3.52417230606, 0.442210972309, 0.851453487768, 0.000291044776119
0.60931789875, 0.78845924139, 1.24996757507, 2.31361913681, 2.31118798256, 2.60618591309, 3.48803734779, 0.442115575075, 0.85750044506, 8.67361737988e-19
0.609392762184, 0.788571357727, 1.2501219511, 2.28909039497, 2.28664183617, 2.5841486454, 3.45165920258, 0.442039400339, 0.862384026086, 4.33680868994e-19
0.609468460083, 0.788688719273, 1.25025165081, 2.26450991631, 2.26206493378, 2.55660510063, 3.41542243958, 0.44195574522, 0.868546489095, 4.33680868994e-19
0.609571933746, 0.788816154003, 1.2504503727, 2.23994159698, 2.23747634888, 2.52904605865, 3.37906908989, 0.441858589649, 0.874773894603, 4.33680868994e-19
0.609649240971, 0.788883805275, 1.25057280064, 2.2154211998, 2.2178542614, 2.50150227547, 3.34282898903, 0.441780209541, 0.881066783937, 4.33680868994e-19
0.609728813171, 0.789014577866, 1.25073158741, 2.19085335732, 2.19325017929, 2.47396659851, 3.30643606186, 0.441696643829, 0.887425689121, 4.33680868994e-19
0.609830141068, 0.789108812809, 1.25088775158, 2.17124938965, 2.16865134239, 2.44638752937, 3.27732491493, 0.441595643759, 0.887425689121, 0.0
0.609921693802, 0.789213120937, 1.25104439259, 2.14175057411, 2.14409255981, 2.41889166832, 3.24112176895, 0.441505134106, 0.893851132044, 0.0
0.610025346279, 0.78937381506, 1.25130426884, 2.12212610245, 2.11953020096, 2.39134049416, 3.20482254028, 0.441408634186, 0.900343623594, 0.0
0.610098898411, 0.789495766163, 1.25147759914, 2.09757494926, 2.09501314163, 2.36388802528, 3.16865038872, 0.441320061684, 0.905586227595, 0.0
0.610187351704, 0.789608359337, 1.25162994862, 2.0730369091, 2.07046198845, 2.34186840057, 3.1323390007, 0.441212356091, 0.912200655562, 0.0
0.610295057297, 0.789752483368, 1.25190341473, 2.04847979546, 2.04587244987, 2.31432151794, 3.09606909752, 0.441131383181, 0.918883496397, 0.0
0.610387682915, 0.789870679379, 1.25204241276, 2.02396416664, 2.02622079849, 2.28674817085, 3.05979752541, 0.441026985645, 0.925635210774, 0.0
0.610480606556, 0.789997816086, 1.25224339962, 1.99937725067, 1.99675405025, 2.25928926468, 3.02353858948, 0.440943688154, 0.932456243789, 2.5890747879e-16
0.610589027405, 0.790153264999, 1.25252330303, 1.97487485409, 1.97711920738, 2.23177933693, 2.98746061325, 0.440850049257, 0.939347023924, 0.0
0.610676407814, 0.790273010731, 1.252779603, 1.95032441616, 1.9525564909, 2.20426106453, 2.95840835571, 0.44076153636, 0.946307961973, 0.0
0.610763847828, 0.790376901627, 1.25289976597, 1.93065679073, 1.92796194553, 2.17669057846, 2.92205476761, 0.440726906061, 0.953339449941, 0.0
0.610858440399, 0.790491402149, 1.25302243233, 1.90611326694, 1.90335428715, 2.14916729927, 2.88573479652, 0.90437233448, 0.960136539298, -0.00029104477612
0.610929369926, 0.790588915348, 1.25324678421, 1.88152933121, 1.87882900238, 2.12716555595, 2.84947061539, 1.45528137684, 0.965868495699, 5.17814957579e-16
0.611022889614, 0.790693283081, 1.25330483913, 1.85703766346, 1.85913836956, 2.09951114655, 2.81302762032, 1.89806139469, 0.97309785878, -4.33680868994e-19
0.611121356487, 0.790792524815, 1.25346565247, 1.8324739933, 1.83454489708, 2.07201647758, 2.77666020393, 2.56151127815, 0.980399086369, -4.33680868994e-19
0.611221194267, 0.790939867496, 1.25366413593, 1.80793917179, 1.80999815464, 2.04444551468, 2.7404191494, 3.00148701668, 0.987772465302, -4.33680868994e-19
0.611308395863, 0.791064381599, 1.25389790535, 1.78342926502, 1.78050649166, 2.01693177223, 2.70414996147, 3.55230331421, 0.995218256734, -5.1738127671e-16
0.611396074295, 0.791177988052, 1.25403356552, 1.75886964798, 1.7559401989, 1.98940932751, 2.66793036461, 5.0, 1.00273669486, 4.33680868994e-19
0.611498117447, 0.791327178478, 1.2543194294, 1.73430466652, 1.73630321026, 1.96190714836, 2.63887667656, 5.0, 1.01060377394, 0.000291044776119
0.611582636833, 0.791410267353, 1.25446414948, 1.71463632584, 1.71177780628, 1.93441915512, 2.59530544281, 5.0, 1.01826932996, 8.67361737988e-19
0.611683011055, 0.791558265686, 1.25462520123, 1.68524515629, 1.68719387054, 1.90686070919, 2.55917000771, 5.0, 1.02600803834, 8.67361737988e-19
0.611774921417, 0.791719079018, 1.2549251318, 1.66064608097, 1.66259217262, 1.87937474251, 2.5228574276, 5.0, 1.03382001102, 8.67361737988e-19
0.611886203289, 0.791839540005, 1.25517237186, 1.63615739346, 1.63808751106, 1.8518037796, 2.49382925034, 5.0, 1.0417053263, 8.67361737988e-19
0.611946284771, 0.791932284832, 1.25531971455, 1.61644852161, 1.61346769333, 1.82978200912, 2.45753765106, 5.0, 1.04806641553, 5.17814957579e-16
0.61203879118, 0.792085111141, 1.25550615788, 1.59193503857, 1.59382545948, 1.8022210598, 2.42127132416, 5.0, 1.05608383226, 0.0
0.612150490284, 0.792195439339, 1.25575065613, 1.56733095646, 1.56920707226, 1.77472507954, 2.39227747917, 5.0, 1.06417462028, 0.0
0.612233757973, 0.792342305183, 1.25597083569, 1.54280805588, 1.54466688633, 1.74720835686, 2.3560051918, 5.0, 1.06417462028, 0.0
0.612314283848, 0.792435526848, 1.25614500046, 1.5182710886, 1.52011287212, 1.71967542171, 2.31256937981, 5.0, 1.0707000377, -2.5890747879e-16
0.612430751324, 0.79263818264, 1.25645565987, 1.49371123314, 1.49062287807, 1.69217061996, 2.27623772621, 5.0, 1.08057602197, 2.5890747879e-16
0.612529933453, 0.792776107788, 1.25672066212, 1.46917355061, 1.46605157852, 1.66464281082, 2.24000835419, 5.0, 1.08888638963, 0.0
0.612622618675, 0.792893588543, 1.25686180592, 1.44460737705, 1.44640338421, 1.63713276386, 2.20373511314, 5.0, 1.09726963386, 0.0
0.612717449665, 0.793042361736, 1.25712370872, 1.42002630234, 1.41689479351, 1.60956275463, 2.16745233536, 5.0, 1.10572552367, 0.0
0.612821936607, 0.793170452118, 1.25731623173, 1.39547622204, 1.39723193645, 1.58204734325, 2.13107156754, 5.0, 1.11425378253, 0.0
0.612943232059, 0.793295919895, 1.25743377209, 1.3709924221, 1.37270367146, 1.55446135998, 2.09480810165, 5.0, 1.12285408702, 0.0
0.61303204298, 0.793399512768, 1.25765526295, 1.35131216049, 1.34808397293, 1.52692389488, 2.05847644806, 5.0, 1.13152606564, 0.0
0.613113641739, 0.793493390083, 1.25783598423, 1.32675778866, 1.32351958752, 1.49936664104, 2.02938461304, 5.0, 1.13996069549, -0.00029104477612
0.613223195076, 0.79363244772, 1.25795793533, 1.3022891283, 1.29896664619, 1.47735404968, 1.99311614037, 5.0, 1.14877341236, 0.0
0.613292038441, 0.793757498264, 1.25818014145, 1.2777351141, 1.27440679073, 1.44982671738, 1.95682394505, 5.0, 1.15587422642, 0.0
0.61340790987, 0.793914616108, 1.25840449333, 1.25316345692, 1.25475883484, 1.42226994038, 1.92773723602, 5.0, 1.16481306694, 5.42101086243e-18
0.613481462002, 0.793971717358, 1.25847887993, 1.23841428757, 1.2351269722, 1.40582215786, 1.89873611927, 5.0, 1.17201401269, 4.33680868994e-19
0.613564372063, 0.794105112553, 1.25872576237, 1.21879982948, 1.22037744522, 1.38375771046, 1.87703359127, 5.0, 1.17925892241, 5.11960265848e-16
0.61362105608, 0.794189572334, 1.25892114639, 1.19910800457, 1.20066404343, 1.36176812649, 1.84803843498, 5.0, 1.18472123816, -5.1738127671e-16
0.613701164722, 0.794307351112, 1.25905799866, 1.18440902233, 1.18104100227, 1.34522879124, 1.82625746727, 5.0, 1.19204219605, 5.42101086243e-18
0.613746345043, 0.794364333153, 1.25919127464, 1.1696908474, 1.16629171371, 1.32317471504, 1.79717004299, 5.0, 1.19756109624, 5.16947595841e-16
0.613812565804, 0.794468045235, 1.25934541225, 1.14514648914, 1.14664804935, 1.30113589764, 1.76810610294, 5.0, 1.20495686519, 0.0
0.613933086395, 0.794593989849, 1.25947403908, 1.12550926208, 1.12203943729, 1.27359700203, 1.73178374767, 5.0, 1.21453316012, 0.000291044776119
0.614030361176, 0.79471218586, 1.25083374977, 1.09604227543, 1.09748136997, 1.24609363079, 1.69548356533, 5.0, 1.22390287408, 8.67361737988e-19
0.614142537117, 0.794835925102, 1.21803116798, 1.07154977322, 1.06800127029, 1.21848058701, 1.65174102783, 5.0, 1.23333649448, 8.67361737988e-19
0.614219605923, 0.79494124651, 1.19053971767, 1.04695689678, 1.04833745956, 1.19095575809, 1.61561048031, 5.0, 1.24283298131, 8.67361737988e-19
0.614343702793, 0.795140445232, 1.16314828396, 1.02246463299, 1.01886713505, 1.1634362936, 1.57935488224, 5.0, 1.25239123529, 8.67361737988e-19
0.614434123039, 0.79531031847, 1.13570129871, 0.99791675806, 0.999269723892, 1.13591301441, 1.54303145409, 5.0, 1.26201009769, 8.67361737988e-19
0.614558279514, 0.795470416546, 1.11371171474, 0.973366081715, 0.969762980938, 1.10842359066, 1.50676810741, 5.0, 1.27168835015, 8.67361737988e-19
0.6146671772, 0.795576632023, 1.08626329899, 0.94878333807, 0.950087070465, 1.08082830906, 1.47045040131, 5.0, 1.28142471477, 8.67361737988e-19
0.614772796631, 0.795704841614, 1.05884301662, 0.924226164818, 0.925514101982, 1.05333781242, 1.44146752357, 5.0, 1.28142471477, 0.0
0.614876747131, 0.795878589153, 1.03138959408, 0.904592096806, 0.900950133801, 1.02581095695, 1.40519952774, 5.0, 1.29121785417, 0.0
0.614983797073, 0.796016931534, 1.00394451618, 0.8800329566, 0.876371860504, 1.00037014484, 1.37181448936, 5.0, 1.30106637179, 0.0
0.615461051464, 0.806668519974, 0.97812962532, 0.867236852646, 0.878785789013, 1.03553068638, 1.47074365616, 5.0, 1.29818470378, -0.00844029850746
0.619850099087, 0.867734849453, 0.942964076996, 0.86277538538, 0.896546900272, 1.09392333031, 1.63492333889, 5.0, 1.2303569668, -0.0681044776119
0.628073096275, 0.943165004253, 0.920677363873, 0.863639056683, 0.920039653778, 1.14890134335, 1.84446072578, 5.0, 1.15759577277, -0.0727611940299
0.64036154747, 1.03746235371, 0.898425877094, 0.864721357822, 0.950577378273, 1.23253381252, 2.12398815155, 3.29329895973, 1.08483457874, -0.0727611940299
0.656817495823, 1.0311704874, 0.88201379776, 0.870796203613, 0.980422854424, 1.33514475822, 2.51121211052, 2.67088913918, 1.01234628078, -0.0724701492537
0.67802977562, 0.994304180145, 0.871169745922, 0.882287681103, 1.02561938763, 1.46378481388, 3.07677769661, 2.24697780609, 0.895928370329, -0.116417910448
0.704296648502, 0.956560075283, 0.865738868713, 0.895291149616, 1.0800538063, 1.62177968025, 3.73395228386, 1.94784021378, 0.808614937494, -0.0873134328358
0.735640764236, 0.927096009254, 0.865794837475, 0.91676980257, 1.14618730545, 1.8262475729, 5.0, 1.71856784821, 0.757996843256, -0.0509867685075
0.775054872036, 0.902511715889, 0.86242634058, 0.940074205399, 1.20671319962, 1.98314654827, 5.0, 1.6522591114, 0.729954695775, -0.0285223880597
0.797890722752, 0.878589391708, 0.843307077885, 0.922921359539, 1.18142342567, 1.93720245361, 5.0, 1.68884086609, 0.674493854981, -0.0582089552239
0.813528895378, 0.857940137386, 0.823105096817, 0.900947153568, 1.15395820141, 1.90222299099, 3.98789906502, 1.72339141369, 0.681258046105, 0.000291044776119
0.829532921314, 0.837197184563, 0.806948781013, 0.879192471504, 1.12683928013, 1.85940361023, 3.97430086136, 1.7510766983, 0.68785194207, 0.0
0.845342695713, 0.816404640675, 0.782688200474, 0.857434332371, 1.09978342056, 1.81680548191, 3.96077346802, 1.79254639149, 0.694553386527, 0.0
0.861190259457, 0.795583546162, 0.766493916512, 0.835648298264, 1.07808256149, 1.77417957783, 3.94721984863, 1.82022547722, 0.7010596379, -0.00029104477612
0.876972854137, 0.77472782135, 0.74623042345, 0.81389862299, 1.05105268955, 1.73178339005, 3.93638062477, 1.85461866856, 0.707979716835, 0.0
0.892841398716, 0.758048832417, 0.72603982687, 0.792164802551, 1.02406740189, 1.68939483166, 3.92282748222, 1.88899552822, 0.715013516356, 0.0
0.908687889576, 0.737221062183, 0.705750703812, 0.774749279022, 0.997053027153, 1.64695262909, 3.9092695713, 1.9235470295, 0.722163149512, 3.33066907388e-16
0.921354830265, 0.716354370117, 0.685497045517, 0.752977788448, 0.970028281212, 1.60447740555, 3.89570808411, 1.95798969269, 0.727967690842, 0.0
0.937124609947, 0.69552564621, 0.66528826952, 0.731259822845, 0.948377132416, 1.57050216198, 3.8822016716, 1.99238991737, 0.735331221152, 0.0
0.952999770641, 0.674702525139, 0.649099647999, 0.7095464468, 0.916058838367, 1.5284049511, 3.86866259575, 2.02281928062, 0.747367262061, 0.0
0.967947721481, 0.657241880894, 0.633207559586, 0.700702130795, 0.917581558228, 1.59735822678, 3.85694074631, 1.911206007, 0.74947568343, -0.00029104477612
1.01403188705, 0.645441532135, 0.636601388454, 0.729814529419, 1.01385271549, 1.89413225651, 3.85787177086, 1.73963773251, 0.694178159927, -0.056171641791
0.965162754059, 0.637563049793, 0.645102202892, 0.766424715519, 1.0953977108, 2.32938098907, 3.85776090622, 1.6014289856, 0.621417206161, -0.0727611940299
0.892587006092, 0.634180486202, 0.658379793167, 0.812206149101, 1.22333216667, 3.02618384361, 3.87961578369, 1.48896741867, 0.548934206516, -0.0724701492537
0.834468126297, 0.634368479252, 0.676683008671, 0.856006443501, 1.38866233826, 3.87542247772, 3.91356372833, 1.3956182003, 0.47617327708, -0.0727611940299
0.787943780422, 0.634748995304, 0.700492322445, 0.937794864178, 1.61163294315, 3.85597324371, 3.71346306801, 1.31957113743, 0.359755810519, -0.116417910448
0.757447898388, 0.639468729496, 0.730732679367, 1.00440883636, 1.91919279099, 3.85740232468, 3.01696681976, 1.25619530678, 0.286994904785, -0.0727611940299
0.725785136223, 0.648849725723, 0.769733726978, 1.11145567894, 2.39194822311, 3.85862088203, 2.53499364853, 1.20495378971, 0.228786184694, -0.0582089552239
0.700497806072, 0.660746574402, 0.806467890739, 1.22083365917, 2.85936951637, 3.85651111603, 2.36587285995, 1.20084619522, 0.200141428747, -0.0288134328358
0.685683608055, 0.653672158718, 0.798947393894, 1.20877456665, 2.82179260254, 3.83398222923, 2.3881354332, 1.21145272255, 0.182598982328, -0.0195
0.675957500935, 0.643721103668, 0.78670924902, 1.19003140926, 2.78140950203, 3.81104111671, 2.41179895401, 1.21988093853, 0.184686876555, 0.0
0.666008710861, 0.633791208267, 0.774868905544, 1.1730517149, 2.74265289307, 3.78854298592, 2.43223595619, 1.23018693924, 0.258509818224, 0.0727611940299
0.655852794647, 0.625897407532, 0.763213515282, 1.15970492363, 2.70551300049, 3.76607751846, 2.45219230652, 1.24044811726, 0.26393997645, 4.4408920985e-16
0.645659029484, 0.615074634552, 0.75307315588, 1.15346252918, 2.73248958588, 3.75666737556, 2.39567399025, 1.22906708717, 0.264841971042, 0.000291044776119
0.634384036064, 0.62398225069, 0.791585862637, 1.2610989809, 3.70316982269, 3.79477214813, 2.0637512207, 1.19287645817, 0.222165335755, -0.0433656716418
0.621835410595, 0.645693898201, 0.854286670685, 1.4590613842, 3.74293780327, 3.85690927505, 1.89062488079, 1.16512846947, 0.149404141725, -0.0727611940299
0.614020287991, 0.673311114311, 0.930931866169, 1.7284476757, 3.74200987816, 3.27207732201, 1.72052705288, 1.17091095448, 0.0766429476954, -0.0727611940299
0.611017286777, 0.707392096519, 1.00747489929, 2.12781596184, 3.74116945267, 2.73660588264, 1.58352839947, 1.89439642429, 0.00417236131661, -0.0724701492537
0.610213518143, 0.742000043392, 1.10898160934, 2.52118086815, 3.73057055473, 2.53831148148, 1.55044448376, 1.86768388748, -0.0499518502334, -0.0541343283582
0.608875632286, 0.741483330727, 1.10586535931, 2.51340198517, 3.70612192154, 2.54262828827, 1.55256557465, 1.69592344761, -0.0592473569344, -0.00873134328358
0.607326030731, 0.739630103111, 1.10384392738, 2.50776600838, 3.68668842316, 2.54652643204, 1.55505776405, 1.47740828991, -0.0599677399744, 0.0
0.605634748936, 0.73790293932, 1.10063421726, 2.50043964386, 3.65751791, 2.55076527596, 1.55703687668, 1.2599850893, -0.0607058352337, 0.0
0.603900492191, 0.735323905945, 1.09754943848, 2.49476337433, 3.63805985451, 2.55470442772, 1.55994272232, 1.14742803574, -0.0617518146994, -0.00029104477612
0.602147459984, 0.733652353287, 1.09461593628, 2.48862195015, 3.61375999451, 2.55855154991, 1.5618429184, 1.14742541313, -0.0625309773097, 0.0
0.600739240646, 0.73153501749, 1.09164345264, 2.48231244087, 3.58946800232, 2.56233716011, 1.5642182827, 1.14742028713, -0.0631685897031, 6.66133814775e-16
0.598989665508, 0.729428589344, 1.08869326115, 2.47614979744, 3.56516361237, 2.56602907181, 1.56656622887, 1.14742171764, -0.0639841015854, 0.0
0.597232103348, 0.72731333971, 1.08570766449, 2.46977710724, 3.54085946083, 2.56903600693, 1.56893372536, 1.14860129356, -0.0648209153699, 0.0
0.595485448837, 0.725232601166, 1.08337545395, 2.46366214752, 3.51655101776, 2.57267999649, 1.57125103474, 1.14999675751, -0.0656798757946, 0.0
0.593732833862, 0.723112463951, 1.08039569855, 2.4574110508, 3.49712014198, 2.57634329796, 1.57359111309, 1.15175962448, -0.0665618725107, 0.0
0.591970086098, 0.721019327641, 1.07747650146, 2.45124912262, 3.46793246269, 2.5801281929, 1.57596468925, 1.15352857113, -0.0674678433932, 0.0
0.590205490589, 0.718897461891, 1.07449769974, 2.44501423836, 3.4484872818, 2.5857758522, 1.57834100723, 1.15549814701, -0.0523828313747, 0.0165895522388
0.588628947735, 0.709773540497, 1.02890086174, 2.1268351078, 3.43501448631, 2.87929296494, 1.66523432732, 1.16429436207, -0.0523822909801, 2.22044604925e-16
0.587064087391, 0.683848917484, 0.979361593723, 2.00388836861, 3.41290140152, 2.94060111046, 1.68430888653, 1.16756486893, -0.00798221858911, 0.0448208955224
0.583920896053, 0.680194377899, 0.97468906641, 1.99592757225, 3.38882136345, 2.94525527954, 1.68840968609, 1.17074787617, -0.00838666009394, -0.000291044776119
0.580703675747, 0.676561355591, 0.969851255417, 1.98717176914, 3.36469244957, 2.95359420776, 1.69276702404, 1.17394506931, -0.0812075876611, -0.0727611940299
0.57749402523, 0.672900497913, 0.965939939022, 1.97809779644, 3.34056806564, 2.95960569382, 1.69725763798, 1.17649996281, -0.0823874585888, -2.22044604925e-16
0.574941396713, 0.669210910797, 0.960963785648, 1.9687486887, 3.31643009186, 2.9671587944, 1.70175623894, 1.17969667912, -0.0833562728055, -4.4408920985e-16
0.571743607521, 0.665539741516, 0.95601695776, 1.95936179161, 3.29234266281, 2.97468090057, 1.70626842976, 1.1829046011, -0.0845997325233, 0.0
0.568528831005, 0.661847352982, 0.951039195061, 1.9501247406, 3.2681851387, 2.98224616051, 1.71080541611, 1.18610441685, -0.0858807598149, 0.0
0.565343022346, 0.658908188343, 0.946039319038, 1.94040238857, 3.24893021584, 2.99019265175, 1.71541893482, 1.18930029869, -0.087201078886, 0.0
0.562152504921, 0.655205845833, 0.941020548344, 1.9327609539, 3.22477293015, 2.9979467392, 1.71998798847, 1.19250977039, -0.0151153467754, 0.0727611940299
0.558937072754, 0.651499271393, 0.936000227928, 1.92322099209, 3.20069074631, 3.00563049316, 1.72361242771, 1.19571089745, -0.0153534963126, 0.0
0.555741548538, 0.647813379765, 0.931030392647, 1.91384720802, 3.17654061317, 3.01320528984, 1.72813093662, 1.19891798496, -0.0155992696785, 0.0
0.552540361881, 0.644124209881, 0.926048457623, 1.90443110466, 3.15243124962, 3.0208864212, 1.73268270493, 1.20211911201, -0.0155614783333, 0.00029104477612
0.549973368645, 0.64043623209, 0.922079861164, 1.89515578747, 3.12832522392, 3.02678346634, 1.73716247082, 1.20467245579, -0.0157666654017, -2.22044604925e-16
0.546784102917, 0.636777222157, 0.916194915771, 1.88600707054, 3.1090157032, 3.03407692909, 1.74159932137, 1.20784926414, -0.016030885338, 0.0
0.543588042259, 0.633080542088, 0.912176430225, 1.8764193058, 3.08489465714, 3.04199981689, 1.74619376659, 1.21106243134, -0.0163041110779, 0.0
0.54038476944, 0.629396677017, 0.907189846039, 1.86705386639, 3.06077742577, 3.04953360558, 1.75068342686, 1.21424686909, -0.0165868113452, 2.22044604925e-16
0.537190020084, 0.626451671124, 0.902248799801, 1.85958099365, 3.03660941124, 3.057056427, 1.75519073009, 1.21744072437, -0.0168794872322, -4.4408920985e-16
0.534003436565, 0.622786343098, 0.897279560566, 1.84835982323, 3.01250934601, 3.06455993652, 1.75965869427, 1.22063076496, -0.0171826761826, 0.0
0.530814349651, 0.619123935699, 0.892359614372, 1.84100246429, 2.98836994171, 3.07199549675, 1.76325714588, 1.22381830215, -0.017496954949, 0.0
0.528259038925, 0.615455091, 0.887426435947, 1.83175873756, 2.96424603462, 3.07945966721, 1.76772916317, 1.22701084614, -0.0177567776111, 6.66133814775e-16
0.525065779686, 0.61177200079, 0.882440507412, 1.82232224941, 2.94014239311, 3.08560538292, 1.77223098278, 1.23020756245, -0.0180926112127, 0.0
0.521868288517, 0.608096301556, 0.877489626408, 1.81300401688, 2.9159719944, 3.09470701218, 1.77678465843, 1.23340129852, -0.0184413910629, 0.0
0.518675386906, 0.604407787323, 0.872521579266, 1.80364620686, 2.8967154026, 3.09340333939, 1.78124392033, 1.23658800125, -0.0188038808097, 0.0
0.515486180782, 0.600737154484, 0.867557823658, 1.79430401325, 2.87253975868, 3.06767964363, 1.78577160835, 1.23980128765, -0.0194711762414, -0.000291044776119
0.512271404266, 0.597059011459, 0.863605976105, 1.78502321243, 2.84841871262, 3.04204750061, 1.79021704197, 1.24234926701, -0.0198695486452, 0.0
0.509079456329, 0.593392074108, 0.858661830425, 1.77569186687, 2.82431936264, 3.01632833481, 1.79478991032, 1.24554109573, -0.020284560323, 0.0
0.505886435509, 0.590426802635, 0.8536195755, 1.76790499687, 2.80018353462, 2.99052453041, 1.79851222038, 1.24875497818, -0.0207172758455, 0.0
0.503332912922, 0.586714565754, 0.848586320877, 1.75824153423, 2.77605414391, 2.96479225159, 1.80309224129, 1.25195741653, -0.0210769693965, 0.0
0.499484777451, 0.583016216755, 0.843602001667, 1.7488117218, 2.75192165375, 2.94422268867, 1.80762541294, 1.25514614582, -0.108667765531, -0.0873134328358
0.496947109699, 0.57933306694, 0.838630497456, 1.73938071728, 2.72785544395, 2.91855859756, 1.81219494343, 1.25835335255, -0.110609679097, -2.22044604925e-16
0.493739694357, 0.575649023056, 0.833620846272, 1.72989392281, 2.70369744301, 2.88767361641, 1.81669044495, 1.26156401634, -0.113136475359, -2.22044604925e-16
0.490526229143, 0.571954727173, 0.828663349152, 1.72058129311, 2.67958974838, 2.86714220047, 1.82120680809, 1.26475834846, -0.115780887881, -2.22044604925e-16
0.487331777811, 0.568284451962, 0.824693739414, 1.71123492718, 2.66023850441, 2.84148001671, 1.82563126087, 1.26730394363, -0.118551284763, 2.22044604925e-16
0.484139919281, 0.564612090588, 0.819761812687, 1.70201039314, 2.63614010811, 2.81575107574, 1.83016753197, 1.27051079273, -0.121456843128, -2.22044604925e-16
0.480940669775, 0.560937047005, 0.814802408218, 1.69264483452, 2.61201715469, 2.79004597664, 1.83468103409, 1.27369964123, -0.0502022273803, 0.0727611940299
0.477733939886, 0.557973384857, 0.809835612774, 1.68332338333, 2.58790016174, 2.76436376572, 1.83917272091, 1.27690279484, -0.0514819960546, 0.0
0.474538147449, 0.554302871227, 0.804840505123, 1.67575418949, 2.56377458572, 2.73865270615, 1.84368646145, 1.28010630608, -0.0525348493473, 0.00029104477612
0.471322804689, 0.549868106842, 0.799871385098, 1.66442573071, 2.53963446617, 2.71293258667, 1.84827637672, 1.28330731392, -0.0539458247969, 0.0
0.468130081892, 0.546907007694, 0.794875442982, 1.656868577, 2.51554179192, 2.68728399277, 1.85282588005, 1.28650963306, -0.055434603902, 0.0
0.465577363968, 0.543237864971, 0.789903759956, 1.64744138718, 2.49140310287, 2.66149330139, 1.85644996166, 1.28970146179, -0.056686063161, -2.22044604925e-16
0.462386667728, 0.539539992809, 0.78493398428, 1.63805162907, 2.4672935009, 2.63579344749, 1.86095118523, 1.29289484024, -0.0583320612284, 0.0
0.458561897278, 0.535877764225, 0.779972732067, 1.62871026993, 2.44314980507, 2.61008667946, 1.86547136307, 1.29608392715, -0.0604378344374, 0.0
0.456004023552, 0.53218048811, 0.77500641346, 1.61932170391, 2.41895914078, 2.58950448036, 1.86999940872, 1.29928064346, -0.0619281199875, 0.0
0.452809393406, 0.528498411179, 0.770994246006, 1.60982298851, 2.39483904839, 2.56380224228, 1.87451195717, 1.30248081684, -0.0638974713762, 0.0
0.449609607458, 0.524822533131, 0.766032218933, 1.60048484802, 2.37552189827, 2.53808188438, 1.87907040119, 1.30504977703, -0.0659960019314, 2.22044604925e-16
0.446394532919, 0.521133601665, 0.761065304279, 1.59119451046, 2.35141086578, 2.51244735718, 1.8825956583, 1.30823373795, -0.0682368324201, 2.22044604925e-16
0.443846464157, 0.518224358559, 0.757162749767, 1.58402705193, 2.33216333389, 2.49712300301, 1.88611292839, 1.31014037132, -0.0701419340911, 6.66133814775e-16
0.441933244467, 0.516012728214, 0.75418639183, 1.58018445969, 2.31282663345, 2.47651267052, 1.88972020149, 1.3133327961, -0.071641940652, -6.66133814775e-16
0.438094854355, 0.51232868433, 0.748231887817, 1.56893396378, 2.28869152069, 2.44563770294, 1.89425587654, 1.31653428078, -0.0748426466591, 0.0
0.434910804033, 0.508665502071, 0.743280112743, 1.55963253975, 2.26458716393, 2.42002868652, 1.89868152142, 1.31971788406, -0.0780213850485, -0.00029104477612
0.432347744703, 0.504992306232, 0.73831230402, 1.55024635792, 2.24044036865, 2.39430046082, 1.90322458744, 1.32290768623, -0.0805111288922, 4.4408920985e-16
0.429161399603, 0.501312613487, 0.733375132084, 1.54097235203, 2.21633577347, 2.36863589287, 1.90770530701, 1.32609641552, -0.0838555006964, 0.0
0.425971835852, 0.497639685869, 0.729411065578, 1.53160429001, 2.19226694107, 2.34812045097, 1.91214597225, 1.32865071297, -0.0874890197408, 0.0
0.422773003578, 0.493969887495, 0.724467992783, 1.52240014076, 2.16808629036, 2.32237148285, 1.91668093204, 1.33184742928, -0.0914507691396, 0.0
0.419577866793, 0.491022825241, 0.719484508038, 1.5129789114, 2.14878797531, 2.29662942886, 1.92121088505, 1.33504283428, -0.166328861296, -0.0727611940299
0.41637673974, 0.48733240366, 0.714529931545, 1.50359392166, 2.12469649315, 2.27098822594, 1.92572343349, 1.33823609352, 0, -2.22044604925e-16
0.413182288408, 0.48365676403, 0.709595799446, 1.49623668194, 2.10057091713, 2.24532675743, 1.92923641205, 1.34142100811, 0, -2.22044604925e-16
0.409997820854, 0.479998350143, 0.704637050629, 1.48685514927, 2.07635211945, 2.21953010559, 1.93381559849, 1.34460556507, 0, -2.22044604925e-16
0.407451122999, 0.476317167282, 0.699666380882, 1.47740364075, 2.05227160454, 2.19898438454, 1.93831372261, 1.34779465199, 0, -4.4408920985e-16
0.403629034758, 0.472650587559, 0.694704592228, 1.46804428101, 2.0281701088, 2.16819930077, 1.94278979301, 1.35099303722, 0, 0.0873134328358
0.401064097881, 0.468977123499, 0.689755022526, 1.45876288414, 2.0088455677, 2.14765501022, 1.94724094868, 1.3541675806, 0, -2.22044604925e-16
0.397883981466, 0.465316474438, 0.685817241669, 1.44934344292, 1.97995352745, 2.12195491791, 1.95178592205, 1.35672831535, 0, 0.0
0.394690871239, 0.461631715298, 0.680822134018, 1.43992781639, 1.95584535599, 2.09625077248, 1.95636212826, 1.35992217064, 0, 0.00029104477612
0.391498506069, 0.457922965288, 0.675803124905, 1.43045330048, 1.9316880703, 2.07050395012, 1.96090841293, 1.36313319206, 0, 0.0
0.388293027878, 0.454247027636, 0.670846879482, 1.42297291756, 1.91235387325, 2.04481482506, 1.96543467045, 1.36634039879, 0, 0.0
0.385087132454, 0.450536221266, 0.66583520174, 1.41167020798, 1.88829922676, 2.0191488266, 1.97000217438, 1.36954474449, 0, 0.0
0.381880879402, 0.447578519583, 0.660829424858, 1.40393328667, 1.86411166191, 1.99338078499, 1.97460579872, 1.37274205685, 0, 0.0
0.378703951836, 0.443913221359, 0.655864298344, 1.39261603355, 1.84000849724, 1.9677028656, 1.97820472717, 1.37606775761, 0, 0.0
0.374584674835, 0.439549595118, 0.650139808655, 1.3877300024, 1.8188867569, 1.94789397717, 1.98059809208, 1.38152575493, 0, -0.000291044776119
0.368833631277, 0.433509618044, 0.64262008667, 1.37585842609, 1.79728066921, 1.92485642433, 1.98644268513, 1.38589298725, 0, 0.0
0.365456700325, 0.428912162781, 0.637930870056, 1.36522400379, 1.77339684963, 1.89924752712, 1.99068081379, 1.38899075985, 0, 2.22044604925e-16
0.362340629101, 0.425370305777, 0.632296681404, 1.3567327261, 1.74927997589, 1.87878870964, 1.9946334362, 1.39205384254, 0, 2.22044604925e-16
0.359242737293, 0.421844601631, 0.6285135746, 1.34796559811, 1.72998201847, 1.85308659077, 1.99898898602, 1.39453697205, 0, 0.0
