0.596020102501, 0.76964122057, 1.21856486797, 3.32406520844, 2.64558815956, 0.915125012398, 0.565800905228, 0.430476874113, 0.367319619485, 5.39326865956e-05
0.596050262451, 0.769719839096, 1.21887254715, 3.32632088661, 2.64382314682, 0.914786040783, 0.565719306469, 0.430497169495, 0.368415967929, 0.0
0.596020460129, 0.769861340523, 1.2195430994, 3.33135080338, 2.63838410378, 0.913998961449, 0.56549590826, 0.430516451597, 0.36979521648, 0.0
0.595958948135, 0.770235896111, 1.22085249424, 3.34233689308, 2.63006711006, 0.913228034973, 0.565339565277, 0.43068343401, 0.371184350602, 0.0
0.59583491087, 0.770473659039, 1.22173964977, 3.34992074966, 2.62430858612, 0.912656188011, 0.565174937248, 0.430697947741, 0.372302843502, 0.0
0.595819294453, 0.770730614662, 1.22254359722, 3.35944008827, 2.61601018906, 0.91184091568, 0.565103232861, 0.431066781282, 0.37371002766, 0.0
0.595448255539, 0.770972251892, 1.22440874577, 3.37473201752, 2.60724210739, 0.911088705063, 0.565039098263, 0.4311837852, 0.37512738417, 0.0
0.595329880714, 0.771011650562, 1.22446382046, 3.37554836273, 2.60624670982, 0.910941362381, 0.564972817898, 0.431148827076, 0.376555017977, 0.0
0.59536421299, 0.771108865738, 1.22468757629, 3.37703728676, 2.60476779938, 0.91064029932, 0.564785897732, 0.431055873632, 0.377993035387, 0.0
0.595469653606, 0.771318376064, 1.22507667542, 3.37915253639, 2.60345840454, 0.910324394703, 0.564623117447, 0.430941939354, 0.379441544084, 0.0
0.595586359501, 0.771502435207, 1.22539651394, 3.38018727303, 2.60276007652, 0.910098016262, 0.564511239529, 0.430859148502, 0.380900653155, 0.0
0.595675647259, 0.771584033966, 1.22545039654, 3.37948894501, 2.60318946838, 0.910034418106, 0.564441621304, 0.430760353804, 0.382370473107, 0.0
0.595762133598, 0.771656990051, 1.2256180048, 3.37986469269, 2.60274815559, 0.909861922264, 0.5643196702, 0.430660545826, 0.383851115892, 0.0
0.595872938633, 0.771802902222, 1.22582888603, 3.38057780266, 2.60199832916, 0.909682631493, 0.564167141914, 0.430558562279, 0.385048656799, -0.000291044776119
0.59595400095, 0.771952807903, 1.22611784935, 3.38170480728, 2.60097026825, 0.909348666668, 0.564012229443, 0.430454850197, 0.386248992005, -4.06575814682e-19
0.596057295799, 0.772129654884, 1.22637748718, 3.38262009621, 2.60021805763, 0.909149944782, 0.563844740391, 0.430343866348, 0.388047453426, 0.000291044776119
0.596191108227, 0.772288620472, 1.2266523838, 3.38367080688, 2.59922623634, 0.908894598484, 0.563703000546, 0.430218219757, 0.389570218774, 0.0
0.596294045448, 0.772463679314, 1.22694242001, 3.38538455963, 2.5983684063, 0.908624947071, 0.563552558422, 0.430137217045, 0.3911043646, 0.0
0.596415698528, 0.772612094879, 1.22715246677, 3.3857448101, 2.59776210785, 0.90843975544, 0.563409864902, 0.430025368929, 0.392650011657, 0.0
0.596503138542, 0.772696614265, 1.22725367546, 3.38554978371, 2.59782099724, 0.908311784267, 0.563345730305, 0.429931074381, 0.394207282298, 0.0
0.596598267555, 0.772807359695, 1.2274762392, 3.38622188568, 2.59695887566, 0.908046066761, 0.563145339489, 0.429827004671, 0.395776300496, 0.0
0.596711218357, 0.772983908653, 1.22780573368, 3.3877799511, 2.59593749046, 0.907796025276, 0.563036978245, 0.42972239852, 0.39735719187, 0.0
0.596813440323, 0.773118972778, 1.22796463966, 3.38795042038, 2.5958378315, 0.907597005367, 0.562895357609, 0.429610848427, 0.398950083712, 0.0
0.596926987171, 0.773264348507, 1.22818028927, 3.38839268684, 2.59543037415, 0.907457530499, 0.562789618969, 0.429513841867, 0.400555105007, 0.0
0.596997916698, 0.773395895958, 1.22844588757, 3.38945126534, 2.59437465668, 0.907185554504, 0.562623202801, 0.429399341345, 0.401847943029, 0.0
0.597112238407, 0.773518443108, 1.22853541374, 3.3893866539, 2.59418749809, 0.907066226006, 0.562511444092, 0.429321885109, 0.403475127902, 0.0
0.597219944, 0.773662805557, 1.22876238823, 3.39025759697, 2.59357261658, 0.906825959682, 0.562341213226, 0.429203957319, 0.403475127902, 0.0
0.597333550453, 0.773845613003, 1.22908604145, 3.39141273499, 2.59259533882, 0.906584501266, 0.562239229679, 0.429088175297, 0.405114812637, 0.0
0.597432672977, 0.773924767971, 1.22927236557, 3.39175033569, 2.5920214653, 0.906316161156, 0.56202596426, 0.428963273764, 0.406767132903, 0.0
0.597570896149, 0.77412289381, 1.22952771187, 3.39261817932, 2.59136962891, 0.906083226204, 0.561907827854, 0.428860515356, 0.408432226194, 0.0
0.597674369812, 0.774246037006, 1.22972595692, 3.39308190346, 2.590955019, 0.905928969383, 0.561795115471, 0.428746491671, 0.410110231852, 0.0
0.597782552242, 0.774390935898, 1.23002457619, 3.394272089, 2.58995437622, 0.905627548695, 0.561615347862, 0.428638339043, 0.411801291102, 0.0
0.597872316837, 0.774550497532, 1.23021972179, 3.39468050003, 2.58940386772, 0.905419409275, 0.561483502388, 0.428517311811, 0.413163633205, 0.0
0.59799349308, 0.774695813656, 1.23049163818, 3.39552855492, 2.58871936798, 0.951644122601, 0.561352908611, 0.42840179801, 0.414878550903, 0.0
0.598108708858, 0.774849951267, 1.2306445837, 3.39612531662, 2.58829665184, 0.951471030712, 0.561207294464, 0.428332537413, 0.416606927854, 0.0
0.598204135895, 0.774974584579, 1.23084557056, 3.39674925804, 2.58772206306, 0.951216340065, 0.561047017574, 0.428207755089, 0.41834891268, 0.0
0.598328649998, 0.775118112564, 1.23109972477, 3.39744114876, 2.58709383011, 0.951010942459, 0.560909628868, 0.4281013906, 0.420104656025, 0.0
0.598428666592, 0.775251567364, 1.23130142689, 3.39785671234, 2.58660507202, 0.950811684132, 0.560787260532, 0.428003996611, 0.421579712512, -0.00029104477612
0.598522424698, 0.775363624096, 1.23149430752, 3.39823842049, 2.5864212513, 0.950630903244, 0.560670018196, 0.427878677845, 0.423362248952, 5.77337656849e-18
0.598639428616, 0.77549725771, 1.23153531551, 3.39779353142, 2.58648991585, 0.950571835041, 0.56059384346, 0.427814334631, 0.425159000619, 5.77337656849e-18
0.598696351051, 0.775540709496, 1.23162519932, 3.39735841751, 2.58668422699, 0.950482726097, 0.560501039028, 0.427687734365, 0.426606743682, 5.22775182518e-16
0.598823070526, 0.775705635548, 1.2318598032, 3.39819812775, 2.58623504639, 0.95025074482, 0.560350775719, 0.427593410015, 0.428716868708, 0.000291044776119
0.598917365074, 0.775823712349, 1.2319933176, 3.39822077751, 2.58570933342, 0.950082182884, 0.560230493546, 0.427477031946, 0.430555416089, 0.0
0.599033355713, 0.775928378105, 1.23209917545, 3.39807462692, 2.58581757545, 0.949970543385, 0.560116589069, 0.42738738656, 0.432408801623, 0.0
0.599123299122, 0.776014328003, 1.23217391968, 3.39807319641, 2.58576798439, 0.949820399284, 0.559992849827, 0.427294045687, 0.43427719278, 0.0
0.599231779575, 0.776154100895, 1.23237204552, 3.39840340614, 2.58514165878, 0.949621379375, 0.559853851795, 0.427186489105, 0.43616075933, 0.0
0.599343121052, 0.776283025742, 1.23256516457, 3.39882469177, 2.58490014076, 0.949443638325, 0.559720754623, 0.427077203989, 0.438059673384, 0.0
0.599442780018, 0.77639734745, 1.23273849487, 3.39915990829, 2.58462572098, 0.949326992035, 0.559628129005, 0.426998198032, 0.439974109426, 0.0
0.599524199963, 0.776491641998, 1.23291802406, 3.39955878258, 2.58415365219, 0.949098646641, 0.559512138367, 0.426884263754, 0.441904244348, 0.0
0.599651157856, 0.776657342911, 1.23314666748, 3.40020108223, 2.58362579346, 0.948890864849, 0.559374928474, 0.426770597696, 0.443850257488, 0.0
0.599756360054, 0.77679681778, 1.23335778713, 3.40082812309, 2.58295488358, 0.948674380779, 0.559236347675, 0.42666643858, 0.445812330666, 0.0
0.599843502045, 0.776933848858, 1.23361599445, 3.40168762207, 2.58224487305, 0.948480904102, 0.559096515179, 0.426557570696, 0.445812330666, 0.0
0.599952995777, 0.777094483376, 1.23380959034, 3.40259575844, 2.58160042763, 0.948271036148, 0.590419173241, 0.426457643509, 0.44779064822, 0.0
0.600052416325, 0.777229070663, 1.2340054512, 3.40320801735, 2.58074593544, 0.948019385338, 0.590260863304, 0.426368713379, 0.449785397044, 0.0
0.600159883499, 0.777385950089, 1.23427271843, 3.4041159153, 2.58024430275, 0.947808206081, 0.5901004076, 0.426250189543, 0.451796766628, 0.0
0.600279927254, 0.77756267786, 1.23458433151, 3.40522933006, 2.57919025421, 0.947527647018, 0.589953243732, 0.426138907671, 0.453824949095, 0.0
0.600391983986, 0.777663767338, 1.23471879959, 3.4050886631, 2.57916212082, 0.947367966175, 0.589831411839, 0.426029920578, 0.455870139237, 0.0
0.600500524044, 0.777794122696, 1.23495101929, 3.40585660934, 2.57845330238, 0.947161853313, 0.589722156525, 0.425926744938, 0.45793253456, 0.0
0.600594222546, 0.777932167053, 1.23517465591, 3.4066464901, 2.57801175117, 0.946947872639, 0.589584052563, 0.425829172134, 0.460012335322, 0.0
0.600713372231, 0.778074979782, 1.23535227776, 3.4069173336, 2.5775475502, 0.946815192699, 0.589444279671, 0.425722151995, 0.462109744571, 0.0
0.600800991058, 0.778190970421, 1.23551213741, 3.40749454498, 2.57705497742, 0.94660872221, 0.589338302612, 0.425621032715, 0.46392967505, -0.000291044776119
0.600888729095, 0.778315901756, 1.23565769196, 3.40739274025, 2.57698917389, 0.946470975876, 0.58920776844, 0.425509363413, 0.465633801172, 0.0
0.601000249386, 0.778442025185, 1.23583507538, 3.40770697594, 2.57665753365, 0.946285784245, 0.589080870152, 0.425426840782, 0.467780337074, 0.0
0.601108014584, 0.778565049171, 1.23601257801, 3.40856647491, 2.57590961456, 0.946079730988, 0.588922858238, 0.425309628248, 0.469945270901, 0.0
0.601222276688, 0.778726220131, 1.23628222942, 3.4095685482, 2.57506275177, 0.945797979832, 0.588808596134, 0.425222158432, 0.472128819647, -5.3668007538e-18
0.601312637329, 0.778880596161, 1.23654234409, 3.41004228592, 2.57460427284, 0.945635199547, 0.58868598938, 0.425108134747, 0.474617823476, 0.000291044776119
0.601429343224, 0.778976738453, 1.2366887331, 3.4102294445, 2.57426166534, 0.945441246033, 0.588529348373, 0.425004869699, 0.476840484608, 0.0
0.601525843143, 0.779098272324, 1.23690736294, 3.41080474854, 2.57386112213, 0.945248425007, 0.588416993618, 0.424889326096, 0.479082437564, 0.0
0.601631939411, 0.779217898846, 1.23707103729, 3.41104745865, 2.57324290276, 0.945037066936, 0.588276445866, 0.424831092358, 0.481343911774, 0.0
0.601747393608, 0.779370844364, 1.2372636795, 3.41153860092, 2.57329535484, 0.944951832294, 0.588170588017, 0.449701964855, 0.48362513988, 0.0
0.601794838905, 0.779409468174, 1.23731410503, 3.41115903854, 2.57324767113, 0.944805622101, 0.588091671467, 0.449621021748, 0.485464503587, 0.0
0.601890444756, 0.779552459717, 1.23752260208, 3.41179060936, 2.57282876968, 0.944671750069, 0.587956368923, 0.449503779411, 0.486852495563, 0.0
0.602007985115, 0.779704630375, 1.23769271374, 3.41237449646, 2.57213020325, 0.944451451302, 0.587825477123, 0.449421405792, 0.489182101808, 0.0
0.602107346058, 0.779817759991, 1.23783004284, 3.41257023811, 2.5718858242, 0.944299399853, 0.58770596981, 0.449301630259, 0.491532277593, 0.0
0.602232813835, 0.779947519302, 1.23807477951, 3.41304540634, 2.57125377655, 0.944066941738, 0.587541222572, 0.449196428061, 0.494379988814, 0.0
0.602342784405, 0.780101358891, 1.23834753036, 3.41399788857, 2.57057881355, 0.943804144859, 0.587415993214, 0.449076145887, 0.496776293076, 0.0
0.602434873581, 0.780257821083, 1.23853778839, 3.41442203522, 2.57021331787, 0.943612158298, 0.587279975414, 0.448968052864, 0.498708712875, 0.0
0.602542877197, 0.780364513397, 1.23863637447, 3.41431999207, 2.57000923157, 0.943436920643, 0.587158024311, 0.448860555887, 0.498708712875, 0.0
0.602650284767, 0.780500948429, 1.23891150951, 3.41509580612, 2.5693321228, 0.943251729012, 0.586996018887, 0.448740273714, 0.50114367502, 0.0
0.602770626545, 0.78066110611, 1.23919904232, 3.41623306274, 2.56847047806, 0.942944288254, 0.586837828159, 0.448633342981, 0.503600478487, 0.0
0.602877855301, 0.780820548534, 1.23938584328, 3.41723775864, 2.56763195992, 0.9427267313, 0.586695671082, 0.448515892029, 0.505783363573, -0.000291044776119
0.602994680405, 0.780949652195, 1.23962295055, 3.41776823997, 5.0, 0.942537844181, 0.586583733559, 0.448436737061, 0.508283291972, 0.0
0.603095293045, 0.781073629856, 1.23984348774, 3.41827487946, 5.0, 0.942326843739, 0.586415529251, 0.448327928782, 0.510805859556, 0.0
0.603200316429, 0.781222522259, 1.24003446102, 3.41882944107, 5.0, 0.942156553268, 0.58633095026, 0.448231071234, 0.51335134271, 0.0
0.603295207024, 0.781344771385, 1.240229249, 3.41933131218, 5.0, 0.941953599453, 0.586196899414, 0.448127388954, 0.515920021673, -2.5890747879e-16
0.603401601315, 0.781483769417, 1.24044644833, 3.419932127, 5.0, 0.941735565662, 0.586051225662, 0.448012501001, 0.51851218059, 0.0
0.603497922421, 0.781628668308, 1.24067878723, 3.42069530487, 5.0, 0.941532552242, 0.5859182477, 0.447912812233, 0.520603006761, 5.17814957579e-16
0.603597462177, 0.781760931015, 1.24089097977, 3.42132639885, 5.0, 0.941331028938, 0.585762321949, 0.447806984186, 0.523238158303, 0.0
0.603702902794, 0.781911373138, 1.24105727673, 3.42176795006, 5.0, 0.941143393517, 0.585633158684, 0.447691619396, 0.525897606614, 0.0
0.603818416595, 0.782035946846, 1.24122750759, 3.42199802399, 5.0, 0.940974473953, 0.585503876209, 0.447603791952, 0.528867303078, 0.000291044776119
0.603924155235, 0.782148182392, 1.24134349823, 3.42177009583, 5.0, 0.940838456154, 0.585391461849, 0.44749930501, 0.531577545048, 0.0
0.604027271271, 0.782282233238, 1.24155306816, 3.42254710197, 5.0, 0.940604865551, 0.585250735283, 0.447397470474, 0.534313002161, 0.0
0.604131162167, 0.782432854176, 1.24180269241, 3.42330908775, 5.0, 0.940383791924, 0.585098087788, 0.447280406952, 0.537073986438, 0.0
0.604254484177, 0.782558858395, 1.24202764034, 3.4241669178, 5.0, 0.940156280994, 0.584964692593, 0.447177201509, 0.53986081419, 0.0
0.604357302189, 0.782693445683, 1.2422555685, 3.42470550537, 5.0, 0.939961016178, 0.584853410721, 0.447071999311, 0.542673806076, 0.0
0.604464054108, 0.782857894897, 1.24252557755, 3.42572236061, 5.0, 0.939705610275, 0.584700524807, 0.446961253881, 0.545513287145, 0.0
0.604547917843, 0.782992243767, 1.24272465706, 3.42608499527, 5.0, 0.939504623413, 0.584558725357, 0.446849316359, 0.54780416548, 0.0
0.604660272598, 0.78314602375, 1.24295377731, 3.42685627937, 5.0, 0.939307451248, 0.584403276443, 0.446731030941, 0.550692160413, 0.0
0.604778409004, 0.783277273178, 1.24310016632, 3.42699337006, 5.0, 0.939158678055, 0.584295094013, 0.446650147438, 0.553607578454, 0.0
0.604881584644, 0.783381462097, 1.24322831631, 3.42713356018, 5.0, 0.939014196396, 0.58417481184, 0.446543484926, 0.556550761789, 0.0
0.604993343353, 0.783525407314, 1.24342250824, 3.42761850357, 5.0, 0.938810646534, 0.584023535252, 0.446431428194, 0.559522057231, 0.0
0.605094671249, 0.783625602722, 1.24360847473, 3.42806243896, 5.0, 0.93860667944, 0.583932578564, 0.446329385042, 0.562224744355, -0.00029104477612
0.605202496052, 0.783746480942, 1.24377477169, 3.42812228203, 5.0, 0.938440859318, 0.583781898022, 0.446227192879, 0.565251869641, 4.06575814682e-19
0.605301141739, 0.783873975277, 1.24397802353, 3.42870330811, 5.0, 0.938262999058, 0.583682775497, 0.446116149426, 0.565251869641, 0.0
0.605393528938, 0.784006774426, 1.24418020248, 3.42918848991, 3.99243116379, 0.938024759293, 0.583524405956, 0.446009218693, 0.56769455625, 0.0
0.605500221252, 0.784140586853, 1.24436342716, 3.42958831787, 3.96783614159, 0.937915623188, 0.583417057991, 0.445910841227, 0.570774454354, 0.0
0.605599045753, 0.784275054932, 1.24451863766, 3.43010258675, 3.94326877594, 0.937710881233, 0.583294808865, 0.445812106133, 0.573884186435, 0.0
0.605697274208, 0.784398555756, 1.24469840527, 3.43051505089, 3.91868543625, 0.93751502037, 0.583126306534, 0.445710062981, 0.577024127063, 0.0
0.605822861195, 0.784560084343, 1.24495470524, 3.43153595924, 3.89415550232, 0.937208235264, 0.582963824272, 0.445601224899, 0.580194655738, 0.0
0.605928003788, 0.784717261791, 1.24522137642, 3.43217372894, 3.87446594238, 0.937022864819, 0.582820475101, 0.445481449366, 0.58339615693, 0.0
0.606047928333, 0.784849047661, 1.24548661709, 3.43344020844, 3.84991145134, 0.936769366264, 0.582707643509, 0.44536998868, 0.586629020118, 2.5890747879e-16
0.606162011623, 0.785012185574, 1.24577140808, 3.43426609039, 3.82535791397, 0.936495900154, 0.582540869713, 0.445263117552, 0.589893639825, 0.0
0.606267690659, 0.785176336765, 1.24605476856, 3.43537735939, 3.8008441925, 0.93626511097, 0.582405269146, 0.445166528225, 0.593190415657, 0.0
0.606374680996, 0.785320281982, 1.24627268314, 3.43598198891, 3.77630448341, 0.936061322689, 0.582264602184, 0.445044338703, 0.596519752332, 0.0
0.606485724449, 0.785458862782, 1.24645030499, 3.4362859726, 3.75174880028, 0.935838341713, 0.582113623619, 0.444930821657, 0.599882059717, 0.0
0.606598377228, 0.785608887672, 1.24671375751, 3.43714737892, 3.72720193863, 0.935654938221, 0.581968963146, 0.444821387529, 0.603561972645, 0.000291044776119
0.606686770916, 0.785761415958, 1.24691092968, 3.43768000603, 3.70264649391, 0.935456931591, 0.581835210323, 0.444714874029, 0.606303948306, 0.0
0.606793344021, 0.785893976688, 1.24709582329, 3.43826317787, 3.6781065464, 0.935207128525, 0.581669211388, 0.444597065449, 0.609762180706, 0.0
0.606910824776, 0.786087155342, 1.24745500088, 3.43989729881, 3.65849804878, 0.934915423393, 0.581506371498, 0.444502830505, 0.613254995191, 0.0
0.607029616833, 0.786235272884, 1.24767422676, 3.44038438797, 3.63394522667, 0.934701561928, 0.581346690655, 0.444381684065, 0.616782826579, 0.0
0.607144296169, 0.786401987076, 1.24795567989, 3.44155502319, 3.6093981266, 0.934424817562, 0.58119738102, 0.444272190332, 0.620346114968, 0.0
0.607259809971, 0.786550104618, 1.2481842041, 3.4421479702, 3.58484101295, 0.934223592281, 0.581089794636, 0.44416230917, 0.62394530574, 0.0
0.607372999191, 0.786663889885, 1.24838578701, 3.44260120392, 3.56028199196, 0.933996200562, 0.580942392349, 0.444047421217, 0.627282498221, -0.00029104477612
0.607485830784, 0.786810815334, 1.24862742424, 3.44329929352, 3.53571462631, 0.93376326561, 0.580787658691, 0.44391849637, 0.630953307444, 8.13151629364e-19
0.607608020306, 0.786972939968, 1.2488758564, 3.44402599335, 3.51116609573, 0.933583498001, 0.580635845661, 0.443818062544, 0.634661379225, 8.13151629364e-19
0.607716441154, 0.787121653557, 1.24912309647, 3.44485235214, 3.4866206646, 0.93334287405, 0.580476939678, 0.443698823452, 0.638407180301, 8.13151629364e-19
0.607808530331, 0.787283658981, 1.24933993816, 3.4458553791, 3.46207523346, 0.93311214447, 0.580340206623, 0.443591296673, 0.641431303292, 8.13151629364e-19
0.607915878296, 0.787425875664, 1.24955904484, 3.43777036667, 3.43752145767, 0.932891488075, 0.580186784267, 0.443495690823, 0.64524621022, 8.13151629364e-19
0.608037233353, 0.787561535835, 1.24981689453, 3.41813278198, 3.41788315773, 0.932644128799, 0.580038785934, 0.443382263184, 0.64524621022, 0.0
0.608145713806, 0.787711858749, 1.24998676777, 3.38870763779, 3.39332056046, 0.932417154312, 0.579881906509, 0.443263977766, 0.649100181525, 0.0
0.608267009258, 0.787871897221, 1.25033175945, 3.36902999878, 3.36874938011, 0.93212634325, 0.57972240448, 0.443148285151, 0.652993704056, 0.0
0.608377635479, 0.788018226624, 1.25058293343, 3.33956074715, 3.34416174889, 0.931908607483, 0.579591929913, 0.443023651838, 0.656927269909, 0.0
0.608505547047, 0.788168609142, 1.25075852871, 3.31994104385, 3.31959223747, 0.931698262691, 0.579451858997, 0.442911326885, 0.660901376397, -2.5890747879e-16
0.608595371246, 0.788356661797, 1.25111413002, 3.29537606239, 3.29505825043, 0.931385219097, 0.579263925552, 0.442775726318, 0.664393178126, 0.000291044776119
0.608730792999, 0.788551867008, 1.2514115572, 3.27080488205, 3.2704668045, 0.931143760681, 0.579083681107, 0.442654341459, 0.668442944468, 0.0
0.608851909637, 0.788698852062, 1.25159060955, 3.24631929398, 3.24594092369, 0.93093341589, 0.578922092915, 0.442519307137, 0.672534676074, 0.0
0.608986973763, 0.788874983788, 1.25187242031, 3.22175645828, 3.22627592087, 0.930667281151, 0.578770637512, 0.442423284054, 0.67666888947, 0.0
0.609100282192, 0.789018809795, 1.25208044052, 3.19721221924, 3.20169591904, 0.930478751659, 0.578640222549, 0.442313283682, 0.680846106156, 0.0
0.609212636948, 0.789122879505, 1.25226783752, 3.17754507065, 3.17710971832, 0.930264413357, 0.578492641449, 0.442198425531, 0.685066852534, 0.0
0.609333395958, 0.789300322533, 1.25246798992, 3.15299868584, 3.15248322487, 0.930039286613, 0.578338623047, 0.442074358463, 0.689331659827, 0.0
0.609456479549, 0.789434432983, 1.25274956226, 3.12843966484, 3.12795615196, 0.92978656292, 0.578208804131, 0.441949546337, 0.693641063997, 0.0
0.609556138515, 0.789608895779, 1.25302994251, 3.10390782356, 3.10338187218, 0.92958855629, 0.578047275543, 0.44183588028, 0.697121060217, 0.0
0.609670221806, 0.789782643318, 1.25329911709, 3.07935929298, 3.07883214951, 0.929262042046, 0.577880084515, 0.441717088223, 0.701512104137, 0.0
0.609788715839, 0.789920210838, 1.25349366665, 3.05487036705, 3.05422496796, 0.929158568382, 0.577744841576, 0.441595256329, 0.7056493056, -0.000291044776119
0.609910190105, 0.79008024931, 1.25372302532, 3.03029131889, 3.03459620476, 0.928926229477, 0.577604711056, 0.441501349211, 0.710131527371, 4.96022493912e-18
0.610018849373, 0.790209889412, 1.25395953655, 3.0057413578, 3.00511837006, 0.928682386875, 0.577453315258, 0.441366404295, 0.714660976084, -4.06575814682e-19
0.610138833523, 0.790379405022, 1.25417757034, 2.98122620583, 2.98548555374, 0.92842912674, 0.577293395996, 0.441272199154, 0.719238213285, -4.06575814682e-19
0.6102617383, 0.790504097939, 1.25437629223, 2.95670247078, 2.96091413498, 0.928217172623, 0.577143073082, 0.441149294376, 0.723863804421, -4.06575814682e-19
0.610381662846, 0.790656387806, 1.25462853909, 2.93708872795, 2.93632173538, 0.927991867065, 0.576991140842, 0.441031575203, 0.728538318672, -4.06575814682e-19
0.610500216484, 0.790814459324, 1.25485312939, 2.90763354301, 2.91178512573, 0.927757322788, 0.57685905695, 0.440908432007, 0.733262328766, -4.06575814682e-19
0.610617816448, 0.790937423706, 1.25505530834, 2.88799214363, 2.89210820198, 0.927614212036, 0.576720118523, 0.440781503916, 0.738036410788, -4.06575814682e-19
0.610723376274, 0.791111886501, 1.25531494617, 2.86344766617, 2.86259794235, 0.927356541157, 0.576555490494, 0.440656781197, 0.741892117338, 0.0
0.610848367214, 0.791270077229, 1.2556040287, 2.8388915062, 2.84297633171, 0.927048504353, 0.576376795769, 0.440544426441, 0.746757790466, 0.0
0.610960006714, 0.791447103024, 1.25585055351, 2.81434178352, 2.81840658188, 0.926857352257, 0.576244473457, 0.440428614616, 0.751675164573, 0.0
0.611076772213, 0.791567623615, 1.25596606731, 2.79472255707, 2.79382252693, 3.14869618416, 0.576115727425, 0.440342724323, 0.751675164573, 0.0
0.611198782921, 0.791724741459, 1.25619637966, 2.76525807381, 2.76923894882, 3.12117433548, 0.575961351395, 0.44021987915, 0.756644826461, 0.0
0.611303329468, 0.791835069656, 1.25642764568, 2.74562239647, 2.74464535713, 3.09353971481, 0.575845658779, 0.440103203058, 0.761667365143, 0.0
0.611440062523, 0.791998326778, 1.25659441948, 2.71616363525, 2.72004938126, 3.06597661972, 0.575698435307, 0.439981997013, 0.767024210573, 0.000291044776119
0.611543893814, 0.792118549347, 1.25679552555, 2.69654560089, 2.69551706314, 3.04394197464, 0.575551390648, 0.439868330956, 0.77215571053, 0.0
0.611636281013, 0.792261779308, 1.25696706772, 2.67199540138, 2.67092633247, 3.01633787155, 0.575431287289, 0.439757227898, 0.776300232631, 0.0
0.611748039722, 0.792390286922, 1.25720965862, 2.64747071266, 2.64633893967, 2.98880767822, 0.57527256012, 0.439646214247, 0.781530537116, 0.0
0.611858427525, 0.792577803135, 1.25747036934, 2.62293553352, 2.62178468704, 2.96126008034, 0.57512062788, 0.439516365528, 0.786816565547, 0.0
0.611988246441, 0.792711019516, 1.25762605667, 2.59841990471, 2.60214138031, 2.93366003036, 0.574975311756, 0.439401984215, 0.792158913056, 0.0
0.612102806568, 0.792843043804, 1.25777995586, 2.57385754585, 2.57264876366, 2.9061088562, 0.574853360653, 0.439311802387, 0.797558174659, 0.0
0.612221300602, 0.792985022068, 1.25799441338, 2.54931402206, 2.55295944214, 2.87852978706, 0.57468521595, 0.439185321331, 0.803014944846, 0.0
0.612340033054, 0.793140053749, 1.25823748112, 2.52483057976, 2.52844929695, 2.85103869438, 0.574516832829, 0.439055919647, 0.808529817137, 0.0
0.612468719482, 0.793290495872, 1.25850617886, 2.50517988205, 2.50384545326, 2.82347393036, 0.574402213097, 0.438938826323, 0.814103383618, 0.0
0.612586379051, 0.793439507484, 1.25878500938, 2.48061776161, 2.47923898697, 2.79591870308, 0.574238240719, 0.438812345266, 0.819433865567, -0.000291044776119
0.612691760063, 0.793601572514, 1.25898730755, 2.45607924461, 2.45470738411, 2.76837849617, 0.574079871178, 0.438700258732, 0.82398189959, -4.06575814682e-19
0.612803578377, 0.793753147125, 1.25918912888, 2.43152141571, 2.430123806, 2.74633145332, 0.573965668678, 0.438601613045, 0.829721284957, -4.06575814682e-19
0.612903058529, 0.793871223927, 1.25940728188, 2.4069852829, 2.40555310249, 2.71879291534, 0.573813140392, 0.438469320536, 0.835521594921, -4.06575814682e-19
0.613034725189, 0.794038712978, 1.25967133045, 2.38241624832, 2.38102054596, 2.69128680229, 0.57364487648, 0.438346832991, 0.841383408196, 5.16595230135e-16
0.613157272339, 0.79418438673, 1.25981628895, 2.35790896416, 2.36132359505, 2.66366362572, 0.573495030403, 0.438250750303, 0.847307298924, -1.24683249836e-18
0.613283813, 0.794354498386, 1.26008498669, 2.333329916, 2.3367266655, 2.63615822792, 3.5229370594, 0.438125729561, 0.853293836044, -1.24683249836e-18
0.613403916359, 0.794502556324, 1.26036274433, 2.30883955956, 2.31220960617, 2.60867381096, 3.4866206646, 0.438006520271, 0.859343582627, -1.24683249836e-18
0.613526642323, 0.794657349586, 1.26061546803, 2.28431582451, 2.28765487671, 2.58112120628, 3.45760655403, 0.437879443169, 0.865457095191, -1.24683249836e-18
0.613651037216, 0.794826626778, 1.26087224483, 2.26469540596, 2.26310944557, 2.55363178253, 3.42140579224, 0.437764406204, 0.871634922977, -1.24683249836e-18
0.613766491413, 0.794983386993, 1.26111400127, 2.24013829231, 2.23848032951, 2.52602696419, 3.38497233391, 0.437630921602, 0.877877607207, -1.24683249836e-18
0.613872766495, 0.79514092207, 1.26133942604, 2.21558427811, 2.21392726898, 2.50398778915, 3.34868836403, 0.437511563301, 0.882918809334, -5.18248638448e-16
0.613991975784, 0.795313894749, 1.26160645485, 2.19104647636, 2.18940830231, 2.47650718689, 3.31240177155, 0.437391102314, 0.88927957044, -4.06575814682e-19
0.614112615585, 0.79547482729, 1.26184403896, 2.16648054123, 2.16481399536, 2.44894123077, 3.27599000931, 0.437289386988, 0.88927957044, 0.0
0.614240884781, 0.795632004738, 1.26208007336, 2.14200115204, 2.14518666267, 2.42134618759, 3.23984313011, 0.437138140202, 0.895706654008, 0.0
0.614364683628, 0.795820891857, 1.26240289211, 2.11740636826, 2.11568307877, 2.39386820793, 3.20348954201, 0.437027812004, 0.902478553373, 0.000291044776119
0.614500403404, 0.795986175537, 1.26264405251, 2.09285712242, 2.09600162506, 2.366335392, 3.16723155975, 0.436903327703, 0.909041140617, 0.0
0.61462688446, 0.796129703522, 1.26291906834, 2.07320833206, 2.07143306732, 2.33878111839, 3.13812160492, 0.436783403158, 0.915671512323, 0.0
0.614743888378, 0.796287298203, 1.26318359375, 2.04868078232, 2.04691100121, 2.3112578392, 3.10187864304, 0.436652958393, 0.9223701321, 0.0
0.614874005318, 0.796472787857, 1.26346242428, 2.0241086483, 2.02235531807, 2.28367996216, 3.0654630661, 0.436537861824, 0.929137448647, 0.0
0.614989340305, 0.796590566635, 1.26360416412, 1.99966025352, 1.99777603149, 2.2616724968, 3.02906751633, 0.436406612396, 0.935973894745, 0.0
0.61509591341, 0.796762764454, 1.26388585567, 1.97509813309, 1.97809922695, 2.23413348198, 2.99275898933, 0.436289638281, 0.941493104927, 0.0
0.615213274956, 0.796935975552, 1.26414644718, 1.95055758953, 1.94862663746, 2.20659136772, 2.95647883415, 0.436175435781, 0.948455019999, 0.0
0.615326881409, 0.797083318233, 1.26434779167, 1.92596554756, 1.92401945591, 2.17900013924, 2.92013835907, 0.436149835587, 0.955487182736, 0.0
0.615453660488, 0.7972484231, 1.26461362839, 1.9014134407, 1.89945137501, 2.15148305893, 2.88403725624, 0.859546661377, 0.962589955677, 0.0
0.615582585335, 0.797429203987, 1.26499998569, 1.88182163239, 1.87984740734, 2.12402057648, 2.85500907898, 1.39366602898, 0.969763680179, 0.0
0.615711629391, 0.797590196133, 1.26526784897, 1.85238027573, 1.85528063774, 2.09648609161, 2.8187122345, 1.92597937584, 0.976703070208, -0.000291044776119
0.61583840847, 0.797767698765, 1.26557350159, 1.83274066448, 1.8307543993, 2.06892251968, 2.78237009048, 2.45937156677, 0.984018065662, -5.3668007538e-18
0.615966320038, 0.797951877117, 1.26586544514, 1.80818927288, 1.80615568161, 2.04145359993, 2.74620294571, 2.99227714539, 0.991404915219, -5.3668007538e-18
0.616081058979, 0.79814440012, 1.26611590385, 1.78363335133, 1.78155493736, 2.01385378838, 2.70974612236, 3.52552390099, 0.997366295958, -5.1700180595e-16
0.616213321686, 0.798298478127, 1.26641285419, 1.75911390781, 1.75699746609, 1.99183106422, 2.67348122597, 5.0, 1.00488308425, 8.13151629364e-19
0.616341173649, 0.798484504223, 1.26662564278, 1.73460793495, 1.73242461681, 1.9642843008, 2.63719058037, 5.0, 1.01247234553, 8.13151629364e-19
0.61647516489, 0.798653244972, 1.26688706875, 1.71004831791, 1.7079218626, 1.93681776524, 2.60089707375, 5.0, 1.0201342461, 8.13151629364e-19
0.616612970829, 0.798842847347, 1.26719033718, 1.68551373482, 1.68822753429, 1.9092413187, 2.56448149681, 5.0, 1.0278689213, 8.13151629364e-19
0.616745531559, 0.799006044865, 1.26743686199, 1.66096413136, 1.663641572, 1.88163328171, 2.53538513184, 5.0, 1.03567647427, 8.13151629364e-19
0.616865694523, 0.799135744572, 1.26771080494, 1.64133298397, 1.63906764984, 1.85410737991, 2.49909305573, 5.0, 1.04355697454, 4.06575814682e-19
0.617002725601, 0.799329578876, 1.26801681519, 1.61675858498, 1.61451733112, 1.82655179501, 2.46278476715, 5.0, 1.05151045669, 4.06575814682e-19
0.617142498493, 0.799518465996, 1.26834249496, 1.59220612049, 1.5899220705, 1.79902255535, 2.42650985718, 5.0, 1.05953691905, 4.06575814682e-19
0.617246747017, 0.799711585045, 1.26864922047, 1.56765222549, 1.56532561779, 1.77696824074, 2.39021229744, 5.0, 1.06601060956, 4.06575814682e-19
0.617377460003, 0.799874007702, 1.26888394356, 1.54308688641, 1.54075670242, 1.74941766262, 2.35379624367, 5.0, 1.06601060956, 0.0
0.617499053478, 0.800054371357, 1.26912009716, 1.51857960224, 1.5162024498, 1.7218965292, 2.31753373146, 5.0, 1.07444296772, 0.000291044776119
0.617644846439, 0.800246953964, 1.26943123341, 1.49400782585, 1.49651455879, 1.69436740875, 2.2811934948, 5.0, 1.08267457275, 0.0
0.617768526077, 0.800421476364, 1.26972460747, 1.46948897839, 1.47196388245, 1.66681241989, 2.24484419823, 5.0, 1.09097876808, 0.0
0.617889523506, 0.800583600998, 1.26997220516, 1.44492995739, 1.4473733902, 1.63920295238, 2.2084505558, 5.0, 1.09935535774, 0.0
0.618035376072, 0.800716996193, 1.27019679546, 1.42038404942, 1.42278552055, 1.61167883873, 2.17938446999, 5.0, 1.10780410164, 0.0
0.618159770966, 0.800874173641, 1.2704308033, 1.40078580379, 1.39820742607, 1.58402824402, 2.1428706646, 5.0, 1.11632471439, 0.0
0.618292272091, 0.801019668579, 1.27063822746, 1.37131369114, 1.37361931801, 1.55646753311, 2.10645294189, 5.0, 1.12491686394, 0.0
0.618403255939, 0.801180660725, 1.27082240582, 1.35169410706, 1.34909164906, 1.53445160389, 2.07011795044, 5.0, 1.13184183646, 0.0
0.618548631668, 0.801403403282, 1.27116262913, 1.32717740536, 1.32451510429, 1.50692367554, 2.03383398056, 5.0, 1.14056176209, 0.0
0.618681073189, 0.801577270031, 1.27145648003, 1.30260837078, 1.30483996868, 1.47937750816, 1.99757742882, 5.0, 1.14935203655, 0.0
0.618819832802, 0.8017552495, 1.27172589302, 1.27810227871, 1.2803003788, 1.45183813572, 1.96121740341, 5.0, 1.15790330549, -0.00029104477612
0.618967592716, 0.801970660686, 1.27206707001, 1.25361287594, 1.2557810545, 1.42428731918, 1.92496740818, 5.0, 1.16683141273, 5.77337656849e-18
0.619096577168, 0.802102863789, 1.27236652374, 1.22901368141, 1.22628378868, 1.39679288864, 1.8959031105, 5.0, 1.17582819128, 5.77337656849e-18
0.61922955513, 0.80232334137, 1.27261960506, 1.20936739445, 1.20656847954, 1.36917376518, 1.85218381882, 5.0, 1.18489296332, 5.77337656849e-18
0.619365811348, 0.802452623844, 1.27287828922, 1.17995786667, 1.18202137947, 1.34162056446, 1.82309424877, 5.0, 1.19402499608, 5.77337656849e-18
0.619504749775, 0.802646756172, 1.27316224575, 1.16029596329, 1.15743899345, 1.31405842304, 1.78677451611, 5.0, 1.203223501, 8.13151629364e-19
0.619628489017, 0.802807867527, 1.27346026897, 1.13575267792, 1.13284981251, 1.2920050621, 1.75040233135, 5.0, 1.21248763303, 8.13151629364e-19
0.619738280773, 0.802954494953, 1.26154994965, 1.11122274399, 1.10830724239, 1.26446723938, 1.71392309666, 5.0, 1.21994558581, 4.06575814682e-19
0.619863808155, 0.803106844425, 1.23417854309, 1.08669614792, 1.08376765251, 1.23693203926, 1.67763447762, 5.0, 1.2293255343, 4.06575814682e-19
0.620017945766, 0.803332746029, 1.21220135689, 1.06220531464, 1.06410741806, 1.20941138268, 1.64137840271, 5.0, 1.23876843797, 4.06575814682e-19
0.620147883892, 0.803476691246, 1.18482089043, 1.03765571117, 1.03458762169, 1.18180119991, 1.60495138168, 5.0, 1.24827323196, 4.06575814682e-19
0.620280861855, 0.80366396904, 1.15745770931, 1.0131329298, 1.01496756077, 1.15426707268, 1.56865715981, 5.0, 1.2578387927, 4.06575814682e-19
0.620422363281, 0.803842425346, 1.13001441956, 0.993472635746, 0.990407168865, 1.12671029568, 1.53232944012, 5.0, 1.26746393771, 8.13151629364e-19
0.620563745499, 0.804032206535, 1.10260558128, 0.968940317631, 0.965790987015, 1.09913444519, 1.50319039822, 5.0, 1.27714742559, 8.13151629364e-19
0.620704054832, 0.804207742214, 1.07515072823, 0.944351732731, 0.94121491909, 1.07152974606, 1.46674454212, 5.0, 1.27714742559, 0.0
0.620814442635, 0.804352879524, 1.04778051376, 0.919833779335, 0.916622817516, 1.0439864397, 1.43040168285, 5.0, 1.28493535098, -2.5890747879e-16
0.620986700058, 0.804555475712, 1.02034711838, 0.895271539688, 0.892016649246, 1.01641345024, 1.39399850368, 5.0, 1.29668417038, 0.0
0.621087491512, 0.804713666439, 0.99843120575, 0.870761454105, 0.867441833019, 0.99434876442, 1.35766482353, 5.0, 1.30456028368, 0.0
0.621229410172, 0.804890632629, 0.965533673763, 0.846184909344, 0.842890262604, 0.966799974442, 1.32121539116, 5.0, 1.31472432555, 0.000291044776119
0.621368587017, 0.805070579052, 0.943625032902, 0.821645736694, 0.818307161331, 0.939223706722, 1.28479063511, 5.0, 1.32466935829, 0.0
0.62150490284, 0.805220961571, 0.916266560555, 0.79711830616, 0.798624753952, 0.911633312702, 1.2484433651, 5.0, 1.33466433217, 0.0
0.621636390686, 0.805344939232, 0.888863861561, 0.777513504028, 0.774019956589, 0.884078800678, 1.21933782101, 5.0, 1.34470761261, 0.0
0.621771335602, 0.805522918701, 0.861422538757, 0.75294816494, 0.749485075474, 0.85648137331, 1.1829226017, 5.0, 1.35479751022, 0.0
0.621908068657, 0.805697619915, 0.833978295326, 0.728386759758, 0.724887907505, 0.828945934772, 1.14661693573, 5.0, 1.36493228194, 0.0
0.62204426527, 0.805897295475, 0.806631207466, 0.703896343708, 0.700333297253, 0.801382064819, 1.11023712158, 5.0, 1.38092492037, -0.000291044776119
0.622144341469, 0.80606842041, 0.784633517265, 0.680947840214, 0.682343661785, 0.787489891052, 1.10784101486, 5.0, 1.38297023069, 0.0
0.624066054821, 0.840421080589, 0.76021873951, 0.67480713129, 0.692218840122, 0.82488822937, 1.22331130505, 5.0, 1.35469816306, -0.0323059701493
0.630080342293, 0.908087611198, 0.733571410179, 0.673162341118, 0.705077767372, 0.87473988533, 1.37294757366, 5.0, 1.28193696903, -0.0727611940299
0.640144169331, 0.885578632355, 0.712427020073, 0.674487531185, 0.726017773151, 0.935807108879, 1.56677818298, 5.0, 1.209175775, -0.0727611940299
0.65431445837, 0.844506204128, 0.696282565594, 0.676113128662, 0.752703666687, 1.01126277447, 1.83116745949, 3.54569649696, 1.13668623926, -0.0724701492537
0.673084795475, 0.801724135876, 0.685118973255, 0.684448361397, 0.786184966564, 1.10479903221, 2.1201031208, 2.93057084084, 1.00566566154, -0.13102408194
0.696706056595, 0.767082333565, 0.678442835808, 0.693524777889, 0.827256083488, 1.22136712074, 2.6346590519, 2.5000371933, 0.947507503249, -0.0581550225373
0.719657361507, 0.73905736208, 0.675974965096, 0.708877563477, 0.876094937325, 1.33452272415, 3.45397353172, 2.18945503235, 0.874746481803, -0.0727611940299
0.753307461739, 0.717300713062, 0.676594436169, 0.729004859924, 0.936490058899, 1.51597189903, 5.0, 1.95259964466, 0.78738208047, -0.0873673655224
0.794053792953, 0.700525999069, 0.678454816341, 0.755632460117, 1.01213753223, 1.7641313076, 5.0, 1.7594025135, 0.728919107276, -0.0584460673134
0.845579862595, 0.688322007656, 0.683278739452, 0.788682162762, 1.08496403694, 2.11001014709, 5.0, 1.63684058189, 0.656740446476, -0.0721791044776
0.906723201275, 0.681128144264, 0.693564772606, 0.828112602234, 1.19422852993, 2.57769536972, 5.0, 1.53875875473, 0.642188252599, -0.014552238806
0.947544336319, 0.666360735893, 0.686407625675, 0.8214199543, 1.20107114315, 2.58331942558, 3.98561787605, 1.56069374084, 0.601208182519, -0.0445298507463
0.924400568008, 0.64913392067, 0.668642878532, 0.800603330135, 1.17165148258, 2.51847052574, 3.9682598114, 1.58581995964, 0.607182353021, 0.0
0.901903569698, 0.635332167149, 0.650735676289, 0.783715128899, 1.14178574085, 2.45545482635, 3.95102977753, 1.61027312279, 0.613261066788, 0.0
0.878635525703, 0.618062615395, 0.633009254932, 0.759006440639, 1.11313891411, 2.39753746986, 3.9373216629, 1.63397979736, 0.619446630952, 0.0
0.855075538158, 0.600760757923, 0.615319728851, 0.742612063885, 1.08468174934, 2.35099196434, 3.9201900959, 1.65778112411, 0.626019745457, 0.000291044776119
0.831523180008, 0.5834633708, 0.597624838352, 0.722123086452, 1.05637860298, 2.28265929222, 3.90309500694, 1.68126308918, 0.636328306642, 5.55111512313e-16
0.812575221062, 0.567397296429, 0.58447676897, 0.708590269089, 1.04697406292, 2.36572360992, 3.90151715279, 1.64157021046, 0.637637471396, 0.0
0.77548801899, 0.564721763134, 0.593944549561, 0.74875742197, 1.19403135777, 3.15925788879, 3.93324828148, 1.5325524807, 0.597529487869, -0.0416194029851
0.727117717266, 0.565212130547, 0.612979888916, 0.805787503719, 1.33676576614, 3.90075016022, 3.98867678642, 1.44275701046, 0.524768545977, -0.0727611940299
0.689138412476, 0.568100094795, 0.637428760529, 0.875628650188, 1.57068347931, 3.89218854904, 3.42708563805, 1.36919057369, 0.452007614939, -0.0727611940299
0.658234000206, 0.573340535164, 0.668590307236, 0.944950997829, 1.90753149986, 3.89120054245, 2.85314321518, 1.30857932568, 0.379246693362, -0.0727611940299
0.634419620037, 0.583791136742, 0.706862926483, 1.05092298985, 2.42832517624, 3.90350842476, 2.51711702347, 1.25926303864, 0.298488814467, -0.0797462686567
0.616113603115, 0.599086642265, 0.754760563374, 1.18942904472, 3.32635164261, 3.93910932541, 2.20304965973, 1.22792637348, 0.211175381631, -0.0873134328358
0.605286121368, 0.619369506836, 0.813653051853, 1.37218868732, 3.89900493622, 3.99930143356, 1.96434104443, 1.31735038757, 0.153252227291, -0.0579179104478
0.594649195671, 0.645162820816, 0.887683331966, 1.62625515461, 3.89445972443, 3.30125927925, 1.77582013607, 1.85034227371, 0.0804910332612, -0.0727611940299
0.591175675392, 0.678731560707, 0.961304783821, 1.99675250053, 3.89329743385, 2.85096073151, 1.62960791588, 2.95904016495, 0.0222820780373, -0.0582089552239
0.590750873089, 0.718388080597, 1.07067239285, 2.55217289925, 3.90771269798, 2.45470166206, 1.51997232437, 5.0, -0.0213746383806, -0.0436567164179
0.593312382698, 0.748700201511, 1.15817797184, 2.91940307617, 3.8988263607, 2.37203884125, 1.51089131832, 5.0, -0.0665702032709, -0.0451119402985
0.592721521854, 0.747453093529, 1.15574240685, 2.91037082672, 3.87405228615, 2.37514734268, 1.51170969009, 5.0, -0.0678927160942, -0.000582089552239
0.592212557793, 0.746819972992, 1.15424203873, 2.903018713, 3.84929251671, 2.3777077198, 1.51308834553, 5.0, -0.0683668118052, 0.00029104477612
0.591562271118, 0.745892107487, 1.15274679661, 2.89963078499, 3.82479500771, 2.37947893143, 1.51390421391, 5.0, -0.0691476343336, 0.0
0.591013073921, 0.744994819164, 1.15138792992, 2.89589810371, 3.80033302307, 2.381046772, 1.51485538483, 3.91784071922, -0.0697852314061, 2.22044604925e-16
0.590321063995, 0.74412715435, 1.15011203289, 2.89277720451, 3.7758910656, 2.38217616081, 1.51577425003, 3.56531763077, -0.0705989278917, 0.0
0.589620292187, 0.743266582489, 1.14910554886, 2.88982534409, 3.75145602226, 2.38376760483, 1.51665270329, 3.2128944397, -0.0714317912301, 0.0
0.588930487633, 0.742406189442, 1.14785194397, 2.88688659668, 3.7319047451, 2.38490867615, 1.51758122444, 2.86115837097, -0.0722845052695, 0.0
0.588231384754, 0.741541385651, 1.14659905434, 2.88375973701, 3.70745968819, 2.38635611534, 1.51849031448, 2.5785369873, -0.0731577869744, 0.0
0.587532818317, 0.740661859512, 1.14530193806, 2.88082361221, 3.68303084373, 2.38773107529, 1.51941847801, 2.22637724876, -0.0740523881929, 0.0
0.586836993694, 0.739967107773, 1.14404249191, 2.87778353691, 3.65858221054, 2.38914990425, 1.52032542229, 1.87393856049, -0.0749690975529, 0.0
0.586146295071, 0.739107728004, 1.14276349545, 2.87532305717, 3.63413953781, 2.3905954361, 1.5210672617, 1.52174651623, -0.0759087435001, 0.0
0.585438251495, 0.738230288029, 1.1415065527, 2.87242293358, 3.60969591141, 2.39193415642, 1.52196145058, 1.17010748386, -0.0768721960463, 0.0
0.584880709648, 0.737366378307, 1.1402310133, 2.86941480637, 3.58524775505, 2.39302587509, 1.5228676796, 1.16074430943, -0.0776607118021, 0.0
0.584169268608, 0.736488163471, 1.13894701004, 2.86640572548, 3.56080412865, 2.39456272125, 1.52385282516, 1.16076993942, -0.0786693524434, 0.0
0.583444654942, 0.735597014427, 1.1379365921, 2.86356878281, 3.53638362885, 2.39579772949, 1.52467906475, 1.16075384617, -0.0797044816271, 0.0
0.582751631737, 0.734764039516, 1.13678252697, 2.86156702042, 3.51197457314, 2.39687418938, 1.52551066875, 1.16109383106, -0.0810560427197, -0.000291044776119
0.582057833672, 0.733946323395, 1.13566613197, 2.85953354836, 3.49245095253, 2.3979818821, 1.52634239197, 1.16177856922, -0.0818579740381, 0.000291044776119
0.581373870373, 0.733107209206, 1.13446593285, 2.85658454895, 3.46801328659, 2.39936828613, 1.52720856667, 1.16247689724, -0.155175542932, -0.0727611940299
0.580677807331, 0.732258856297, 1.13325536251, 2.8544216156, 3.44358968735, 2.40076565742, 1.52814257145, 1.16317760944, -0.157308918226, -2.22044604925e-16
0.579974114895, 0.731553316116, 1.1319937706, 2.85089302063, 3.41915249825, 2.40201234818, 1.52882242203, 1.16387212276, -0.159501266021, -2.22044604925e-16
0.579276561737, 0.730698227882, 1.13076531887, 2.84873056412, 3.3947224617, 2.40335249901, 1.52971899509, 1.16457521915, -0.161755043861, -2.22044604925e-16
0.578575372696, 0.729843080044, 1.12953209877, 2.84595012665, 3.37029242516, 2.40465569496, 1.53060400486, 1.16528427601, -0.090144580392, 0.0727611940299
0.578009426594, 0.728972196579, 1.12829077244, 2.84318780899, 3.34581923485, 2.4057803154, 1.53152632713, 1.1659913063, -0.091185591844, 2.22044604925e-16
0.577303051949, 0.728097379208, 1.12725841999, 2.84011459351, 3.32131505013, 2.40746355057, 1.5324434042, 1.16669487953, -0.0925210649093, 0.0
0.576598346233, 0.727217137814, 1.12597751617, 2.83715462685, 3.2968506813, 2.4085559845, 1.53334653378, 1.16739404202, -0.0938961204351, 0.0
0.575899004936, 0.726358652115, 1.12474620342, 2.83448338509, 3.27240347862, 2.4098675251, 1.53423011303, 1.16794860363, -0.0953125392474, 0.0
0.575208187103, 0.725521683693, 1.1235524416, 2.8317527771, 3.25284910202, 2.41118192673, 1.53512001038, 1.16864800453, -0.0967722102818, 0.0
0.574508011341, 0.724827349186, 1.12230587006, 2.82887768745, 3.22836208344, 2.41256070137, 1.53602528572, 1.16935515404, -0.0982771388862, 0.0
0.573797941208, 0.723946094513, 1.12101376057, 2.8263964653, 3.20390462875, 2.41397714615, 1.53676056862, 1.17004525661, -0.0998294558977, 0.0
0.573106706142, 0.723083496094, 1.11975800991, 2.82340908051, 3.17939901352, 2.41541075706, 1.53768146038, 1.17074382305, -0.10143142758, 0.0
0.572417795658, 0.722240805626, 1.11855435371, 2.82072782516, 3.15497589111, 2.41640472412, 1.5385518074, 1.17143905163, -0.103085466839, 0.0
0.571855306625, 0.721368253231, 1.11727559566, 2.81769895554, 3.13048028946, 2.41777253151, 1.539457798, 1.17213451862, -0.104447908711, 6.66133814775e-16
0.571016907692, 0.720515012741, 1.11631011963, 2.8150370121, 3.11098027229, 2.41904163361, 1.54033994675, 1.17284977436, -0.106560202001, -4.4408920985e-16
0.570445358753, 0.719644367695, 1.11480212212, 2.8121547699, 3.08163237572, 2.42042303085, 1.54124593735, 1.17354142666, -0.108016323267, 6.66133814775e-16
0.569754242897, 0.718786597252, 1.11381864548, 2.80936217308, 3.05711436272, 2.4218082428, 1.5421564579, 1.17410778999, -0.109893179475, 0.0
0.569044649601, 0.717904865742, 1.11253631115, 2.80636692047, 3.03757047653, 2.42311882973, 1.54301011562, 1.17480802536, -0.111836135382, 0.0
0.568347990513, 0.717238306999, 1.11135315895, 2.80439949036, 3.01313090324, 2.424482584, 1.5439145565, 1.17550742626, -0.114135673725, -0.00029104477612
0.567650914192, 0.716374337673, 1.11009335518, 2.80093502998, 2.98870491982, 2.42582988739, 1.54465138912, 1.17621874809, -0.116226859286, 0.0
0.566936969757, 0.715489089489, 1.10882914066, 2.79863381386, 2.96420764923, 2.42719888687, 1.54556429386, 1.17692470551, -0.11810028021, 0.000291044776119
0.566239535809, 0.714619994164, 1.10755252838, 2.79553294182, 2.93972849846, 2.4285671711, 1.54646658897, 1.17762362957, -0.120345569998, 0.0
0.5656722188, 0.713766157627, 1.10630297661, 2.79265236855, 2.91529107094, 2.4296939373, 1.54737699032, 1.17832243443, -0.122203909238, 0.0
0.564974367619, 0.712897479534, 1.10530936718, 2.78979849815, 2.89087510109, 2.43105340004, 1.54828608036, 1.17887639999, -0.124608702701, 0.0
0.564280748367, 0.712035775185, 1.10407853127, 2.78716444969, 2.87127566338, 2.43224954605, 1.54908597469, 1.17957496643, -0.127109521255, 0.0
0.563585639, 0.71138548851, 1.10294020176, 2.78490900993, 2.84196853638, 2.43347477913, 1.54998660088, 1.18027091026, -0.201158398444, -0.0727611940299
0.562890589237, 0.710349261761, 1.10168421268, 2.78187537193, 2.82236623764, 2.43486356735, 1.55070638657, 1.18096220493, -0.205301752767, 0.0
0.562195539474, 0.70948433876, 1.10042715073, 2.77891373634, 2.79792308807, 2.43624997139, 1.55179190636, 1.18166995049, -0.209616823744, 0.0
0.561496138573, 0.708802163601, 1.09919691086, 2.77670121193, 2.773416996, 2.43770885468, 1.55254530907, 1.18235969543, -0.214114340992, 0.0
0.560800969601, 0.707924246788, 1.09790050983, 2.77350068092, 2.74895095825, 2.43908452988, 1.55344569683, 1.1830496788, -0.143673919014, 0.0727611940299
0.560247540474, 0.707054376602, 1.09663653374, 2.75209021568, 2.7245016098, 2.44020843506, 1.55438923836, 1.18374681473, -0.146220096347, 0.0
0.559549629688, 0.70620405674, 1.09538030624, 2.72748374939, 2.70002770424, 2.44157934189, 1.5552624464, 1.18444871902, -0.149531633472, 0.0
0.558848500252, 0.705343544483, 1.09414327145, 2.70282816887, 2.67557144165, 2.44295310974, 1.55615270138, 1.18513584137, -0.15299544439, 2.22044604925e-16
0.558161497116, 0.704472661018, 1.09288275242, 2.67815351486, 2.65112161636, 2.44432640076, 1.55705976486, 1.18583405018, -0.156622190061, 0.0
0.557463884354, 0.70361751318, 1.0918956995, 2.65351271629, 2.63157367706, 2.44566321373, 1.5579457283, 1.18638968468, -0.160423541342, 0.0
0.556765675545, 0.702760398388, 1.09066021442, 2.62886714935, 2.60712456703, 2.44698882103, 1.55884134769, 1.18708479404, -0.16441230028, 0.0
0.556075930595, 0.702072799206, 1.08941090107, 2.60912489891, 2.58265686035, 2.44823002815, 1.55951499939, 1.18777775764, -0.168602539141, 0.0
0.555379033089, 0.701234340668, 1.08823728561, 2.57951712608, 2.5581715107, 2.44965958595, 1.56043934822, 1.18847894669, -0.173009760202, 0.0
0.554681181908, 0.700363814831, 1.08694732189, 2.55981993675, 2.53371405602, 2.45076370239, 1.56135034561, 1.18917262554, -0.177651080536, 0.0
0.554125249386, 0.69951403141, 1.08573806286, 2.53520703316, 2.50929021835, 2.45210886002, 1.56225204468, 1.18986642361, -0.181545350829, 0.0
0.553294837475, 0.698636472225, 1.08468651772, 2.51053547859, 2.48479247093, 2.45388746262, 1.56317448616, 1.19055950642, -0.187713867962, 0.0
0.552737653255, 0.697773993015, 1.08342981339, 2.48587393761, 2.46033263206, 2.45493102074, 1.5640515089, 1.19110071659, -0.19206155635, 2.22044604925e-16
0.55205231905, 0.696928560734, 1.0822173357, 2.46119570732, 2.4407491684, 2.45621728897, 1.56492948532, 1.19179594517, -0.197784012901, 0.0
0.551355659962, 0.696243345737, 1.08098220825, 2.44147586823, 2.41630578041, 2.45758962631, 1.56582462788, 1.1924905777, -0.204131597706, -0.00029104477612
0.550666034222, 0.695205628872, 1.0797150135, 2.41193318367, 2.3918466568, 2.45905423164, 1.56675946712, 1.1931886673, -0.210587497272, 0.0
0.549965858459, 0.694514334202, 1.07847499847, 2.38722729683, 2.36734008789, 2.46032691002, 1.56744730473, 1.19388782978, -0.217458423374, 0.0
0.549410223961, 0.693655431271, 1.07746851444, 2.37246894836, 2.34780049324, 2.46119976044, 1.5681874752, 1.19430029392, -0.222975138665, 0.00029104477612
0.548996567726, 0.693145871162, 1.07651078701, 2.34783124924, 2.32824778557, 2.46252274513, 1.56907641888, 1.19512379169, -0.227540897391, 0.0
0.548030436039, 0.692110419273, 1.07496488094, 2.32312965393, 2.29887509346, 2.46433568001, 1.57002198696, 1.19582331181, -0.238943407035, 0.0
0.547471404076, 0.69124931097, 1.07369124889, 2.29848861694, 2.27440142632, 2.46550512314, 1.57096540928, 1.19652056694, -0.245976668555, 4.4408920985e-16
0.546772897243, 0.69035243988, 1.07236778736, 2.27387619019, 2.24994111061, 2.46693706512, 1.57186758518, 1.19721651077, -0.255359564242, 0.0
0.546076953411, 0.689500153065, 1.0713955164, 2.24923205376, 2.22548651695, 2.46815347672, 1.57272303104, 1.19776749611, -0.333078647134, -0.0727611940299
0.545384287834, 0.688665509224, 1.07021224499, 2.22456264496, 2.20589900017, 2.45533204079, 1.57361483574, 1.19845998287, -0.346410004335, 0.0
0.544689178467, 0.687763273716, 1.06886470318, 2.19993114471, 2.18142461777, 2.42820668221, 1.57462024689, 1.19917547703, -0.360804546494, 0.0
0.543981015682, 0.687065780163, 1.0675907135, 2.17530155182, 2.15697789192, 2.40110254288, 1.5755314827, 1.19987595081, -0.37638799378, 0.0
0.543278813362, 0.686194121838, 1.06632828712, 2.15062689781, 2.1325006485, 2.37406849861, 1.57623827457, 1.20056807995, -0.311908842028, 0.0727611940299
0.542578876019, 0.685326457024, 1.06507027149, 2.13087940216, 2.10805296898, 2.35241794586, 1.57734596729, 1.20126855373, 0, 0.0
0.541875779629, 0.684438705444, 1.06373071671, 2.10629010201, 2.08357381821, 2.31983470917, 1.57812595367, 1.20197415352, 0, 0.0
0.541176855564, 0.683580577374, 1.06253302097, 2.08162331581, 2.05912160873, 2.29823637009, 1.57899725437, 1.20267391205, 0, 0.0
0.540617406368, 0.682718276978, 1.06126737595, 2.05702018738, 2.03466486931, 2.26570773125, 1.57992458344, 1.20338273048, 0, -2.22044604925e-16
0.539908230305, 0.681842505932, 1.06024265289, 2.03233718872, 2.01509523392, 2.24406003952, 1.58082199097, 1.20408344269, 0, 0.0
0.539208292961, 0.680969119072, 1.05897939205, 2.00767087936, 1.98576724529, 2.21701169014, 1.58177399635, 1.2047829628, 0, 0.0
0.538507699966, 0.680093884468, 1.05768537521, 1.98308157921, 1.96620059013, 2.18988180161, 1.58269059658, 1.20535242558, 0, 0.0
0.537804305553, 0.679200351238, 1.0563737154, 1.9584043026, 1.93680095673, 2.16278290749, 1.58362972736, 1.20604145527, 0, 0.0
0.537097990513, 0.678333044052, 1.0551019907, 1.93868887424, 1.91723167896, 2.13568854332, 1.58453881741, 1.20673954487, 0, 0.0
0.53639870882, 0.677631378174, 1.05385017395, 1.9091193676, 1.89278769493, 2.1086397171, 1.5853010416, 1.20743978024, 0, 0.0
0.535706460476, 0.676772296429, 1.05255925655, 1.88944923878, 1.86832749844, 2.08157587051, 1.58620846272, 1.20815253258, 0, 0.0
0.534999012947, 0.675892651081, 1.05130326748, 1.86479973793, 1.84385848045, 2.05451083183, 1.58709406853, 1.20885515213, 0, 2.22044604925e-16
0.534289479256, 0.675016582012, 1.05004131794, 1.84010672569, 1.82061803341, 2.03123831749, 1.58777546883, 1.21134221554, 0, 0.0
0.531948626041, 0.672709405422, 1.04739773273, 1.82124435902, 1.80222785473, 2.0141313076, 1.58966803551, 1.21076345444, 0, 4.4408920985e-16
0.532525420189, 0.673012197018, 1.04739069939, 1.80030858517, 1.78481042385, 1.98903751373, 1.58958375454, 1.21065938473, 0, 0.0
0.5324909091, 0.672647416592, 1.046885252, 1.77573239803, 1.75553715229, 1.96197772026, 1.59045553207, 1.21148490906, 0, 0.0
0.531803071499, 0.671784937382, 1.04562926292, 1.75103366375, 1.73590970039, 1.93484973907, 1.59139859676, 1.21203660965, 0, 0.0
0.531112492085, 0.671093702316, 1.04438054562, 1.72644841671, 1.71151328087, 1.90783321857, 1.59230136871, 1.21272456646, 0, 0.0
0.530420362949, 0.670224070549, 1.04307687283, 1.70674979687, 1.68706023693, 1.88072347641, 1.59324491024, 1.21341764927, 0, 0.0
0.529727101326, 0.669354021549, 1.04179239273, 1.68212008476, 1.66260612011, 1.85364961624, 1.59396958351, 1.2141097784, 0, 0.0
0.529174745083, 0.668486952782, 1.04051220417, 1.65748476982, 1.63815641403, 1.82655489445, 1.59492743015, 1.21480321884, 0, -4.4408920985e-16
0.528344333172, 0.667614996433, 1.03947842121, 1.63285148144, 1.61368906498, 1.80488491058, 1.59583282471, 1.21535456181, 0, -0.0870223880597
