0.596053779125, 0.770045518875, 1.21989810467, 3.33379840851, 2.63755202293, 0.914068281651, 0.565478801727, 0.43046066165, 0.366715253016, -0.000528156865643
0.596058785915, 0.770173847675, 1.22025442123, 3.33628940582, 2.63471388817, 0.913688659668, 0.565268218517, 0.430420130491, 0.367535592292, 2.5890747879e-16
0.596098423004, 0.770453751087, 1.22151374817, 3.34572815895, 2.62561035156, 0.912544667721, 0.564874529839, 0.430491805077, 0.368910636247, 0.0
0.596014142036, 0.771154165268, 1.22349727154, 3.36648368835, 2.61274385452, 0.910564243793, 0.564486145973, 0.430608183146, 0.370295531413, 0.0
0.595893740654, 0.771408736706, 1.22452759743, 3.37057995796, 2.60973167419, 0.91077286005, 0.564599871635, 0.430699080229, 0.371690378666, 0.0
0.595777273178, 0.771326124668, 1.22459995747, 3.37379765511, 2.60749483109, 0.910794854164, 0.564795076847, 0.430966049433, 0.373095280183, 0.0
0.595515191555, 0.77123016119, 1.22478532791, 3.37661886215, 2.60508942604, 0.910634875298, 0.564825057983, 0.431062191725, 0.374510339458, 0.0
0.595462620258, 0.771282970905, 1.22506630421, 3.3788394928, 2.60357379913, 0.9104129076, 0.564722180367, 0.431017637253, 0.375641755596, -0.000291044776119
0.595495343208, 0.771364867687, 1.22526657581, 3.37974977493, 2.603110075, 0.910258889198, 0.564630866051, 0.430923491716, 0.376788610867, 0.0
0.595589220524, 0.771528661251, 1.22548592091, 3.38044810295, 2.60236811638, 0.910039365292, 0.564448654652, 0.430807411671, 0.378231589643, 0.0
0.595704853535, 0.77167403698, 1.2257386446, 3.38135719299, 2.60168385506, 0.909811079502, 0.564317882061, 0.430706709623, 0.379685125093, 0.0
0.595805943012, 0.771802544594, 1.22587454319, 3.3817358017, 2.60117459297, 0.909610271454, 0.564203739166, 0.430631011724, 0.38114932728, 0.0
0.595913410187, 0.771925747395, 1.22606027126, 3.38209867477, 2.60083866119, 0.909429430962, 0.564078330994, 0.430528819561, 0.382624307706, 0.0
0.596017956734, 0.772066414356, 1.22627317905, 3.38282966614, 2.59991121292, 0.909187018871, 0.563917696476, 0.430414617062, 0.384110179331, 0.0
0.59612429142, 0.772245287895, 1.22658002377, 3.38392090797, 2.59940385818, 0.908960461617, 0.563744187355, 0.430283010006, 0.385607056599, 0.0
0.596235573292, 0.772388637066, 1.22679007053, 3.38450288773, 2.59884810448, 0.908726036549, 0.563613414764, 0.43017950654, 0.387115055455, 0.0
0.596360623837, 0.772519826889, 1.22705733776, 3.38531804085, 2.59817528725, 0.908479332924, 0.563481867313, 0.430060118437, 0.388634293376, 0.0
0.596475064754, 0.772674024105, 1.22727167606, 3.38597178459, 2.5973880291, 0.90828037262, 0.563348352909, 0.42995211482, 0.390452860748, 0.000291044776119
0.596581816673, 0.772811233997, 1.22752273083, 3.38666248322, 2.59682178497, 0.908057868481, 0.563202500343, 0.429844617844, 0.391996002939, 0.0
0.596667051315, 0.772954881191, 1.22774553299, 3.38732600212, 2.5960855484, 0.907814383507, 0.563043534756, 0.429721623659, 0.393238868119, 4.33680868994e-19
0.596790552139, 0.773104667664, 1.22798645496, 3.38803529739, 2.59550404549, 0.907619953156, 0.562886297703, 0.429617524147, 0.394802992779, 4.33680868994e-19
0.596893727779, 0.77328568697, 1.22823143005, 3.38923120499, 2.59446597099, 0.907356083393, 0.562753617764, 0.429530978203, 0.396378948996, 4.33680868994e-19
0.597018837929, 0.773423194885, 1.22843539715, 3.38972496986, 2.59383273125, 0.907128453255, 0.562578737736, 0.429398626089, 0.397966863607, 0.0
0.597136497498, 0.773576200008, 1.22866272926, 3.39008951187, 2.59378504753, 0.906990230083, 0.562458634377, 0.429295063019, 0.399566865143, 0.0
0.597234249115, 0.773674249649, 1.22883081436, 3.39040660858, 2.59342479706, 0.906799316406, 0.562363803387, 0.429189503193, 0.401179083849, 0.0
0.597348153591, 0.773817121983, 1.22903299332, 3.39118909836, 2.59273290634, 0.906576514244, 0.562214493752, 0.429077595472, 0.402803651714, 0.0
0.597464740276, 0.773961544037, 1.22928464413, 3.39172196388, 2.59222197533, 0.906390845776, 0.56205958128, 0.428959429264, 0.402803651714, 0.0
0.597552001476, 0.774109840393, 1.22947227955, 3.39193487167, 2.59187436104, 0.906192839146, 0.561888098717, 0.428818702698, 0.404112287226, 2.5890747879e-16
0.597692608833, 0.774299681187, 1.22977209091, 3.39336299896, 2.59064984322, 0.905875325203, 0.561745584011, 0.428712338209, 0.405759421854, -2.5890747879e-16
0.597798883915, 0.774456501007, 1.23001933098, 3.39382863045, 2.59063482285, 0.905720055103, 0.561611950397, 0.428614765406, 0.407419284706, 0.0
0.597914814949, 0.774537444115, 1.23006057739, 3.39342021942, 2.5903801918, 0.905560910702, 0.561473429203, 0.428503364325, 0.408797611467, -0.000291044776119
0.598038554192, 0.774679243565, 1.23027837276, 3.39383220673, 2.59005737305, 0.905357956886, 0.561321854591, 0.428375780582, 0.410482192173, 0.0
0.598142623901, 0.774796664715, 1.23050165176, 3.39464378357, 2.5893433094, 0.905122756958, 0.561203062534, 0.428290396929, 0.412179915892, 0.0
0.598253309727, 0.774991214275, 1.23076438904, 3.39562892914, 2.5884988308, 0.951265394688, 0.561059296131, 0.428153544664, 0.413890927135, 0.0
0.598378956318, 0.775130689144, 1.23102283478, 3.39625954628, 2.5877840519, 0.951056957245, 0.560932934284, 0.428052216768, 0.415615372376, 0.0
0.598473310471, 0.775282502174, 1.23135054111, 3.39779615402, 2.58651232719, 0.95077329874, 0.560750305653, 0.427946776152, 0.417353400074, 0.0
0.598563671112, 0.775454103947, 1.23160672188, 3.39863944054, 2.58593702316, 0.950549721718, 0.560627937317, 0.427836567163, 0.418753702657, 0.0
0.598673522472, 0.775572538376, 1.2317789793, 3.39897441864, 2.58543562889, 0.950348198414, 0.560455799103, 0.42770922184, 0.420516559367, 0.0
0.598800957203, 0.775749146938, 1.23202860355, 3.39990544319, 2.58478856087, 0.950115084648, 0.560310125351, 0.427624076605, 0.42229342507, 0.0
0.598911702633, 0.775873124599, 1.23219358921, 3.40054345131, 2.58418154716, 0.949864506721, 0.560140550137, 0.427489429712, 0.424084456064, 5.42101086243e-18
0.599020779133, 0.776040613651, 1.23245584965, 3.40098643303, 2.58376979828, 0.949711084366, 0.560017049313, 0.427397221327, 0.425889810789, 5.42101086243e-18
0.599135637283, 0.776183724403, 1.23266351223, 3.40149188042, 2.58324432373, 0.94947719574, 0.559882164001, 0.427294224501, 0.427709649854, 5.42101086243e-18
0.599226415157, 0.776261568069, 1.23283100128, 3.40175318718, 2.58310580254, 0.949354290962, 0.559806108475, 0.427194982767, 0.429544136073, 0.0
0.599342644215, 0.776372075081, 1.23293292522, 3.40148687363, 2.58303427696, 0.949196875095, 0.559683203697, 0.427071124315, 0.431393434496, 0.0
0.599458694458, 0.776526212692, 1.23316168785, 3.40217614174, 2.58261156082, 0.948987722397, 0.559532403946, 0.426980167627, 0.433545012729, 0.000291044776119
0.599530398846, 0.776632189751, 1.23324525356, 3.40168595314, 2.58266639709, 0.948917090893, 0.559417188168, 0.42685842514, 0.435048254425, 5.17056016058e-16
0.59965223074, 0.77677154541, 1.23340296745, 3.40209102631, 2.58206486702, 0.948703587055, 0.55927914381, 0.426750004292, 0.43694108122, -7.5894152074e-19
0.599760711193, 0.776921212673, 1.2336679697, 3.40297198296, 2.58148622513, 0.948480129242, 0.559156596661, 0.426660954952, 0.438849375627, -4.33680868994e-19
0.599849224091, 0.777018249035, 1.23378562927, 3.40339946747, 2.58105587959, 0.9482640028, 0.558999419212, 0.426552146673, 0.440773313949, -4.33680868994e-19
0.599972367287, 0.777176439762, 1.23410224915, 3.40488672256, 2.57985067368, 0.947951316833, 0.558863818645, 0.426439493895, 0.442713074927, -4.33680868994e-19
0.60009354353, 0.777342259884, 1.23442304134, 3.40566062927, 2.57912707329, 0.947751104832, 0.558715522289, 0.426326662302, 0.444668839779, -4.33680868994e-19
0.600206017494, 0.777485072613, 1.2345263958, 3.40554189682, 2.57895970345, 0.947558641434, 0.558592379093, 0.426224559546, 0.444668839779, 0.0
0.600299954414, 0.777624070644, 1.23482656479, 3.4068236351, 2.5778400898, 0.94729334116, 0.589894115925, 0.426130533218, 0.446640792234, 0.0
0.60037869215, 0.777758538723, 1.23501932621, 3.4073574543, 2.57746815681, 0.947162091732, 0.589776217937, 0.426020383835, 0.448230134368, -2.5890747879e-16
0.600489318371, 0.777904570103, 1.23523068428, 3.40837740898, 2.57663226128, 0.946906089783, 0.589601576328, 0.425920248032, 0.450231695677, 0.0
0.60060018301, 0.778055250645, 1.23546969891, 3.40899419785, 2.57619929314, 0.946721792221, 0.589483678341, 0.425798088312, 0.451954874584, -0.000291044776119
0.600711345673, 0.778199136257, 1.23568308353, 3.4096391201, 2.57547044754, 0.946496903896, 0.589340925217, 0.425718337297, 0.453988808906, 0.0
0.600819766521, 0.778346896172, 1.23591899872, 3.41026926041, 2.57497262955, 0.946240782738, 0.589184641838, 0.425593882799, 0.456039840744, 0.0
0.60094499588, 0.778513014317, 1.23617303371, 3.41089439392, 2.5742931366, 0.94602638483, 0.58902913332, 0.425469845533, 0.458108169117, -2.5890747879e-16
0.60106498003, 0.778647482395, 1.23644518852, 3.41186308861, 2.57357192039, 0.945768654346, 0.588898360729, 0.425351291895, 0.460193995824, 0.0
0.601177811623, 0.778804063797, 1.2367027998, 3.41268920898, 2.57280945778, 0.945540785789, 0.588746488094, 0.425243884325, 0.462297525484, 5.17814957579e-16
0.601264894009, 0.778937160969, 1.23688411713, 3.41294288635, 2.57224965096, 0.945348083973, 0.588588774204, 0.425111025572, 0.463993234667, -5.17814957579e-16
0.601422250271, 0.779106080532, 1.23708808422, 3.41359782219, 2.57168102264, 0.945075631142, 0.588434576988, 0.424995154142, 0.466558526485, 5.17814957579e-16
0.601513445377, 0.779268622398, 1.23734247684, 3.41466832161, 2.57092618942, 0.944889724255, 0.588298618793, 0.424894690514, 0.468283365457, -5.17814957579e-16
0.601613759995, 0.779396057129, 1.23754990101, 3.41462397575, 2.57093691826, 0.944734334946, 0.58816576004, 0.424799650908, 0.470456083432, 0.0
0.601728141308, 0.779510140419, 1.23767662048, 3.41484045982, 2.57065606117, 0.94455075264, 0.588040471077, 0.424697250128, 0.472647527105, 0.0
0.601829886436, 0.779617190361, 1.23788785934, 3.41545534134, 2.56981611252, 0.94434762001, 0.587907850742, 0.424590587616, 0.474857918284, 0.0
0.601941943169, 0.779769003391, 1.23812389374, 3.41655182838, 2.56916928291, 0.944078862667, 0.587771177292, 0.424467235804, 0.477087481888, 0.0
0.602072298527, 0.779943585396, 1.23837447166, 3.41699504852, 2.56857037544, 0.943890869617, 0.587633490562, 0.424373328686, 0.479622972388, 0.00029104477612
0.602176308632, 0.780073940754, 1.23860681057, 3.41768026352, 2.5679910183, 0.943688035011, 0.587482571602, 0.449261635542, 0.481892797465, -4.33680868994e-19
0.60227137804, 0.780194818974, 1.23872721195, 3.41790604591, 2.56800174713, 0.943514943123, 0.587400257587, 0.449161320925, 0.483722955348, -5.1738127671e-16
0.602344155312, 0.780247807503, 1.23879885674, 3.41759967804, 2.567943573, 0.94342392683, 0.587291240692, 0.449068278074, 0.485565954048, 0.0
0.602442085743, 0.780395030975, 1.2389857769, 3.41782832146, 2.56753873825, 0.943269252777, 0.587139904499, 0.448948204517, 0.487421916528, 4.33680868994e-19
0.602562308311, 0.780517458916, 1.23919093609, 3.41837763786, 2.56714653969, 0.943071901798, 0.587016046047, 0.448858261108, 0.489760289508, 0.0
0.602679073811, 0.780663669109, 1.23932981491, 3.41823029518, 2.56713199615, 0.942916750908, 0.586877405643, 0.448702961206, 0.492119358707, 0.0
0.602807760239, 0.780843794346, 1.23964047432, 3.41928863525, 2.56618785858, 0.942640602589, 0.586711764336, 0.448593854904, 0.494499373504, 0.0
0.602936685085, 0.780934631824, 1.23972082138, 3.41884469986, 2.56641101837, 0.942498981953, 0.586600542068, 0.448479264975, 0.497383395743, 4.33680868994e-19
0.603058815002, 0.781074821949, 1.23984730244, 3.41866898537, 2.56638717651, 0.942337393761, 0.586470663548, 0.448362052441, 0.497383395743, 0.0
0.603176355362, 0.781211316586, 1.24009311199, 3.41939520836, 2.56576395035, 0.942092478275, 0.586320400238, 0.448255062103, 0.499810385968, 0.0
0.603255808353, 0.781376957893, 1.24034631252, 3.42040205002, 2.5647995472, 0.941887915134, 0.586180448532, 0.448134213686, 0.501767638, 0.0
0.603375971317, 0.781476378441, 1.24039030075, 3.41967010498, 2.5652589798, 0.941827058792, 0.586068093777, 0.448048949242, 0.504233999638, 0.0
0.603476464748, 0.781605482101, 1.24057281017, 3.42029595375, 5.0, 0.941580832005, 0.585920095444, 0.447914540768, 0.506722607201, 2.5890747879e-16
0.603595972061, 0.781744062901, 1.2407771349, 3.42069673538, 5.0, 0.941428124905, 0.585796356201, 0.447832047939, 0.509233731782, 0.0
0.603695034981, 0.781845271587, 1.2409658432, 3.42131543159, 5.0, 0.941208064556, 0.58567237854, 0.447742164135, 0.511767648272, 0.0
0.603797197342, 0.781982004642, 1.2411711216, 3.42175126076, 5.0, 0.941043555737, 0.585555493832, 0.447634875774, 0.514324635399, -2.5890747879e-16
0.603910267353, 0.782104969025, 1.24133634567, 3.42222380638, 5.0, 0.940807461739, 0.585422635078, 0.447516173124, 0.516904975786, 0.0
0.604012489319, 0.782277584076, 1.24170732498, 3.4237279892, 5.0, 0.940522134304, 0.585259258747, 0.447410792112, 0.519508955996, 0.0
0.604099452496, 0.782433688641, 1.24193048477, 3.42437696457, 5.0, 0.940337836742, 0.585115551949, 0.447302103043, 0.521609355956, 0.0
0.604207575321, 0.782602846622, 1.242208004, 3.42543292046, 5.0, 0.940072357655, 0.584951996803, 0.447174817324, 0.524256622764, 0.0
0.604334771633, 0.782762229443, 1.24245989323, 3.4262509346, 5.0, 0.939836621284, 0.584798157215, 0.447069615126, 0.526928353175, 0.0
0.604439735413, 0.782910108566, 1.24266397953, 3.42702269554, 5.0, 0.93961840868, 0.584653615952, 0.446951717138, 0.529910475058, 0.000291044776119
0.604557812214, 0.783055365086, 1.24288070202, 3.42733502388, 5.0, 0.939438223839, 0.584524571896, 0.446873277426, 0.532633343181, 4.06575814682e-19
0.604652583599, 0.783171594143, 1.24304151535, 3.42803859711, 5.0, 0.939219236374, 0.584395170212, 0.446775496006, 0.535381601075, 4.06575814682e-19
0.604755878448, 0.783279001713, 1.24324941635, 3.4285595417, 5.0, 0.939003527164, 0.584275364876, 0.446659862995, 0.538155563427, 4.06575814682e-19
0.604860961437, 0.783438682556, 1.24353802204, 3.42961335182, 5.0, 0.938727378845, 0.584118306637, 0.446560442448, 0.540955549257, 4.06575814682e-19
0.604949176311, 0.78361338377, 1.24378979206, 3.4304318428, 5.0, 0.938522994518, 0.583977341652, 0.446437835693, 0.543214492003, 4.06575814682e-19
0.605071246624, 0.783731460571, 1.24396932125, 3.43069076538, 5.0, 0.938387513161, 0.583849787712, 0.446326255798, 0.546062138041, 4.06575814682e-19
0.605183005333, 0.783884227276, 1.24417924881, 3.43117380142, 5.0, 0.938050210476, 0.583669245243, 0.446205615997, 0.548936724279, 4.06575814682e-19
0.605303108692, 0.784037709236, 1.24440479279, 3.43218398094, 5.0, 0.937904536724, 0.583540976048, 0.446119725704, 0.551838586649, 4.06575814682e-19
0.605408728123, 0.784171104431, 1.24460208416, 3.43268275261, 5.0, 0.937710344791, 0.583400845528, 0.446002304554, 0.554471135152, -0.000291044776119
0.605528414249, 0.784314453602, 1.24479627609, 3.43300271034, 5.0, 0.937509894371, 0.583270311356, 0.445898771286, 0.557427133057, 0.0
0.605630278587, 0.784422159195, 1.24500274658, 3.43365359306, 5.0, 0.937332332134, 0.58314704895, 0.445805579424, 0.56041143372, 0.0
0.605724573135, 0.784548282623, 1.24520456791, 3.43409276009, 5.0, 0.937137901783, 0.583043277264, 0.445698231459, 0.563424391651, 0.0
0.605830609798, 0.784685850143, 1.24543046951, 3.43473410606, 5.0, 0.936926007271, 0.582893133163, 0.445580929518, 0.563424391651, 0.0
0.605927824974, 0.784817218781, 1.24560391903, 3.43501591682, 3.99867749214, 0.936706185341, 0.582747757435, 0.445472061634, 0.5658556325, 0.0
0.606068015099, 0.784977018833, 1.24582397938, 3.4355597496, 3.97407770157, 0.936554849148, 0.582618057728, 0.445359200239, 0.569537721216, 0.0
0.606149554253, 0.785120666027, 1.24600028992, 3.43586540222, 3.94950675964, 0.936344027519, 0.582469046116, 0.445243149996, 0.572016207091, 0.0
0.606265127659, 0.78527122736, 1.24625527859, 3.43696784973, 3.92496180534, 0.936098277569, 0.582318603992, 0.445127397776, 0.57514138028, 0.0
0.606380522251, 0.785412967205, 1.24645912647, 3.43734645844, 3.90526366234, 0.935899674892, 0.582168161869, 0.445016801357, 0.578296979442, 0.0
0.606491327286, 0.785560488701, 1.24668347836, 3.43807148933, 3.88070297241, 0.935684323311, 0.582039952278, 0.444933265448, 0.581483387307, 0.0
0.606604397297, 0.785670995712, 1.24689078331, 3.43887233734, 3.85613512993, 0.935459136963, 0.581881403923, 0.444809794426, 0.584700991614, 0.0
0.606727421284, 0.785842597485, 1.24718129635, 3.43957519531, 3.83156514168, 0.935184776783, 0.581716179848, 0.444686979055, 0.587950185146, 0.0
0.606841623783, 0.785993993282, 1.24740111828, 3.44012308121, 3.80703544617, 0.934991002083, 0.581609845161, 0.444580465555, 0.591231365771, 0.0
0.606928288937, 0.786120474339, 1.24754917622, 3.44014024734, 3.78243494034, 0.934833824635, 0.581485748291, 0.444458812475, 0.593879611608, 0.0
0.607059121132, 0.786244153976, 1.24776148796, 3.44072580338, 3.75787425041, 0.934641361237, 0.581351816654, 0.444364577532, 0.597891305376, 0.0
0.607144117355, 0.786364793777, 1.2478427887, 3.4408249855, 3.73333764076, 0.934536874294, 0.581229627132, 0.444251775742, 0.600592292782, 0.0
0.607256531715, 0.786496043205, 1.24802732468, 3.4411008358, 3.70878815651, 0.934305489063, 0.581080496311, 0.444129556417, 0.604282940557, 0.000291044776119
0.607378840446, 0.786674439907, 1.2483022213, 3.44201159477, 3.6891310215, 0.934047877789, 0.58092045784, 0.444039195776, 0.607724739075, 5.3668007538e-18
0.607495725155, 0.786837399006, 1.24859201908, 3.44328260422, 3.66461992264, 0.933753371239, 0.580739974976, 0.443913280964, 0.611200940735, 5.3668007538e-18
0.607619047165, 0.786991000175, 1.24891602993, 3.4443924427, 3.64009094238, 0.933487653732, 0.580609440804, 0.443797707558, 0.614711978666, 5.1700180595e-16
0.607739806175, 0.787154078484, 1.24915373325, 3.44494652748, 3.6155436039, 0.933235287666, 0.580452561378, 0.443672895432, 0.618258291287, -8.13151629364e-19
0.607853233814, 0.78731316328, 1.24940788746, 3.44597244263, 3.59099936485, 0.933037281036, 0.580320715904, 0.443574368954, 0.621840322323, -8.13151629364e-19
0.607952833176, 0.787441730499, 1.24960553646, 3.44627904892, 3.56643486023, 0.932854771614, 0.5801897645, 0.443467706442, 0.62516020433, -0.00029104477612
0.608039617538, 0.787572026253, 1.24980056286, 3.44667458534, 3.541888237, 0.932613313198, 0.580034554005, 0.443346709013, 0.628079875182, 0.0
0.608160555363, 0.787730455399, 1.25004422665, 3.44741654396, 3.51734185219, 0.932438790798, 0.57988524437, 0.443248301744, 0.631762774505, 0.0
0.608278274536, 0.787868499756, 1.25019824505, 3.44787859917, 3.49277949333, 0.932261765003, 0.579741597176, 0.44311439991, 0.635483119178, 0.0
0.608393311501, 0.788012742996, 1.25040078163, 3.44809794426, 3.46821665764, 0.932058215141, 0.579618752003, 0.443027466536, 0.639241378627, 0.0
0.608503997326, 0.788143873215, 1.2505851984, 3.44393420219, 3.44364738464, 0.93186467886, 0.579480469227, 0.442915290594, 0.64303802761, 0.0
0.608617663383, 0.788271784782, 1.25074696541, 3.42431974411, 3.4239859581, 0.931691706181, 0.57934242487, 0.442796766758, 0.646873546204, 0.0
0.608741998672, 0.788402915001, 1.25097155571, 3.39979314804, 3.39943790436, 0.931441485882, 0.579208076, 0.442674100399, 0.646873546204, 0.0
0.608857274055, 0.78856253624, 1.25126409531, 3.37524843216, 3.3748729229, 0.931159794331, 0.579041600227, 0.44256067276, 0.650748419794, 0.0
0.608946442604, 0.788726747036, 1.25153529644, 3.3506731987, 3.35032916069, 0.930941283703, 0.578903496265, 0.442452698946, 0.653876983816, 0.0
0.609054327011, 0.788863301277, 1.25168681145, 3.32614994049, 3.325725317, 0.93076390028, 0.578736364841, 0.44232955575, 0.657823936416, 0.0
0.609177410603, 0.789038956165, 1.25198972225, 3.30158472061, 3.30120873451, 0.930472135544, 0.578577160835, 0.44223383069, 0.661811631109, 0.0
0.609289288521, 0.789196670055, 1.25223684311, 3.2770485878, 3.27666211128, 0.930297970772, 0.578445732594, 0.44211730361, 0.665840573198, 0.0
0.609407007694, 0.789317131042, 1.25237965584, 3.25248980522, 3.25692629814, 0.930102527142, 0.578308939934, 0.441984951496, 0.669911273136, 0.0
0.609521627426, 0.789502680302, 1.2527064085, 3.22794413567, 3.22746992111, 0.92979991436, 0.578142523766, 0.441895604134, 0.674024246474, 0.0
0.60963767767, 0.789629936218, 1.25288116932, 3.20341086388, 3.20783019066, 0.929578721523, 0.577981889248, 0.441774904728, 0.678180013807, 0.0
0.609758257866, 0.789791762829, 1.25324630737, 3.18372941017, 3.18324398994, 0.92931240797, 0.577858448029, 0.441652834415, 0.682379100706, 0.0
0.609876513481, 0.789948701859, 1.25348639488, 3.15919041634, 3.15865087509, 0.929059624672, 0.577693045139, 0.441529542208, 0.686904552429, 0.00029104477612
0.609996020794, 0.79008513689, 1.25365912914, 3.13462924957, 3.13409352303, 0.928903162479, 0.577567577362, 0.441419303417, 0.691193302153, 0.0
0.610086679459, 0.790242493153, 1.2538973093, 3.11006379128, 3.10949778557, 0.928696811199, 0.577416837215, 0.441300153732, 0.694656624877, 0.0
0.610206246376, 0.790392994881, 1.25411915779, 3.08554935455, 3.08492803574, 0.928477942944, 0.577253580093, 0.44118103385, 0.698726809543, -0.000291044776119
0.61032474041, 0.79053157568, 1.25435888767, 3.06096053123, 3.0603158474, 0.928257107735, 0.577115476131, 0.441090464592, 0.703141120068, -8.67361737988e-19
0.610436677933, 0.790676653385, 1.25448834896, 3.03642749786, 3.03581905365, 0.928060114384, 0.57696813345, 0.440972149372, 0.707601889808, -8.67361737988e-19
0.61055546999, 0.790839195251, 1.25474298, 3.01195907593, 3.01616597176, 0.92784756422, 0.576821625233, 0.440857380629, 0.712109675742, -5.17814957579e-16
0.610659956932, 0.790941238403, 1.254966259, 2.9923157692, 2.99158549309, 0.927627503872, 0.576666176319, 0.440731734037, 0.716665039006, 4.33680868994e-19
0.610800147057, 0.791114509106, 1.25516283512, 2.96774458885, 2.96702384949, 0.927399456501, 0.576550066471, 0.440608859062, 0.721268544746, 4.33680868994e-19
0.610920190811, 0.79125803709, 1.25538349152, 2.94320893288, 2.94241142273, 0.927180171013, 0.576394438744, 0.440487712622, 0.725920761952, 4.33680868994e-19
0.611017763615, 0.791406095028, 1.2556245327, 2.91867160797, 2.91781282425, 0.92693978548, 0.57623898983, 0.440362274647, 0.729677992681, 4.33680868994e-19
0.611143887043, 0.791566133499, 1.25580096245, 2.89416861534, 2.89325356483, 0.926763057709, 0.576092779636, 0.440268814564, 0.734419335975, 4.33680868994e-19
0.611256361008, 0.791738152504, 1.25608968735, 2.86959457397, 2.86869215965, 0.926511108875, 0.575925886631, 0.440152108669, 0.739211002822, 4.33680868994e-19
0.611375331879, 0.791867911816, 1.25628173351, 2.84506940842, 2.84410715103, 0.926275670528, 0.575782120228, 0.440039247274, 0.744053575108, 4.33680868994e-19
0.611491382122, 0.792046010494, 1.25658047199, 2.82051205635, 2.82450437546, 0.926013112068, 0.575614273548, 0.439913958311, 0.748947637601, 4.33680868994e-19
0.611618220806, 0.792182266712, 1.25685596466, 2.80086016655, 2.79989314079, 3.15544557571, 0.575483977795, 0.439778923988, 0.748947637601, 0.0
0.611747682095, 0.792359411716, 1.25712108612, 2.77142333984, 2.77535843849, 3.12788796425, 0.575327515602, 0.439657539129, 0.753893777702, 2.5890747879e-16
0.611847281456, 0.792505383492, 1.257350564, 2.75178933144, 2.75077819824, 3.10039162636, 0.575161278248, 0.439547359943, 0.757888581915, -2.5890747879e-16
0.61195743084, 0.792676866055, 1.25760412216, 2.72721123695, 2.72624444962, 3.07838225365, 0.575014352798, 0.439427822828, 0.762929949359, 0.0
0.612076938152, 0.792805314064, 1.25775849819, 2.70269179344, 2.70164275169, 3.05079507828, 0.574872136116, 0.439303845167, 0.768025050866, 0.0
0.612200737, 0.792951345444, 1.25793731213, 2.67816591263, 2.67706012726, 3.02318239212, 0.574730336666, 0.439189702272, 0.77317448133, 0.0
0.612314879894, 0.793097734451, 1.25814604759, 2.65360021591, 2.65737318993, 2.99559998512, 0.574583172798, 0.439071267843, 0.778378836873, 0.0
0.612433731556, 0.793245375156, 1.25835669041, 2.62908148766, 2.62788057327, 2.96802163124, 0.574445664883, 0.438981562853, 0.783638714498, 0.0
0.612549483776, 0.793349683285, 1.25854206085, 2.6094212532, 2.60328912735, 2.9404361248, 0.574330866337, 0.438858777285, 0.788954711723, 0.0
0.612665593624, 0.793499588966, 1.25878894329, 2.58001041412, 2.58367562294, 2.91289424896, 0.574128985405, 0.438731580973, 0.794327426198, 0.0
0.612793087959, 0.793664336205, 1.25901651382, 2.56034302711, 2.55906152725, 2.88533973694, 0.573989033699, 0.438616037369, 0.800037582415, 0.000291044776119
0.612913966179, 0.793803155422, 1.25919270515, 2.53582501411, 2.53447198868, 2.85780191422, 0.573882043362, 0.438497275114, 0.805526949356, 0.0
0.613030970097, 0.793961822987, 1.25943815708, 2.51129436493, 2.50991225243, 2.83024120331, 0.573734223843, 0.438384383917, 0.811074820335, 0.0
0.613119840622, 0.794083654881, 1.25959193707, 2.48673152924, 2.48536896706, 2.80820250511, 0.573602259159, 0.438278377056, 0.815253345678, -0.000291044776119
0.61322581768, 0.794232606888, 1.25988590717, 2.46220088005, 2.46074986458, 2.77513694763, 0.57344263792, 0.438161164522, 0.820906357512, 5.42101086243e-18
0.61334335804, 0.794413506985, 1.26012146473, 2.4376347065, 2.43617606163, 2.75309824944, 0.573292791843, 0.438050419092, 0.826619530283, 5.42101086243e-18
0.613453745842, 0.794582247734, 1.26040351391, 2.41311717033, 2.41169309616, 2.72567677498, 0.573120117188, 0.437949001789, 0.83239345054, 5.42101086243e-18
0.613582074642, 0.794729948044, 1.26063024998, 2.38851737976, 2.39198589325, 2.69813942909, 0.572953343391, 0.437821179628, 0.838228701167, 0.0
0.613704025745, 0.794911205769, 1.26092326641, 2.36889982224, 2.36741542816, 2.67061495781, 0.572804868221, 0.437705308199, 0.844125860791, 0.0
0.613824009895, 0.795021057129, 1.26110827923, 2.3394818306, 2.34287238121, 2.64301848412, 0.572692394257, 0.43758097291, 0.850085503155, 0.0
0.613944232464, 0.795165479183, 1.26131057739, 2.31985569, 2.31829166412, 2.61542630196, 3.50276827812, 0.437465816736, 0.85610819647, 0.0
0.614054143429, 0.795287370682, 1.26150262356, 2.29537558556, 2.29375267029, 2.58790421486, 3.46652412415, 0.43734523654, 0.862194502734, 0.0
0.614158451557, 0.795477390289, 1.26182377338, 2.27079534531, 2.26924180984, 2.56596875191, 3.43033862114, 0.43724629283, 0.867109722335, 4.33680868994e-19
0.614257454872, 0.795615792274, 1.26198589802, 2.24627685547, 2.24460935593, 2.53834223747, 3.39387726784, 0.437150627375, 0.873311925594, 4.33680868994e-19
0.614375352859, 0.795741558075, 1.26212656498, 2.22172045708, 2.22008442879, 2.51081991196, 3.35747075081, 0.437034994364, 0.879579276226, 0.0
0.614493191242, 0.7958984375, 1.26237821579, 2.19717526436, 2.20037651062, 2.48322844505, 3.32108330727, 0.436916589737, 0.885912305931, 0.0
0.614616692066, 0.796037495136, 1.26255786419, 2.17268133163, 2.17583632469, 2.45568156242, 3.28470897675, 0.436784267426, 0.885912305931, 0.0
0.614735901356, 0.796165764332, 1.26284468174, 2.14811682701, 2.15127158165, 2.42811250687, 3.25574660301, 0.436660468578, 0.892311536535, 0.0
0.614878237247, 0.796372652054, 1.26314914227, 2.12846541405, 2.12672352791, 2.40057301521, 3.21214318275, 0.436539411545, 0.898777479144, 2.5890747879e-16
0.614989280701, 0.796507239342, 1.26332342625, 2.09902191162, 2.10209202766, 2.37298488617, 3.18296980858, 0.436423003674, 0.905310633259, 0.0
0.615100264549, 0.796624362469, 1.2635102272, 2.07938766479, 2.07752680779, 2.3509824276, 3.14678359032, 0.436295926571, 0.911911485869, 0.0
0.615207254887, 0.796819746494, 1.26383411884, 2.05486178398, 2.05292654037, 2.32341217995, 3.11044478416, 0.436185002327, 0.917241229566, 0.0
0.615318357944, 0.79694634676, 1.26394891739, 2.03030586243, 2.02831721306, 2.29579544067, 3.07392263412, 0.436065554619, 0.923965123116, 0.0
0.615437567234, 0.79710996151, 1.26419961452, 2.0057592392, 2.00383520126, 2.26836466789, 3.03773498535, 0.435945510864, 0.930758004034, -2.5890747879e-16
0.615557312965, 0.797278404236, 1.26450586319, 1.98117125034, 1.98414266109, 2.24091053009, 3.00171113014, 0.435856103897, 0.943438714253, 0.000291044776119
0.615663945675, 0.797735512257, 1.26566386223, 1.96047198772, 1.96616220474, 2.24140882492, 3.08454418182, 0.43365085125, 0.944831010173, 5.17814957579e-16
0.618216276169, 0.843963503838, 1.40863311291, 1.9493188858, 1.9918295145, 2.34755063057, 3.39787840843, 0.430701911449, 0.902099038423, -0.0442388059701
0.625329315662, 0.900618731976, 1.65508115292, 1.94415938854, 2.03245091438, 2.47723960876, 3.70848751068, 0.43025046587, 0.814785605587, -0.0873134328358
0.634400427341, 0.979089796543, 1.91389262676, 1.93409097195, 2.04448604584, 2.5077111721, 3.8393599987, 0.42641839385, 0.774914519323, -0.0410373134328
0.640988528728, 0.991985976696, 1.9272698164, 1.91016280651, 2.01884531975, 2.48234272003, 3.79026699066, 0.421627700329, 0.769457802792, -0.0110597014925
0.645698964596, 0.998713076115, 1.93881952763, 1.88627970219, 1.99352061749, 2.45141935349, 3.74364256859, 0.416937381029, 0.775525426747, 0.0
0.650361359119, 1.00546073914, 1.94818806648, 1.86240112782, 1.96823894978, 2.42063951492, 3.69717550278, 0.413245946169, 0.781669091498, 0.0
0.654962182045, 1.01227414608, 1.93301510811, 1.83843076229, 1.94297397137, 2.38998007774, 3.65129470825, 0.408619165421, 0.787889762907, 0.0
0.659583091736, 1.01920855045, 1.90797162056, 1.81449556351, 1.91778492928, 2.35948801041, 3.60563516617, 0.408386647701, 0.794188407233, 0.0
0.664192855358, 1.02607488632, 1.88298666477, 1.79055738449, 1.89757478237, 2.32894659042, 3.56011652946, 0.470971345901, 0.800565990612, 0.0
0.66880440712, 1.03163504601, 1.85801517963, 1.76667237282, 1.87244200706, 2.29852509499, 3.51466965675, 0.57599312067, 0.807023477729, 0.0
0.673447132111, 1.03858911991, 1.83307170868, 1.74760174751, 1.84730279446, 2.26799845695, 3.47802042961, 0.681385159492, 0.813561830936, 0.0
0.678059756756, 1.04547846317, 1.80803012848, 1.72363197803, 1.82204985619, 2.23952174187, 3.43525290489, 0.748651325703, 0.821793997093, 0.00029104477612
0.683415591717, 1.06801760197, 1.78985881805, 1.71238088608, 1.84519708157, 2.31778645515, 3.78856754303, 0.558401048183, 0.809141181739, -0.0154253731343
0.695957124233, 1.18133413792, 1.75579082966, 1.71839249134, 1.9080426693, 2.48982930183, 5.0, 0.434438705444, 0.723018819349, -0.0861492537313
0.717067360878, 1.31875503063, 1.72606813908, 1.71854770184, 1.93384993076, 2.58497571945, 5.0, 0.469732820988, 0.684066573996, -0.0401641791045
0.729223668575, 1.34506654739, 1.7021831274, 1.69558358192, 1.91306233406, 2.55055451393, 5.0, 0.519494771957, 0.678994582347, -0.0104776119403
0.73773753643, 1.35899436474, 1.67922508717, 1.67242217064, 1.88151574135, 2.51527380943, 5.0, 0.581607878208, 0.684824964778, 0.0
0.746190488338, 1.3732842207, 1.65620350838, 1.64929926395, 1.86080241203, 2.48111510277, 5.0, 0.643270611763, 0.690739800507, 0.0
0.75469738245, 1.38523972034, 1.63303267956, 1.63077569008, 1.83496618271, 2.44725680351, 5.0, 0.705035924911, 0.766187293308, 0.0724701492537
0.763251423836, 1.40031754971, 1.60984706879, 1.60763025284, 1.80909717083, 2.41334605217, 5.0, 0.766542673111, 0.772738686166, 0.0
0.771765768528, 1.41527450085, 1.58670735359, 1.58452546597, 1.78327870369, 2.37949895859, 5.0, 0.828346014023, 0.779379319925, 0.0
0.778570234776, 1.43016314507, 1.56353151798, 1.56136727333, 1.75741112232, 2.3523440361, 5.0, 0.890093505383, 0.78475691233, -2.77555756156e-16
0.787064313889, 1.44512379169, 1.54036903381, 1.53824591637, 1.7316275835, 2.31856989861, 5.0, 0.951663315296, 0.79156130064, 0.0
0.795586228371, 1.46019434929, 1.52187144756, 1.51516699791, 1.70585501194, 2.28484869003, 5.0, 1.00096404552, 0.722236989562, -0.0727611940299
0.8041036129, 1.47523033619, 1.49866473675, 1.49202740192, 1.68001651764, 2.25097465515, 5.0, 1.0624307394, 0.728670478583, 0.0
0.812645971775, 1.49030089378, 1.47552490234, 1.46894454956, 1.65943145752, 2.21726489067, 3.99998736382, 1.12402391434, 0.735198070408, 0.0
0.821149766445, 1.50223183632, 1.45238184929, 1.45043003559, 1.63363552094, 2.1834731102, 3.95245194435, 1.18582820892, 0.741821276272, 0.0
0.829666078091, 1.51726329327, 1.42920160294, 1.42269444466, 1.60781550407, 2.14962935448, 3.8929810524, 1.2473911047, 0.748541618447, 0.0
0.838171958923, 1.53225851059, 1.40604126453, 1.40419411659, 1.58206665516, 2.11583375931, 3.83370661736, 1.30903625488, 0.759500036952, 4.99600361081e-16
0.845008075237, 1.54687345028, 1.38662040234, 1.38673424721, 1.57808172703, 2.13484048843, 5.0, 1.18751394749, 0.760887914004, -2.77555756156e-16
0.863115012646, 1.53173291683, 1.37532937527, 1.40387761593, 1.6525888443, 2.34040117264, 3.9445681572, 1.00051212311, 0.67477295904, -0.0876044776119
0.898117005825, 1.47677338123, 1.36471068859, 1.42285311222, 1.71137988567, 2.52601885796, 3.90087866783, 0.976676821709, 0.647033774498, -0.0282313432836
0.923560500145, 1.44665014744, 1.34810972214, 1.40377986431, 1.69158983231, 2.4917883873, 3.88944959641, 1.01150929928, 0.626472378251, -0.0256119402985
0.936016380787, 1.42407023907, 1.32660830021, 1.38130378723, 1.66463935375, 2.45229387283, 3.87817239761, 1.05526721478, 0.632482908242, 0.0
0.948415458202, 1.40584039688, 1.30507624149, 1.3633813858, 1.6380405426, 2.41396999359, 3.86674118042, 1.09848546982, 0.638872383517, 0.000291044776119
0.960927546024, 1.37836003304, 1.28353881836, 1.33656275272, 1.61159014702, 2.37581396103, 3.85756063461, 1.14173102379, 0.645087639642, 0.0
0.973426401615, 1.35999166965, 1.26195085049, 1.31863033772, 1.58504474163, 2.33783817291, 3.84607243538, 1.18478012085, 0.65140729093, 0.0
0.985966622829, 1.33704078197, 1.24041712284, 1.29631817341, 1.55876135826, 2.3002383709, 3.83454656601, 1.22773063183, 0.657833472164, 0.0
0.996000230312, 1.31410229206, 1.21891307831, 1.27401745319, 1.53236436844, 2.26232194901, 3.82308840752, 1.27076148987, 0.663052577192, 0.0
1.008482337, 1.29118525982, 1.19738101959, 1.25170207024, 1.50597214699, 2.23210477829, 3.81158804893, 1.31388533115, 0.669676010854, 0.0
1.02102291584, 1.26825642586, 1.17579722404, 1.22932195663, 1.47954237461, 2.19416809082, 3.80012369156, 1.35688877106, 0.676412149287, 0.0
1.03350579739, 1.24536764622, 1.15860080719, 1.2069696188, 1.45312225819, 2.15627288818, 3.78862047195, 1.3914077282, 0.68326326669, 0.0
1.04606306553, 1.22242641449, 1.13704550266, 1.18462491035, 1.42667114735, 2.11827540398, 3.77714896202, 1.43445360661, 0.690231672375, 0.0
1.05857121944, 1.19947457314, 1.11548542976, 1.16228795052, 1.40556621552, 2.08047771454, 3.76561880112, 1.47754943371, 0.697319709819, 0.0
1.07110083103, 1.1765692234, 1.0939810276, 1.13992679119, 1.37913823128, 2.04256820679, 3.75644350052, 1.52058601379, 0.704529755559, 0.0
1.08362841606, 1.15817344189, 1.07237446308, 1.11761534214, 1.35274541378, 2.00797605515, 3.74570631981, 1.5410503149, 0.780942253245, 0.0727611940299
1.10044157505, 1.13760054111, 1.06389868259, 1.12263035774, 1.39398288727, 2.19655442238, 3.71202349663, 1.37249362469, 0.770689647811, -0.0151343283582
1.1530405283, 1.10940587521, 1.06405949593, 1.15628290176, 1.4920463562, 2.51593971252, 3.68560791016, 1.24467277527, 0.698849176016, -0.0718880597015
1.20377457142, 1.08201766014, 1.05282616615, 1.16522502899, 1.51173973083, 2.5589017868, 3.67063498497, 1.26727163792, 0.652163403972, -0.0491865671642
1.22464430332, 1.06204307079, 1.03704380989, 1.14326155186, 1.48307192326, 2.50937461853, 3.65649104118, 1.2939517498, 0.654547601026, -0.00436567164179
1.24094438553, 1.04215919971, 1.01735842228, 1.12162959576, 1.46100914478, 2.46382379532, 3.64229011536, 1.3263143301, 0.661591825151, 0.0
1.25778794289, 1.02206802368, 0.997611939907, 1.10006523132, 1.43364989758, 2.41918635368, 3.63092780113, 1.35843300819, 0.668765848319, 0.0
1.2747733593, 1.00593471527, 0.977840960026, 1.08285844326, 1.40646028519, 2.37488818169, 3.61673927307, 1.39061772823, 0.676072532246, 0.0
1.29174566269, 0.985762178898, 0.958027482033, 1.05702495575, 1.37928104401, 2.33093070984, 3.60249972343, 1.42251563072, 0.683514788778, 0.0
1.30881917477, 0.965536594391, 0.938250422478, 1.03979957104, 1.3520822525, 2.28685665131, 3.58831763268, 1.45455908775, 0.614526486213, -0.0727611940299
1.32241439819, 0.945348083973, 0.918462753296, 1.01825964451, 1.32481741905, 2.24242401123, 3.5740814209, 1.48676943779, 0.620358211158, 0.00029104477612
1.33942937851, 0.925162315369, 0.898688197136, 0.996743857861, 1.29770052433, 2.20724487305, 3.55984926224, 1.51873111725, 0.627427797561, 0.0
1.35644674301, 0.904984533787, 0.878893256187, 0.975208044052, 1.27039706707, 2.16285705566, 3.5456340313, 1.54451394081, 0.634637961014, 0.0
1.37344610691, 0.884752869606, 0.863028347492, 0.953695714474, 1.24871551991, 2.12474513054, 3.53374218941, 1.53976333141, 0.643480599927, -3.33066907388e-16
1.39945149422, 0.870644688606, 0.857038319111, 0.971121609211, 1.30263912678, 2.41560053825, 3.5339820385, 1.42599570751, 0.631155226003, -0.0154253731343
1.29597330093, 0.861673653126, 0.867735862732, 1.00793027878, 1.42985475063, 2.95722222328, 3.53184723854, 1.30815386772, 0.544729989084, -0.0864402985075
1.19660270214, 0.849854707718, 0.876818180084, 1.05058288574, 1.53395152092, 3.35239696503, 3.52616047859, 1.28967809677, 0.48824370408, -0.0576268656716
1.16015541553, 0.836463630199, 0.860853672028, 1.03427505493, 1.50526714325, 3.28591632843, 3.50859475136, 1.31338906288, 0.48205324845, -0.0116417910448
1.14254665375, 0.819647371769, 0.843384623528, 1.01362347603, 1.4756320715, 3.22091269493, 3.49105787277, 1.33689618111, 0.486780427884, -3.33066907388e-16
1.12020432949, 0.802670359612, 0.825873613358, 0.993138730526, 1.44693136215, 3.16087126732, 3.47361922264, 1.35998141766, 0.49281055864, 0.0
1.09731018543, 0.785632133484, 0.808329105377, 0.972688853741, 1.41829788685, 3.11311411858, 3.45620155334, 1.38298773766, 0.498979226267, 2.22044604925e-16
1.07435703278, 0.768597841263, 0.794367671013, 0.952359974384, 1.3956001997, 3.05412602425, 3.43884658813, 1.40136957169, 0.505290774336, 0.0
1.05138063431, 0.751546680927, 0.776859104633, 0.931953728199, 1.36137366295, 2.99473166466, 3.42147827148, 1.4244235754, 0.51174970441, 0.0
1.02846503258, 0.737908303738, 0.759354770184, 0.915670692921, 1.33861088753, 2.93586921692, 3.40410351753, 1.4473464489, 0.518360681529, 0.0
1.00543498993, 0.717449963093, 0.741860210896, 0.891298532486, 1.31028699875, 2.87701821327, 3.38673567772, 1.47031056881, 0.530607794299, -5.39326865959e-05
0.98248142004, 0.701605021954, 0.725712954998, 0.876747071743, 1.29764282703, 2.98877477646, 3.38224768639, 1.43981039524, 0.532058159349, 5.39326865958e-05
0.939680337906, 0.699551045895, 0.738041818142, 0.917018830776, 1.44554722309, 3.40203213692, 3.40990233421, 1.3447958231, 0.43196593663, -0.101628559552
0.884262084961, 0.70015335083, 0.761241614819, 0.98398154974, 1.65723085403, 3.37773942947, 3.44821548462, 1.28954231739, 0.417465548289, -0.0144983061194
0.847995400429, 0.691682815552, 0.75988394022, 0.999290883541, 1.68442606926, 3.35629463196, 3.43323397636, 1.30560433865, 0.381293113664, -0.039
0.830778598785, 0.677542209625, 0.747451305389, 0.979484498501, 1.65188252926, 3.33633255959, 3.41235637665, 1.32280743122, 0.456364293919, 0.0724701492537
0.81433647871, 0.663494408131, 0.732114553452, 0.960067927837, 1.62052798271, 3.31653261185, 3.39182877541, 1.33634114265, 0.462629296481, 0.0
0.797730863094, 0.649460196495, 0.716909825802, 0.940995693207, 1.59611690044, 3.2966709137, 3.37142658234, 1.35315835476, 0.469055754823, 0.0
0.781034350395, 0.638208687305, 0.701678216457, 0.921942651272, 1.55964720249, 3.27680492401, 3.35111641884, 1.36989367008, 0.47564943983, 0.0
0.764250576496, 0.624128937721, 0.686501085758, 0.906724691391, 1.53532409668, 3.25691962242, 3.33077740669, 1.38664734364, 0.482693700921, 0.00029104477612
0.74753421545, 0.610088407993, 0.671280264854, 0.883863389492, 1.50498616695, 3.23700666428, 3.31450223923, 1.40338218212, 0.489643627447, 0.0
0.734136819839, 0.596019804478, 0.65608304739, 0.868629515171, 1.4746901989, 3.2170984745, 3.29416942596, 1.42010462284, 0.495337250809, 3.33066907388e-16
0.714023351669, 0.581956505775, 0.640891373158, 0.849626541138, 1.44885420799, 3.20036745071, 3.28232264519, 1.41399860382, 0.504108657723, -2.22044604925e-16
0.694064974785, 0.578034102917, 0.653642714024, 0.888647377491, 1.64767622948, 3.196144104, 3.34237718582, 1.34569466114, 0.475999278015, -0.0311417910448
0.66984462738, 0.584960341454, 0.686543405056, 0.978470444679, 2.02136540413, 3.19533610344, 2.83102059364, 1.28751480579, 0.418067496646, -0.0579179104478
0.645213127136, 0.596361935139, 0.718026995659, 1.09044837952, 2.59286880493, 3.20539164543, 2.43168187141, 1.24945187569, 0.301652288804, -0.116417910448
0.625920891762, 0.610475718975, 0.763125479221, 1.21482038498, 3.21720910072, 3.21372866631, 2.27325129509, 1.23405110836, 0.273424326999, -0.0285223880597
0.613147497177, 0.60687738657, 0.761391937733, 1.2056324482, 3.19885468483, 3.19023060799, 2.29296016693, 1.24333965778, 0.254294989208, -0.0227014925373
0.604656457901, 0.597941040993, 0.750313222408, 1.18842244148, 3.16955661774, 3.16692447662, 2.30748963356, 1.2523111105, 0.258298511418, 0.0
0.596079826355, 0.589133322239, 0.739514291286, 1.17526328564, 3.12546277046, 3.14379549026, 2.32431578636, 1.26122498512, 0.262427158936, 0.0
0.589012622833, 0.580283224583, 0.728841125965, 1.15943014622, 3.0859041214, 3.12535381317, 2.34048509598, 1.2701331377, 0.265824060522, 4.4408920985e-16
0.580150961876, 0.571429014206, 0.718188762665, 1.14370524883, 3.0474281311, 3.10234665871, 2.35635709763, 1.27900600433, 0.273789960164, -4.4408920985e-16
0.571251749992, 0.562567591667, 0.709683835506, 1.13069856167, 3.08701729774, 3.08629608154, 2.31345295906, 1.26894044876, 0.274703882252, 4.4408920985e-16
0.563781559467, 0.571871817112, 0.737827062607, 1.25634109974, 3.06347775459, 3.12240695953, 2.06249952316, 1.23691260815, 0.246637475785, -0.0299776119403
0.554510891438, 0.595593750477, 0.802180707455, 1.48356938362, 3.05670118332, 3.18394184113, 1.86422789097, 1.21766448021, 0.130221006807, -0.116417910448
0.549231886864, 0.624678969383, 0.881629645824, 1.77893257141, 3.04600071907, 3.14660072327, 1.76953780651, 1.21004617214, 0.100676370736, -0.0296865671642
0.545287072659, 0.627592802048, 0.894836187363, 1.7960921526, 3.02173614502, 3.15194678307, 1.77560079098, 1.2128483057, 0.0756117153565, -0.0264850746269
0.541905343533, 0.623446285725, 0.888949930668, 1.78405499458, 3.00239920616, 3.16317248344, 1.78121984005, 1.21645081043, 0.00350905412897, -0.0727611940299
0.53834861517, 0.620113253593, 0.883241832256, 1.77296388149, 2.97832417488, 3.15954208374, 1.78562450409, 1.220058918, 0.00357127660631, -2.22044604925e-16
0.534766972065, 0.615971446037, 0.877640485764, 1.76450359821, 2.95424556732, 3.13396787643, 1.79086899757, 1.22366583347, 0.00363574555087, -2.22044604925e-16
0.531160354614, 0.611856937408, 0.87324821949, 1.7577586174, 2.93489217758, 3.09108495712, 1.76748585701, 1.21974670887, -0.0108563492619, -0.014552238806
0.530476093292, 0.630989015102, 0.94756090641, 2.09456253052, 2.93891358376, 2.64914774895, 1.63780677319, 1.21026718616, -0.0254718061763, -0.014552238806
0.53252696991, 0.672780275345, 1.07261359692, 2.80981969833, 2.96122932434, 2.31519126892, 1.52982163429, 1.20649719238, -0.0982325031783, -0.0727611940299
0.536975502968, 0.713274478912, 1.1658346653, 2.93536543846, 2.95575857162, 2.25651168823, 1.50957369804, 1.20516240597, -0.164016097056, -0.0651940298507
0.538096010685, 0.714917957783, 1.16900086403, 2.91095876694, 2.93042874336, 2.25788235664, 1.50961184502, 1.20454227924, -0.171647926295, -0.00465671641791
0.538887321949, 0.715246796608, 1.16844749451, 2.88662576675, 2.90548253059, 2.25808286667, 1.50901329517, 1.20370554924, -0.100516138817, 0.0727611940299
0.539598941803, 0.716095030308, 1.16959822178, 2.86217880249, 2.8857228756, 2.25724196434, 1.50827908516, 1.20315206051, -0.102467701102, 0.0
0.540306925774, 0.716956496239, 1.1708509922, 2.84263038635, 2.86106228828, 2.25613427162, 1.50745618343, 1.20245957375, -0.104496263159, 0.0
0.540985882282, 0.717653751373, 1.17215490341, 2.81819605827, 2.83639502525, 2.25490736961, 1.50678300858, 1.20177745819, -0.106606456057, 0.0
0.541672945023, 0.718532502651, 1.17344880104, 2.79368305206, 2.81172275543, 2.25369596481, 1.5059388876, 1.20108699799, -0.108803288319, 0.0
0.542363107204, 0.719457149506, 1.17489790916, 2.76922059059, 2.78709936142, 2.2523624897, 1.5050547123, 1.20039927959, -0.111092185003, 0.0
0.542908072472, 0.720328330994, 1.17621731758, 2.74477672577, 2.76243066788, 2.25144124031, 1.50421226025, 1.19970822334, -0.112993527162, -2.22044604925e-16
0.54359960556, 0.721215605736, 1.17728686333, 2.72032976151, 2.73780369759, 2.24997091293, 1.50337231159, 1.19901716709, -0.115463312645, 2.22044604925e-16
0.544291436672, 0.722120583057, 1.17865741253, 2.69583916664, 2.7131550312, 2.24886250496, 1.50248420238, 1.1984654665, -0.118042965717, 0.0
0.544978380203, 0.723003804684, 1.18002951145, 2.67136335373, 2.6934196949, 2.24764513969, 1.50164759159, 1.19779348373, -0.120739947993, 2.22044604925e-16
0.545654952526, 0.723710000515, 1.18141484261, 2.64688158035, 2.66876268387, 2.24635624886, 1.5007827282, 1.19709599018, -0.123562407837, 2.22044604925e-16
0.546342492104, 0.724600732327, 1.18272805214, 2.6224322319, 2.64408302307, 2.245429039, 1.50019419193, 1.19642019272, -0.126519262321, 2.22044604925e-16
0.547021567822, 0.725433588028, 1.18391132355, 2.60289692879, 2.61944174767, 2.24418592453, 1.499340415, 1.19573903084, -0.129620288488, 0.0
0.54770386219, 0.726317346096, 1.18523991108, 2.5784368515, 2.59477925301, 2.24297904968, 1.4985011816, 1.19505262375, -0.132876230487, 0.0
0.548409044743, 0.727231442928, 1.18664097786, 2.55396008492, 2.57016396523, 2.24170279503, 1.49762964249, 1.19434988499, -0.136298919725, 0.0
0.548960745335, 0.728098630905, 1.18795144558, 2.52955031395, 2.54553627968, 2.2407553196, 1.49679172039, 1.19365692139, -0.139165859753, 0.0
0.549653053284, 0.729008674622, 1.18932390213, 2.50503444672, 2.52085113525, 2.23946690559, 1.49588429928, 1.19296419621, -0.142922531883, 0.0
0.550343573093, 0.72992002964, 1.19047176838, 2.48058891296, 2.49623775482, 2.2381093502, 1.49501764774, 1.19241404533, -0.147169040762, -0.00029104477612
0.551027774811, 0.730811655521, 1.19183659554, 2.45613956451, 2.47161126137, 2.2368812561, 1.49416577816, 1.19172215462, -0.151364812319, 0.0
0.551726520061, 0.731744587421, 1.19328153133, 2.43166160583, 2.45187234879, 2.23558330536, 1.49328792095, 1.19102907181, -0.155804851801, 0.0
0.552413344383, 0.732437074184, 1.19459438324, 2.41209053993, 2.42721199989, 2.23434042931, 1.49260592461, 1.19033157825, -0.160510938368, 0.0
0.553111255169, 0.733327805996, 1.19588971138, 2.38271856308, 2.40252065659, 2.23331856728, 1.49182653427, 1.18966269493, -0.165507494312, 0.0
0.553791821003, 0.734165132046, 1.19711768627, 2.36316370964, 2.37788295746, 2.23214173317, 1.4910005331, 1.18897259235, -0.240883507367, -0.0727611940299
0.554472982883, 0.735051095486, 1.19847559929, 2.33870720863, 2.35323572159, 2.2308807373, 1.49013900757, 1.18828523159, -0.248699246521, 0.0
0.555024385452, 0.735960781574, 1.19987261295, 2.31422400475, 2.32856822014, 2.22986745834, 1.49011266232, 1.18833708763, -0.258759146024, 2.22044604925e-16
0.555168688297, 0.725308120251, 1.16664636135, 2.31258821487, 2.30754375458, 2.39722752571, 1.5658056736, 1.19147050381, -0.230541585829, 0.031723880597
0.550760149956, 0.679577231407, 1.03234696388, 2.33167052269, 2.28761124611, 2.50458359718, 1.62783885002, 1.19477462769, -0.187761451764, 0.0433656716418
0.548791468143, 0.670530855656, 1.00872147083, 2.30972743034, 2.26298546791, 2.47786259651, 1.62902462482, 1.19662547112, -0.118284902863, 0.0727611940299
0.546858429909, 0.668707609177, 1.00684547424, 2.28958749771, 2.23875689507, 2.45188069344, 1.63083553314, 1.19835162163, -0.122588471195, 0.0
0.545143544674, 0.667163968086, 1.00429952145, 2.26472425461, 2.21447825432, 2.42549228668, 1.63250696659, 1.20000934601, -0.127496707606, -0.00029104477612
0.543476939201, 0.665196955204, 1.00157415867, 2.23992943764, 2.19017577171, 2.40435147285, 1.63464343548, 1.20167696476, -0.132494912922, 0.0
0.542141973972, 0.663205265999, 0.99874162674, 2.21511316299, 2.16577863693, 2.37774658203, 1.63692200184, 1.20335388184, -0.136782952241, 2.22044604925e-16
0.540466070175, 0.661173820496, 0.995899438858, 2.19028139114, 2.14146137238, 2.34596586227, 1.63914394379, 1.20501577854, -0.1425470108, 0.0
0.538804292679, 0.659179329872, 0.993118226528, 2.16556954384, 2.11714625359, 2.32472610474, 1.64138054848, 1.20669293404, -0.148814491664, 0.0
0.537127315998, 0.657184481621, 0.990863442421, 2.14074206352, 2.09283328056, 2.29822301865, 1.64357471466, 1.20835089684, -0.155653794472, 0.0
0.535468935966, 0.655172586441, 0.988024115562, 2.11596679688, 2.06854057312, 2.27172136307, 1.64584600925, 1.2096902132, 0, 0.0
0.533797025681, 0.653555691242, 0.985176682472, 2.0912258625, 2.04415225983, 2.24512600899, 1.64807832241, 1.211358428, 0, 0.0
0.532137215137, 0.651140511036, 0.982334554195, 2.06642436981, 2.02470541, 2.218562603, 1.65033864975, 1.21302485466, 0, 0.0
0.530451655388, 0.649525105953, 0.979491651058, 2.04656910896, 2.00038266182, 2.19203996658, 1.6521345377, 1.21469533443, 0, 0.0
0.528797268867, 0.647525966167, 0.976647257805, 2.0218231678, 1.97605156898, 2.16550946236, 1.65444421768, 1.21637761593, 0, 0.0
0.527114033699, 0.645479857922, 0.973786115646, 1.99710404873, 1.95172941685, 2.14429020882, 1.65670597553, 1.2180454731, 0, 0.000291044776119
0.525782048702, 0.643471896648, 0.970939159393, 1.97230100632, 1.92738234997, 2.11773872375, 1.65895795822, 1.21972346306, 0, 0.0
0.524103701115, 0.641459405422, 0.968083024025, 1.94747400284, 1.90304160118, 2.09119415283, 1.66120421886, 1.22105896473, 0, 0.0
0.522439181805, 0.639439463615, 0.965816855431, 1.92269611359, 1.87875592709, 2.06471824646, 1.66342866421, 1.22304356098, 0, 0.0
0.52078551054, 0.637440800667, 0.962983548641, 1.89794790745, 1.85439252853, 2.03813552856, 1.66566550732, 1.22438597679, 0, 0.0
0.519110798836, 0.635427355766, 0.960150957108, 1.8731495142, 1.83492553234, 2.01166415215, 1.6678994894, 1.22606039047, 0, 0.0
0.516725957394, 0.632414221764, 0.957019627094, 1.85011732578, 1.81350290775, 1.99096035957, 1.67006421089, 1.23068940639, 0, -0.000291044776119
0.512351572514, 0.628829777241, 0.951933264732, 1.83028244972, 1.79361069202, 1.96796524525, 1.67276394367, 1.23015940189, 0, 0.000291044776119
0.513861358166, 0.629667401314, 0.952347457409, 1.81298935413, 1.77129375935, 1.94237482548, 1.6730260849, 1.230514884, 0, -0.0727611940299
0.512960195541, 0.628568232059, 0.950150132179, 1.78850877285, 1.74708473682, 1.91584432125, 1.67522931099, 1.23216772079, 0, 0.0
0.511306881905, 0.626591682434, 0.947377860546, 1.76371872425, 1.72275722027, 1.88928830624, 1.67741680145, 1.23382139206, 0, 0.0
0.509982287884, 0.624609827995, 0.944609165192, 1.73892724514, 1.69843804836, 1.86813592911, 1.67960500717, 1.235465765, 0, 2.22044604925e-16
0.508338451385, 0.622627079487, 0.941819727421, 1.71414458752, 1.67410123348, 1.84160494804, 1.68180096149, 1.23712515831, 0, -2.22044604925e-16
0.506677985191, 0.620647490025, 0.93959748745, 1.68936228752, 1.64978325367, 1.81509065628, 1.68401920795, 1.2384468317, 0, 0.0727611940299
0.505028247833, 0.618648171425, 0.936766684055, 1.6645938158, 1.6254529953, 1.78854906559, 1.68627631664, 1.24010002613, 0, 0.0
0.50337600708, 0.616656243801, 0.9339594841, 1.63982176781, 1.60600101948, 1.76204526424, 1.68845844269, 1.24175345898, 0, 0.0
0.501714646816, 0.615060150623, 0.931171417236, 1.61461079121, 1.58179163933, 1.73774802685, 1.68120479584, 1.2430690527, 0, 0.0
0.499999046326, 0.615988910198, 0.937291920185, 1.58341574669, 1.55368077755, 1.70968866348, 1.68232274055, 1.24463391304, 0, -0.00407462686567
0.498485684395, 0.614273905754, 0.93493193388, 1.56366240978, 1.52938950062, 1.68306112289, 1.68435180187, 1.24613332748, 0, 0.0
0.496988236904, 0.612455487251, 0.932366907597, 1.53891825676, 1.50504910946, 1.65646874905, 1.68631768227, 1.24762797356, 0, 0.0
0.495489269495, 0.610654890537, 0.929830610752, 1.51416194439, 1.48070704937, 1.62986707687, 1.68830323219, 1.24912524223, 0, -2.22044604925e-16
0.494293630123, 0.608855068684, 0.927315950394, 1.48939657211, 1.45637178421, 1.60860157013, 1.69024884701, 1.25061607361, 0, 6.66133814775e-16
0.492802381516, 0.607057631016, 0.92529207468, 1.46957266331, 1.4368802309, 1.58196508884, 1.69221067429, 1.25211787224, 0, 0.0
0.491299241781, 0.605263411999, 0.922781169415, 1.43981337547, 1.40758490562, 1.55530714989, 1.69418048859, 1.25331580639, 0, 0.0
0.489794105291, 0.60344851017, 0.920222878456, 1.41999197006, 1.38809096813, 1.5340154171, 1.69574856758, 1.25451636314, 0, -0.00029104477612
0.488598704338, 0.602366387844, 0.918199837208, 1.40016806126, 1.36860740185, 1.51272344589, 1.69693744183, 1.25571513176, 0, 0.0
0.487400472164, 0.600568413734, 0.91618090868, 1.37538528442, 1.34915494919, 1.48617768288, 1.69929599762, 1.25750863552, 0, 0.0
0.485604822636, 0.59877383709, 0.913151323795, 1.35062897205, 1.31992781162, 1.45425343513, 1.70125889778, 1.2590149641, 0, 0.0
0.484397798777, 0.596959412098, 0.910601139069, 1.3258343935, 1.29554486275, 1.42760133743, 1.70320367813, 1.26047933102, 0, 0.0
0.482931017876, 0.595454514027, 0.909203112125, 1.30059027672, 1.27043497562, 1.40563094616, 1.70177018642, 1.25947713852, 0, 0.0
0.483781754971, 0.597749590874, 0.914367973804, 1.27086877823, 1.24205112457, 1.37557399273, 1.70233166218, 1.26262080669, 0, 0.0
0.480742663145, 0.591120839119, 0.90280598402, 1.24468529224, 1.21581411362, 1.34553897381, 1.71002233028, 1.26512932777, 0, 0.0
0.477992475033, 0.58912307024, 0.899395167828, 1.22006142139, 1.19147050381, 1.313585639, 1.71206140518, 1.26694571972, 0, 0.0
0.476472735405, 0.587293207645, 0.896762728691, 1.19532585144, 1.16714048386, 1.28697550297, 1.68098890781, 1.26845955849, 0, 0.0
0.474963575602, 0.58544665575, 0.894653439522, 1.17059659958, 1.14280354977, 1.26569759846, 1.64716970921, 1.26966059208, 0, -0.0724701492537
0.473465919495, 0.583646714687, 0.892109811306, 1.14585542679, 1.11848044395, 1.2391204834, 1.61341309547, 1.27115213871, 0, -2.22044604925e-16
0.471965789795, 0.581827640533, 0.889550626278, 1.12110328674, 1.09901082516, 1.21252787113, 1.579600811, 1.27266561985, 0, -2.22044604925e-16
0.470458805561, 0.580369830132, 0.886951804161, 1.09635865688, 1.06980884075, 1.18591547012, 1.55249869823, 1.27416884899, 0, -2.22044604925e-16
