0.596056699753, 0.769945383072, 1.21948349476, 3.33098530769, 2.63986802101, 0.914358139038, 0.565561830997, 0.430450707674, 0.366458543859, -0.000528156865643
0.596068441868, 0.770025551319, 1.21972370148, 3.33269143105, 2.63810825348, 0.914155483246, 0.565488159657, 0.430496394634, 0.367551645421, 0.0
0.596023023129, 0.770168185234, 1.22028791904, 3.33987951279, 2.63314580917, 0.913386464119, 0.565152406693, 0.43049877882, 0.368926805815, 0.0
0.596021354198, 0.770679593086, 1.22198581696, 3.35055136681, 2.62495303154, 0.912536144257, 0.565100193024, 0.430638223886, 0.370311818617, 0.0
0.59583979845, 0.770632505417, 1.22220861912, 3.35355830193, 2.62251543999, 0.912476062775, 0.565109670162, 0.430767178535, 0.371706784719, 0.0
0.595691800117, 0.770814418793, 1.22351789474, 3.3689866066, 2.61118149757, 0.910902678967, 0.564818918705, 0.430951446295, 0.373111806313, 0.0
0.595536231995, 0.771274805069, 1.22500514984, 3.37785029411, 2.6036863327, 0.910305738449, 0.564687132835, 0.431010454893, 0.374526986911, 0.0
0.595502495766, 0.771469891071, 1.22554802895, 3.38209891319, 2.60109972954, 0.909967541695, 0.564539849758, 0.430939972401, 0.375666516286, 2.5890747879e-16
0.595571935177, 0.771647334099, 1.22590875626, 3.38387656212, 2.5998005867, 0.909683763981, 0.564380228519, 0.430824756622, 0.377100248228, 0.0
0.59568721056, 0.77180492878, 1.22618985176, 3.3849439621, 2.59915781021, 0.909495055676, 0.564220666885, 0.430722683668, 0.378544436198, 0.0
0.59578871727, 0.771920204163, 1.22627282143, 3.38514304161, 2.59885191917, 0.909325361252, 0.564096331596, 0.430632472038, 0.379999188904, 0.0
0.595906794071, 0.772063851357, 1.22650647163, 3.38562083244, 2.59839463234, 0.909134030342, 0.563986122608, 0.430541545153, 0.381464616475, 0.0
0.595993578434, 0.772185385227, 1.22669947147, 3.386074543, 2.59793829918, 0.908955931664, 0.56384241581, 0.430415272713, 0.382940830475, 0.0
0.596113979816, 0.772298872471, 1.22679460049, 3.38597536087, 2.59772372246, 0.908773541451, 0.563716590405, 0.430309385061, 0.384421973614, -5.1738127671e-16
0.596228063107, 0.772413253784, 1.22698140144, 3.38605332375, 2.5976126194, 0.90862184763, 0.563621401787, 0.430208384991, 0.385920056749, 4.33680868994e-19
0.596327006817, 0.772543370724, 1.22719192505, 3.38645267487, 2.59732794762, 0.908425629139, 0.563486933708, 0.430093079805, 0.387429269395, 4.33680868994e-19
0.596418559551, 0.772677958012, 1.22737574577, 3.38716053963, 2.59685325623, 0.908257782459, 0.563365757465, 0.42999252677, 0.388644731691, 7.5894152074e-19
0.596519291401, 0.772787153721, 1.22750711441, 3.38702106476, 2.59655594826, 0.908116459846, 0.563226521015, 0.429893732071, 0.390174274685, 7.5894152074e-19
0.596617996693, 0.772947132587, 1.22773623466, 3.38816261292, 2.59556245804, 0.907840967178, 0.563057124615, 0.429764539003, 0.391715280209, 4.33680868994e-19
0.596747338772, 0.773132801056, 1.22808325291, 3.38964176178, 2.59438180923, 0.907536923885, 0.562885582447, 0.429662704468, 0.393267870197, 4.33680868994e-19
0.596870541573, 0.773282170296, 1.22834575176, 3.3901181221, 2.59404158592, 0.907295644283, 0.562723517418, 0.429534703493, 0.394832168203, 4.33680868994e-19
0.59697842598, 0.773450016975, 1.22857236862, 3.3909330368, 2.59329748154, 0.9070956707, 0.562602639198, 0.429438412189, 0.396408299416, 4.33680868994e-19
0.597107112408, 0.773557543755, 1.22871494293, 3.39109873772, 2.59307003021, 0.906912088394, 0.562489569187, 0.4293230474, 0.397996390698, 4.33680868994e-19
0.597207069397, 0.773733973503, 1.22897994518, 3.39173722267, 2.59238648415, 0.906682372093, 0.562304317951, 0.4292062819, 0.399596570597, 4.33680868994e-19
0.597332000732, 0.77385777235, 1.22923827171, 3.39257478714, 2.59160685539, 0.906452536583, 0.562190234661, 0.429089665413, 0.40120896938, 4.33680868994e-19
0.597440361977, 0.773991644382, 1.22939908504, 3.39279174805, 2.59146308899, 0.906273126602, 0.562060892582, 0.428981989622, 0.402833719058, 0.0
0.597548961639, 0.774116516113, 1.229560256, 3.39316225052, 2.59086704254, 0.906048119068, 0.561915278435, 0.42887583375, 0.402833719058, 0.0
0.597635030746, 0.774264574051, 1.2298463583, 3.39410257339, 2.59018349648, 0.905841290951, 0.561779558659, 0.428752601147, 0.404142501282, 0.0
0.597757577896, 0.774429857731, 1.23014950752, 3.39520692825, 2.58925151825, 0.905596911907, 0.561615884304, 0.428642243147, 0.405789820898, 0.0
0.597868740559, 0.774606287479, 1.23034107685, 3.39599084854, 2.58853435516, 0.905354917049, 0.561443507671, 0.428539454937, 0.407449870533, 0.0
0.597999334335, 0.774773359299, 1.23062050343, 3.39683318138, 2.58786725998, 0.905095398426, 0.561260163784, 0.428399503231, 0.409122789065, 0.0
0.598120450974, 0.774925529957, 1.23082339764, 3.39712834358, 2.58753538132, 0.904882013798, 0.561126470566, 0.428288668394, 0.410808717244, 0.0
0.598248302937, 0.775076687336, 1.23107135296, 3.3979241848, 2.58652687073, 0.904626727104, 0.560956001282, 0.428167074919, 0.412507797722, 0.0
0.598368644714, 0.775227725506, 1.23135793209, 3.39893245697, 2.58595561981, 0.950803458691, 0.560854613781, 0.428055673838, 0.414220175082, -2.5890747879e-16
0.598476469517, 0.775370121002, 1.23159837723, 3.39964675903, 2.58527493477, 0.950613558292, 0.56072807312, 0.427968353033, 0.415945995867, 0.0
0.598550677299, 0.775466501713, 1.23175358772, 3.40002298355, 2.58480405807, 0.950384616852, 0.560581147671, 0.427844852209, 0.417685408609, 0.0
0.59868645668, 0.775651156902, 1.23198413849, 3.40130972862, 2.58373951912, 0.950126826763, 0.560379445553, 0.427715331316, 0.41943856386, 0.0
0.598794221878, 0.775857627392, 1.23234152794, 3.40235686302, 2.58254742622, 0.949812710285, 0.56021130085, 0.427605748177, 0.420851085147, 0.0
0.598903477192, 0.776037931442, 1.23267591, 3.40371441841, 2.58185195923, 0.94956111908, 0.560071289539, 0.427508354187, 0.422629362871, 0.0
0.599001169205, 0.776160895824, 1.23286604881, 3.40444087982, 2.58121466637, 0.949318468571, 0.559920191765, 0.427401840687, 0.424127172584, -0.000291044776119
0.599130153656, 0.776311397552, 1.23309075832, 3.40476512909, 2.58083486557, 0.949136734009, 0.559784114361, 0.427288085222, 0.426220185635, 0.000291044776119
0.599236607552, 0.776449799538, 1.23328232765, 3.40530490875, 2.58031249046, 0.948938369751, 0.55966347456, 0.427162140608, 0.428041404263, -4.98732999343e-18
0.599367260933, 0.776579260826, 1.23348987103, 3.40568256378, 2.58006095886, 0.948703348637, 0.55946546793, 0.42703807354, 0.42987727936, 4.33680868994e-19
0.599481344223, 0.776729762554, 1.23372781277, 3.40653705597, 2.57916331291, 0.948479294777, 0.559363186359, 0.4269272089, 0.431727976041, 4.33680868994e-19
0.599582016468, 0.776899397373, 1.23401427269, 3.40719914436, 2.57842111588, 0.948226392269, 0.559198439121, 0.426804363728, 0.43321931733, 5.17056016058e-16
0.599727988243, 0.777048707008, 1.23424303532, 3.40788793564, 2.57780957222, 0.948044061661, 0.55906021595, 0.426684707403, 0.435474505991, -5.1738127671e-16
0.59983843565, 0.777210533619, 1.23450756073, 3.40881347656, 2.57713603973, 0.94781434536, 0.558916687965, 0.426580458879, 0.437370680978, 4.33680868994e-19
0.599928855896, 0.777325332165, 1.2346072197, 3.40899372101, 2.57666158676, 0.947596132755, 0.558745265007, 0.426474690437, 0.438898776178, 5.17056016058e-16
0.600055277348, 0.777519881725, 1.23493528366, 3.40998411179, 2.57558584213, 0.947286248207, 0.558582246304, 0.426330208778, 0.44082298751, -7.5894152074e-19
0.600178778172, 0.77769190073, 1.2352039814, 3.41106057167, 2.57498455048, 0.9470718503, 0.558410644531, 0.426226556301, 0.442763023954, -7.5894152074e-19
0.600313305855, 0.777850329876, 1.23544037342, 3.41166710854, 2.57452940941, 0.946848571301, 0.558291256428, 0.426123976707, 0.444719066753, -7.5894152074e-19
0.600410759449, 0.777980446815, 1.23563361168, 3.41223478317, 2.57400083542, 0.946633994579, 0.558132648468, 0.426008373499, 0.444719066753, 0.0
0.600520908833, 0.778135836124, 1.23589611053, 3.41294717789, 2.57321882248, 0.946368396282, 0.589410364628, 0.425887137651, 0.446691299666, 0.0
0.600644528866, 0.778281211853, 1.23618292809, 3.41393184662, 2.57250905037, 0.94615894556, 0.589302480221, 0.425775527954, 0.448679909, 0.0
0.600748360157, 0.778406381607, 1.23636353016, 3.41423916817, 2.57220125198, 0.945972263813, 0.58917093277, 0.425663977861, 0.450685083651, 0.0
0.60087710619, 0.778590500355, 1.23660802841, 3.41498112679, 2.57140302658, 0.945711493492, 0.589006185532, 0.425541967154, 0.452707015144, 0.0
0.60098785162, 0.77873134613, 1.2369120121, 3.41616511345, 2.57022762299, 0.945382833481, 0.588817179203, 0.425422489643, 0.45474589767, 0.0
0.601085662842, 0.778924524784, 1.23724555969, 3.41748452187, 2.56939911842, 0.9451623559, 0.588680803776, 0.425309926271, 0.456389340656, 2.5890747879e-16
0.601197838783, 0.779069781303, 1.23743438721, 3.417958498, 2.5687482357, 0.944966256618, 0.588513553143, 0.425184935331, 0.458459233062, 2.5890747879e-16
0.6013225317, 0.779196679592, 1.23757052422, 3.41809940338, 2.56866550446, 0.944816470146, 0.588397324085, 0.425067156553, 0.460546634758, -5.17814957579e-16
0.601440966129, 0.779353618622, 1.23778784275, 3.41880106926, 2.5677793026, 0.944527804852, 0.588222682476, 0.424970597029, 0.46265175043, 0.0
0.60155838728, 0.779523789883, 1.23807108402, 3.41992759705, 2.56709194183, 0.94429564476, 0.588073730469, 0.424855858088, 0.464774787627, 0.0
0.601671814919, 0.779668867588, 1.23828458786, 3.42009782791, 2.56688952446, 0.944128394127, 0.587928891182, 0.424733370543, 0.4669159568, 0.0
0.601793766022, 0.779783666134, 1.23849391937, 3.42085909843, 2.5662047863, 0.943846642971, 0.587792217731, 0.424612998962, 0.469075471344, 0.0
0.601912617683, 0.779957950115, 1.23880708218, 3.4217312336, 2.56529736519, 0.943589627743, 0.587629139423, 0.424484521151, 0.470958128972, -0.000291044776119
0.602046191692, 0.780134141445, 1.23907136917, 3.42254519463, 2.56467461586, 0.943330228329, 0.587458670139, 0.424355208874, 0.473440329002, 0.000291044776119
0.602176785469, 0.780304312706, 1.2392989397, 3.42301487923, 2.56401777267, 0.943100214005, 0.587298691273, 0.42423120141, 0.475656109694, 5.42101086243e-18
0.602276027203, 0.780430853367, 1.23951661587, 3.42364192009, 2.56329679489, 0.942896187305, 0.587139844894, 0.424108624458, 0.477442567726, 5.1738127671e-16
0.602398872375, 0.780609965324, 1.23974597454, 3.42460656166, 2.56272268295, 0.94265973568, 0.586982190609, 0.424034029245, 0.479693124008, -4.33680868994e-19
0.602526426315, 0.780773818493, 1.23997545242, 3.4250497818, 2.56235909462, 0.942444503307, 0.586859226227, 0.448881447315, 0.48196332272, -4.33680868994e-19
0.602625608444, 0.780868768692, 1.2401008606, 3.42524504662, 2.56207895279, 0.942297816277, 0.5867395401, 0.448770999908, 0.483793781763, -4.33680868994e-19
0.602731347084, 0.781031548977, 1.24033415318, 3.42565059662, 2.56168746948, 0.942071199417, 0.586598813534, 0.448665678501, 0.485637083638, -5.17814957579e-16
0.602863788605, 0.781175196171, 1.2406463623, 3.42666220665, 2.56077647209, 0.941856145859, 0.586421251297, 0.448568195105, 0.487959458697, 0.0
0.602967023849, 0.781361043453, 1.24089765549, 3.42765235901, 2.55991125107, 0.941591858864, 0.586269795895, 0.448423147202, 0.489832108688, 4.33680868994e-19
0.603085875511, 0.781500279903, 1.24119055271, 3.42850089073, 2.55909013748, 0.941329240799, 0.586101293564, 0.448301762342, 0.492191565494, 4.33680868994e-19
0.603206574917, 0.781691849232, 1.24142360687, 3.42956757545, 2.55809378624, 0.941035568714, 0.585918307304, 0.448168307543, 0.494571971145, 4.33680868994e-19
0.603340506554, 0.781879723072, 1.24172854424, 3.43054509163, 2.55730891228, 0.940754711628, 0.585731983185, 0.448048144579, 0.496973578544, 4.33680868994e-19
0.603482782841, 0.782053112984, 1.24199390411, 3.4313480854, 2.55672073364, 0.940514266491, 0.585577368736, 0.447923213243, 0.496973578544, 0.0
0.603605985641, 0.78220140934, 1.24219095707, 3.43161535263, 2.55641889572, 0.940300166607, 0.585422992706, 0.447796911001, 0.499396644139, 0.0
0.60373878479, 0.782338559628, 1.24245226383, 3.43202757835, 2.55597043037, 0.940133690834, 0.585297763348, 0.447678774595, 0.501841427975, 0.0
0.603849768639, 0.782465338707, 1.2425224781, 3.43166232109, 2.55608057976, 0.939938724041, 0.585182547569, 0.447563290596, 0.50430819374, 0.0
0.603965163231, 0.78258728981, 1.2427521944, 3.43222355843, 5.0, 0.939736306667, 0.585036218166, 0.447441995144, 0.506797208813, 0.0
0.604091346264, 0.782737970352, 1.24297559261, 3.432762146, 5.0, 0.939464390278, 0.584868073463, 0.447318732738, 0.509308744319, 0.0
0.604189515114, 0.782911658287, 1.24327301979, 3.43389463425, 5.0, 0.939276516438, 0.584725439548, 0.447199136019, 0.51133437205, 0.0
0.604308784008, 0.783074200153, 1.24353158474, 3.43465161324, 5.0, 0.938982546329, 0.584556162357, 0.447079330683, 0.513887139701, -2.5890747879e-16
0.604428946972, 0.783249258995, 1.24383080006, 3.43577456474, 5.0, 0.938753068447, 0.584380209446, 0.446943968534, 0.516463207262, 0.0
0.604563891888, 0.783431053162, 1.24404549599, 3.43658185005, 5.0, 0.938483536243, 0.584215581417, 0.446848928928, 0.518766592718, -0.000291044776119
0.604685723782, 0.783594608307, 1.2442984581, 3.43727087975, 5.0, 0.938247680664, 0.584056794643, 0.446720927954, 0.521674515311, 0.00029104477612
0.604806959629, 0.783711373806, 1.24450933933, 3.43757486343, 5.0, 0.938020706177, 0.583920240402, 0.446578234434, 0.524322112009, 0.0
0.604953527451, 0.783887028694, 1.24470114708, 3.43781065941, 5.0, 0.93782556057, 0.583775401115, 0.446465849876, 0.526994174704, 0.0
0.605071187019, 0.784023463726, 1.24494040012, 3.43839526176, 5.0, 0.937609791756, 0.583627998829, 0.446345746517, 0.529691005407, -4.33680868994e-19
0.605179429054, 0.784170508385, 1.24523735046, 3.43954277039, 5.0, 0.93731790781, 0.583456933498, 0.446221977472, 0.532412910315, -4.33680868994e-19
0.60530847311, 0.784351766109, 1.24546027184, 3.44004201889, 5.0, 0.937153160572, 0.583303570747, 0.446101546288, 0.535160199858, -4.33680868994e-19
0.60543859005, 0.784512162209, 1.24569809437, 3.44068169594, 5.0, 0.936889231205, 0.583158433437, 0.445977985859, 0.537933188751, -4.33680868994e-19
0.605529367924, 0.784644424915, 1.24588954449, 3.4409968853, 5.0, 0.936729192734, 0.583025097847, 0.445853620768, 0.540170297652, -5.1738127671e-16
0.605653643608, 0.784789383411, 1.24603700638, 3.44116711617, 5.0, 0.936571657658, 0.582881093025, 0.445772111416, 0.542990352323, 4.33680868994e-19
0.605764567852, 0.784931242466, 1.24625062943, 3.44213867188, 5.0, 0.9362885952, 0.582712471485, 0.445640534163, 0.545837010764, 4.33680868994e-19
0.605888664722, 0.785091400146, 1.24648165703, 3.44233870506, 5.0, 0.936073720455, 0.582555532455, 0.445518404245, 0.548710604425, 4.33680868994e-19
0.606017172337, 0.785233139992, 1.24675810337, 3.44325423241, 5.0, 0.93580776453, 0.58242225647, 0.445398688316, 0.551611469278, 4.33680868994e-19
0.606126606464, 0.785362899303, 1.24694430828, 3.44361400604, 5.0, 0.935630619526, 0.5822879076, 0.445274740458, 0.554539945868, 4.33680868994e-19
0.606253862381, 0.785527646542, 1.24718856812, 3.44417572021, 5.0, 0.935386419296, 0.582133829594, 0.445163488388, 0.557496379358, 4.33680868994e-19
0.606374740601, 0.785705626011, 1.24750304222, 3.44549298286, 5.0, 0.935163259506, 0.581970155239, 0.445037931204, 0.560481119578, 4.33680868994e-19
0.606469213963, 0.7858517766, 1.24771845341, 3.44591426849, 5.0, 0.934987008572, 0.58184248209, 0.44491109252, 0.562889530692, 5.17056016058e-16
0.6065954566, 0.785983562469, 1.24781405926, 3.44598388672, 5.0, 0.934738874435, 0.581663429737, 0.444784492254, 0.562889530692, 0.0
0.606722593307, 0.786142528057, 1.24804115295, 3.4461286068, 3.99859213829, 0.934614598751, 0.581550478935, 0.444706380367, 0.565926119672, 0.0
0.606834828854, 0.786273241043, 1.24822199345, 3.44668960571, 3.97407603264, 0.934356451035, 0.581372499466, 0.444569796324, 0.568992020127, 0.0
0.606965184212, 0.786475718021, 1.24856853485, 3.44797515869, 3.95439124107, 0.934040725231, 0.581197500229, 0.444444954395, 0.57208760004, 0.0
0.607084989548, 0.78663533926, 1.24881958961, 3.44880461693, 3.92986035347, 0.933770239353, 0.581028401852, 0.444319486618, 0.575213232279, 0.0
0.607219278812, 0.786788642406, 1.24913334846, 3.44980978966, 3.90529155731, 0.93351238966, 0.580886542797, 0.444186687469, 0.578369294635, 0.0
0.607346177101, 0.786947786808, 1.24934744835, 3.45060777664, 3.8806989193, 0.933262586594, 0.580722868443, 0.444064855576, 0.581258720333, -0.000291044776119
0.607441186905, 0.787113904953, 1.24962854385, 3.45118403435, 3.85614776611, 0.933041095734, 0.580559253693, 0.443927556276, 0.583829479193, 0.0
0.607601463795, 0.787246584892, 1.24976432323, 3.45093774796, 3.83154320717, 0.932881236076, 0.580403268337, 0.443807959557, 0.587723487724, 0.0
0.607698500156, 0.787426412106, 1.25005054474, 3.45184159279, 3.8069767952, 0.932625234127, 0.580251574516, 0.443671941757, 0.590345036993, 0.0
0.607833921909, 0.787587940693, 1.25025510788, 3.45216321945, 3.78242659569, 0.932419776917, 0.58008646965, 0.443563342094, 0.593651072179, 0.0
0.607959628105, 0.787743031979, 1.25045382977, 3.45280909538, 3.75787711143, 0.932193875313, 0.579929351807, 0.443407833576, 0.597274153794, 0.000291044776119
0.608098626137, 0.78790128231, 1.2506762743, 3.45337581635, 3.73331665993, 0.931950509548, 0.57976180315, 0.443300247192, 0.600647399117, 0.0
0.60822302103, 0.788061916828, 1.25091516972, 3.45395565033, 3.71368503571, 0.931712806225, 0.579599678516, 0.443175703287, 0.604054193163, 4.33680868994e-19
0.608358860016, 0.78820425272, 1.2511729002, 3.45469641685, 3.68913173676, 0.931467533112, 0.579478085041, 0.44305562973, 0.607494958653, 4.33680868994e-19
0.608477413654, 0.788368701935, 1.25145328045, 3.45543456078, 3.66458010674, 0.931206285954, 0.579308569431, 0.442924916744, 0.61097012356, 4.33680868994e-19
0.608601331711, 0.788521885872, 1.25167703629, 3.45603299141, 3.64000964165, 0.930993437767, 0.579163014889, 0.442809015512, 0.614480121135, 5.1738127671e-16
0.60869705677, 0.788673460484, 1.25187158585, 3.45626688004, 3.61544203758, 0.93075543642, 0.57900083065, 0.442677855492, 0.61731349324, -4.33680868994e-19
0.608828365803, 0.78885358572, 1.25216722488, 3.45722818375, 3.59090614319, 0.930512368679, 0.578841030598, 0.442553579807, 0.62088729832, -4.33680868994e-19
0.608952224255, 0.789008677006, 1.25235915184, 3.45787715912, 3.56633877754, 0.930326581001, 0.57867616415, 0.442424178123, 0.624497177388, -4.33680868994e-19
0.609081506729, 0.789165794849, 1.25266301632, 3.4586379528, 3.54178667068, 0.930068492889, 0.578513383865, 0.442291855812, 0.628143583889, -4.33680868994e-19
0.609214007854, 0.789333760738, 1.25285232067, 3.45914459229, 3.52213191986, 0.92987126112, 0.578353464603, 0.442201167345, 0.631826976607, -4.33680868994e-19
0.609329164028, 0.789518415928, 1.25316894054, 3.46055436134, 3.49758291245, 0.929542899132, 0.578177750111, 0.442072510719, 0.635547819663, -4.33680868994e-19
0.609457194805, 0.78964984417, 1.2534122467, 3.4610311985, 3.47303366661, 0.929273724556, 0.578013062477, 0.441944807768, 0.639306582516, -4.33680868994e-19
0.609582841396, 0.78981423378, 1.25369250774, 3.44826626778, 3.44848203659, 0.929030418396, 0.577879905701, 0.441809237003, 0.643103739958, -4.33680868994e-19
0.609724521637, 0.790004432201, 1.25396335125, 3.4237306118, 3.4239115715, 0.928769290447, 0.577703177929, 0.441672474146, 0.646641017242, -0.00029104477612
0.609866023064, 0.790186226368, 1.25423967838, 3.39920258522, 3.3993370533, 0.928497433662, 0.577520132065, 0.441535115242, 0.646641017242, 0.0
0.609969854355, 0.790337860584, 1.25441718102, 3.37467885017, 3.37971425056, 0.928304255009, 0.577348589897, 0.441401362419, 0.649736904839, 0.0
0.610103666782, 0.790532231331, 1.25477576256, 3.3500585556, 3.35023379326, 0.928022623062, 0.577176213264, 0.441293656826, 0.653642564214, 0.0
0.610239982605, 0.790699839592, 1.25498366356, 3.325548172, 3.3305337429, 0.92775696516, 0.577004253864, 0.441161394119, 0.657871576031, 0.000291044776119
0.610360682011, 0.790862500668, 1.25522327423, 3.3010263443, 3.30106186867, 0.927532494068, 0.576854348183, 0.441045671701, 0.661859631312, 0.0
0.610485672951, 0.791036784649, 1.25550997257, 3.2764737606, 3.28141546249, 0.927259981632, 0.576687216759, 0.440911114216, 0.66588893736, 0.0
0.610627949238, 0.791181981564, 1.25580561161, 3.25191187859, 3.25682640076, 0.92703717947, 0.576521992683, 0.44078451395, 0.66996000464, 0.0
0.610746085644, 0.791333198547, 1.25603365898, 3.23229980469, 3.23226571083, 0.926762282848, 0.576353490353, 0.440656095743, 0.674073348713, 2.5890747879e-16
0.610879540443, 0.791506588459, 1.256285429, 3.20282459259, 3.20766615868, 0.926564514637, 0.576235175133, 0.440533727407, 0.678229490182, 0.0
0.610999822617, 0.791644334793, 1.25643873215, 3.18320870399, 3.18309378624, 0.926369845867, 0.576086401939, 0.440402120352, 0.682428954624, 0.0
0.611124396324, 0.791800320148, 1.25667440891, 3.15868353844, 3.15854763985, 0.926171660423, 0.575921952724, 0.440279901028, 0.686672272518, 0.0
0.611224591732, 0.791976988316, 1.256939888, 3.13415455818, 3.13395786285, 0.925923168659, 0.575759291649, 0.440149068832, 0.690098860879, 0.0
0.611355423927, 0.7921256423, 1.25713074207, 3.10962343216, 3.11432647705, 0.925689458847, 0.575605034828, 0.440022885799, 0.694422467119, 0.0
0.611481249332, 0.792304873466, 1.25741171837, 3.0850455761, 3.08971309662, 0.925433695316, 0.57543939352, 0.439921677113, 0.698791437493, 4.55364912444e-18
0.611608028412, 0.792468965054, 1.2576469183, 3.06057739258, 3.06521344185, 0.925192058086, 0.575274467468, 0.439794003963, 0.703206320283, 4.55364912444e-18
0.611733794212, 0.792615950108, 1.25786113739, 3.03604221344, 3.04063630104, 0.924971222878, 0.575115859509, 0.439665853977, 0.707667668192, 4.55364912444e-18
0.611871778965, 0.792782843113, 1.25811350346, 3.01150488853, 3.01607823372, 0.924711942673, 0.574951529503, 0.439535260201, 0.712176038219, -4.33680868994e-19
0.611984908581, 0.79290497303, 1.25839519501, 2.99186015129, 2.99148797989, 0.924494504929, 0.574801921844, 0.439415156841, 0.71673199152, -4.33680868994e-19
0.612112998962, 0.793062448502, 1.25855767727, 2.9624004364, 2.96688938141, 0.924281358719, 0.574685275555, 0.439295262098, 0.721336093257, -4.33680868994e-19
0.612234532833, 0.793215453625, 1.25880014896, 2.94278931618, 2.94236373901, 0.924063384533, 0.574527263641, 0.439168810844, 0.725688514156, -0.00029104477612
0.612335324287, 0.793358683586, 1.25899481773, 2.9182870388, 2.91777014732, 0.923879444599, 0.574388206005, 0.439053177834, 0.72944492351, 0.0
0.612451016903, 0.793505072594, 1.25919389725, 2.89373826981, 2.89316773415, 0.923684716225, 0.574222564697, 0.438919872046, 0.734185241627, 0.0
0.612584292889, 0.793678581715, 1.2594050169, 2.8691971302, 2.86864233017, 0.923437297344, 0.574049711227, 0.438812434673, 0.738975885351, 0.0
0.612716436386, 0.793861269951, 1.25970494747, 2.84461688995, 2.84893703461, 0.923197805882, 0.573913395405, 0.438666433096, 0.743817436955, 0.0
0.612837076187, 0.793974578381, 1.25983262062, 2.82009100914, 2.81946921349, 0.92302185297, 0.573780953884, 0.438581228256, 0.748710481604, 0.0
0.612954437733, 0.79412996769, 1.26003932953, 2.79558753967, 2.79979896545, 3.15567040443, 0.573615074158, 0.438446164131, 0.748710481604, 0.0
0.613084197044, 0.794278800488, 1.26026070118, 2.77102255821, 2.77520036697, 3.12814426422, 0.57344520092, 0.438319712877, 0.753936709269, 0.000291044776119
0.613209784031, 0.794424474239, 1.26054537296, 2.75137376785, 2.75062155724, 3.10062050819, 0.573319971561, 0.438192993402, 0.758935942382, 0.0
0.613341212273, 0.794608235359, 1.26087903976, 2.72688007355, 2.72609472275, 3.07309770584, 0.573144197464, 0.438071608543, 0.763988439193, 0.0
0.613432049751, 0.794764637947, 1.26108646393, 2.70235586166, 2.70157217979, 3.05112433434, 0.572985112667, 0.437934786081, 0.768069185402, 2.5890747879e-16
0.613569200039, 0.794934093952, 1.26130580902, 2.67781090736, 2.67699694633, 3.02353048325, 0.572817862034, 0.437808632851, 0.773219053946, -2.5890747879e-16
0.613694489002, 0.795087516308, 1.26150333881, 2.65325570107, 2.65236139297, 2.99591779709, 0.57266241312, 0.43767875433, 0.778423852013, 0.0
0.613824665546, 0.795230329037, 1.26175475121, 2.62871932983, 2.62782526016, 2.96836853027, 0.572521388531, 0.437558948994, 0.783684176602, 0.0
0.613944530487, 0.795388817787, 1.26192510128, 2.60418558121, 2.60320901871, 2.94075012207, 0.572370529175, 0.437462538481, 0.789000625222, 0.0
0.614082455635, 0.795542955399, 1.26215422153, 2.57964730263, 2.58355689049, 2.91322922707, 0.572226464748, 0.43734395504, 0.794373795512, 0.0
0.614182770252, 0.795686781406, 1.26236307621, 2.55511856079, 2.55899143219, 2.88561987877, 0.572056233883, 0.437211304903, 0.799804284825, 0.0
0.614316523075, 0.795867323875, 1.26264691353, 2.5305557251, 2.53440260887, 2.85810756683, 0.571884512901, 0.437076032162, 0.805292689806, 0.0
0.614446043968, 0.796030163765, 1.2628775835, 2.51095199585, 2.50981688499, 2.83051991463, 0.571703910828, 0.436937004328, 0.810839605933, 0.0
0.614589631557, 0.796185016632, 1.2632111311, 2.48148560524, 2.48528385162, 2.80304694176, 0.571548998356, 0.436802655458, 0.816445627047, -4.98732999343e-18
0.614719748497, 0.796363949776, 1.2634691, 2.46182060242, 2.46070408821, 2.77549529076, 0.5713763237, 0.436668992043, 0.822111344849, -4.98732999343e-18
0.614863455296, 0.796551346779, 1.26376283169, 2.43731617928, 2.43610310555, 2.74797463417, 0.571210443974, 0.436530381441, 0.827534792179, -0.000291044776119
0.614972412586, 0.796712577343, 1.26400077343, 2.41275143623, 2.41155290604, 2.72037172318, 0.571038961411, 0.4363963902, 0.832158066483, 0.0
0.615106761456, 0.796893835068, 1.26425695419, 2.388204813, 2.38701343536, 2.69835829735, 0.57088637352, 0.436270266771, 0.837992400207, 0.0
0.615232467651, 0.797052800655, 1.2644546032, 2.36367273331, 2.36731100082, 2.67075204849, 0.570729255676, 0.436174631119, 0.843888653102, 0.0
0.615355372429, 0.797219514847, 1.26471662521, 2.3391315937, 2.34274291992, 2.64321708679, 3.53290915489, 0.436046600342, 0.849847399585, 0.0
0.615488767624, 0.797380030155, 1.26495969296, 2.31947350502, 2.31817650795, 2.61557888985, 3.49645805359, 0.435906857252, 0.85586920856, 0.0
0.615618050098, 0.797496259212, 1.26515567303, 2.29007983208, 2.29361653328, 2.58814334869, 3.46745657921, 0.435784190893, 0.861954642739, 0.0
0.615742325783, 0.797655165195, 1.26537263393, 2.27045869827, 2.26901364326, 2.56050133705, 3.43094944954, 0.435663402081, 0.868104257941, 0.0
0.615856528282, 0.797791063786, 1.26561844349, 2.24588274956, 2.2444756031, 2.53300976753, 3.39472532272, 0.435545146465, 0.874318602346, 0.0
0.615957558155, 0.797976136208, 1.26590192318, 2.221367836, 2.21991991997, 2.51099991798, 3.35844397545, 0.435424596071, 0.879337045936, 4.33680868994e-19
0.616077899933, 0.79813337326, 1.26607441902, 2.19685006142, 2.19537234306, 2.48344540596, 3.32202792168, 0.435292184353, 0.885947570336, 0.00029104477612
0.616210103035, 0.79831212759, 1.26637601852, 2.17228507996, 2.17567920685, 2.45585107803, 3.28571557999, 0.435159504414, 0.885947570336, 0.0
0.61634272337, 0.798468351364, 1.26659810543, 2.14776110649, 2.14621949196, 2.42834281921, 3.24940037727, 0.435069799423, 0.892347374897, 0.0
0.616465687752, 0.798624753952, 1.26682472229, 2.12323951721, 2.12655901909, 2.40075826645, 3.21302437782, 0.43493911624, 0.898813898548, -2.5890747879e-16
0.616583824158, 0.798751473427, 1.2670570612, 2.09866786003, 2.10195803642, 2.37323379517, 3.17678189278, 0.434816598892, 0.905347640769, 0.0
0.616714477539, 0.798959195614, 1.26735365391, 2.07903862, 2.07742071152, 2.34574055672, 3.14774298668, 0.434690773487, 0.911949088526, 0.0
0.616830706596, 0.799093306065, 1.26765477657, 2.05454659462, 2.05291199684, 2.31817960739, 3.11143231392, 0.434566855431, 0.918618715318, 0.0
0.616949677467, 0.799248933792, 1.2678848505, 2.02998423576, 2.02828288078, 2.29612636566, 3.07508158684, 0.434453606606, 0.925356980216, 0.0
0.61704826355, 0.799406886101, 1.26808965206, 2.0054397583, 2.00368857384, 2.26853132248, 3.03870725632, 0.434306114912, 0.930797310237, 5.17814957579e-16
0.617195665836, 0.799597144127, 1.26834714413, 1.98089146614, 1.98404526711, 2.24100208282, 3.00229215622, 0.434179663658, 0.937660230649, 0.0
0.617321670055, 0.799773335457, 1.26862585545, 1.95636022091, 1.95947313309, 2.21340990067, 2.96586537361, 0.434067338705, 0.944592989126, 0.0
0.617463052273, 0.799900054932, 1.26876080036, 1.93180835247, 1.92998409271, 2.1858663559, 2.92951631546, 0.434006482363, 0.951595980497, 0.0
0.617570400238, 0.800051867962, 1.2689858675, 1.90725469589, 1.90537416935, 2.15826129913, 2.8930721283, 0.730184435844, 0.95866958007, 0.0
0.617698192596, 0.800208568573, 1.26921796799, 1.88762652874, 1.88576710224, 2.13069963455, 2.85678291321, 1.26265668869, 0.9658141425, 0.0
0.617826879025, 0.80041629076, 1.26954448223, 1.85820865631, 1.86117959023, 2.10319638252, 2.82032322884, 1.79714024067, 0.972724453822, -0.00029104477612
0.617971539497, 0.800531029701, 1.26978933811, 1.83857274055, 1.83657872677, 2.07561635971, 2.79134893417, 2.32856798172, 0.980010344991, 0.0
0.618103384972, 0.800710499287, 1.2700304985, 1.814047575, 1.81199264526, 2.04805231094, 2.7549932003, 2.86204266548, 0.987368144233, 0.0
0.618249356747, 0.800899326801, 1.2703357935, 1.78948676586, 1.78742587566, 2.02051281929, 2.7186768055, 3.39343357086, 0.994798112869, 0.0
0.618356764317, 0.80107820034, 1.27060210705, 1.76492214203, 1.76284587383, 1.99843490124, 2.68227791786, 3.92553210258, 1.00079420832, 0.0
0.618494153023, 0.801252841949, 1.27085137367, 1.7404102087, 1.7383043766, 1.97090923786, 2.64591383934, 5.0, 1.00835465428, 0.0
0.618622243404, 0.801435709, 1.27110910416, 1.71584904194, 1.71862077713, 1.94338452816, 2.60960960388, 5.0, 1.01598785505, 0.0
0.618771255016, 0.801620543003, 1.27138710022, 1.69133377075, 1.69409573078, 1.91582977772, 2.57341384888, 5.0, 1.02369396351, 0.0
0.618881523609, 0.801782667637, 1.27167165279, 1.66677415371, 1.66950416565, 1.88827073574, 2.53703570366, 5.0, 1.03147310085, 0.0
0.619030535221, 0.801955938339, 1.27191281319, 1.64713335037, 1.64490568638, 1.86072599888, 2.50059771538, 5.0, 1.0393253552, 0.0
0.619155824184, 0.802092730999, 1.27215957642, 1.62258350849, 1.62032973766, 1.83316802979, 2.47157049179, 5.0, 1.04725078028, 0.0
0.619269192219, 0.802234828472, 1.2723981142, 1.5980193615, 1.59575605392, 1.81108677387, 2.43513154984, 5.0, 1.05524939407, 0.0
0.619373559952, 0.802409648895, 1.27275109291, 1.57349312305, 1.57117724419, 1.77806532383, 2.39889168739, 5.0, 1.06197582588, 0.000291044776119
0.619527876377, 0.802601158619, 1.27296245098, 1.54894924164, 1.54661405087, 1.75598812103, 2.36244630814, 5.0, 1.06197582588, 0.0
0.61965316534, 0.802778244019, 1.27316260338, 1.52441167831, 1.52202069759, 1.72840678692, 2.32604646683, 5.0, 1.07831170441, 0.0
0.619777441025, 0.802926242352, 1.27338063717, 1.50153267384, 1.50408542156, 1.7104613781, 2.33784723282, 5.0, 1.07831170441, 0.0
0.621313452721, 0.83545935154, 1.3730905056, 1.49029076099, 1.52292466164, 1.78187274933, 2.56434392929, 3.2428393364, 1.0504886459, -0.0311417910448
0.627348303795, 0.903476834297, 1.59847605228, 1.48639810085, 1.54737365246, 1.87978649139, 2.8603656292, 2.02793550491, 0.977727451873, -0.0727611940299
0.637517750263, 0.989575982094, 1.56147682667, 1.4876087904, 1.58804619312, 1.99988257885, 3.24591159821, 1.45959699154, 0.86100295882, -0.116708955224
0.652212321758, 1.07331848145, 1.5256935358, 1.48564147949, 1.6246894598, 2.08845114708, 3.47688388824, 1.31789839268, 0.832687174765, -0.0288134328358
0.663255572319, 1.12078583241, 1.49951255322, 1.46476888657, 1.60114097595, 2.05436587334, 3.41662526131, 1.40181958675, 0.81708903645, -0.0215373134328
0.669733703136, 1.12945532799, 1.47585833073, 1.44113075733, 1.57506811619, 2.02065110207, 3.35927653313, 1.48170149326, 0.824004596365, 0.0
0.675015926361, 1.13955616951, 1.45207762718, 1.41770660877, 1.5494325161, 1.99466490746, 3.30609607697, 1.55985963345, 0.829601564837, 0.0
0.681613564491, 1.15004122257, 1.43289709091, 1.39417374134, 1.52894806862, 1.96232187748, 3.25401139259, 1.63723158836, 0.836679312901, 0.0
0.6882365942, 1.16071736813, 1.40884995461, 1.37069129944, 1.50345253944, 1.93018913269, 3.20218968391, 1.69899427891, 0.84384863563, 0.0
0.694868564606, 1.17144489288, 1.38484168053, 1.34717011452, 1.47793424129, 1.89810550213, 3.15033388138, 1.77633547783, 0.851110570403, 0.0
0.701482534409, 1.18217742443, 1.36084032059, 1.3236733675, 1.45242857933, 1.86596167088, 3.09850478172, 1.85356473923, 0.86441869918, -4.99600361081e-16
0.70810008049, 1.19078493118, 1.33842039108, 1.30550611019, 1.43528902531, 1.8714619875, 3.1633014679, 1.73206806183, 0.865916363382, 4.99600361081e-16
0.721288144588, 1.27302014828, 1.32101225853, 1.31475937366, 1.48527562618, 2.02678346634, 3.8830010891, 1.4065322876, 0.821708900532, -0.0456940298507
0.745891392231, 1.44829034805, 1.30792510509, 1.32947146893, 1.55589056015, 2.18521571159, 5.0, 1.17941570282, 0.748947894557, -0.0727611940299
0.776395559311, 1.41556596756, 1.30289363861, 1.35494315624, 1.640873909, 2.42619895935, 5.0, 1.01778650284, 0.632530312014, -0.116417910448
0.812835276127, 1.37647306919, 1.3028832674, 1.38777804375, 1.73598623276, 2.71848917007, 3.97237491608, 0.945073723793, 0.603425921213, -0.0291044776119
0.842163980007, 1.34433090687, 1.28869760036, 1.38161373138, 1.72644126415, 2.72017884254, 3.95844960213, 0.982396483421, 0.572071140204, -0.0343432835821
0.857205152512, 1.32316529751, 1.26399052143, 1.3595341444, 1.70484054089, 2.68739295006, 3.94515705109, 1.01880013943, 0.577475061594, 0.0
0.872362017632, 1.30205774307, 1.24765062332, 1.33757162094, 1.67208790779, 2.64422059059, 3.9322283268, 1.04828774929, 0.58297013153, 0.0
0.887138605118, 1.28084909916, 1.2271232605, 1.31562328339, 1.65053606033, 2.60277223587, 3.91922473907, 1.08473086357, 0.588558335347, 0.0
0.902084946632, 1.25951385498, 1.2065281868, 1.29366123676, 1.61821138859, 2.56145143509, 3.90620779991, 1.12110579014, 0.594241702974, 0.0
0.917032063007, 1.24241745472, 1.18595027924, 1.27617943287, 1.59675717354, 2.52042460442, 3.89314031601, 1.15743601322, 0.600022309466, 0.0
0.932023704052, 1.22104597092, 1.16535973549, 1.24991452694, 1.56995797157, 2.47940587997, 3.8827226162, 1.19373774529, 0.605599371863, -0.000291044776119
0.946995258331, 1.19967663288, 1.14474403858, 1.23235964775, 1.54309630394, 2.43845295906, 3.86970591545, 1.23001646996, 0.611578156257, 0.0
0.961961150169, 1.17831015587, 1.12417435646, 1.21048784256, 1.51624643803, 2.40549230576, 3.85667490959, 1.25914895535, 0.617660653839, 0.0
0.973877370358, 1.16128897667, 1.10769093037, 1.192948699, 1.49474716187, 2.36448931694, 3.84623646736, 1.29544270039, 0.62260284273, 0.0
0.988873183727, 1.13560521603, 1.08710896969, 1.16667509079, 1.46254777908, 2.32333850861, 3.83059597015, 1.33897054195, 0.698487640785, 0.0727611940299
1.0038381815, 1.11425471306, 1.06653308868, 1.14477467537, 1.44108307362, 2.28214001656, 3.82019233704, 1.36815345287, 0.705434014788, 0.0
1.01575291157, 1.09721112251, 1.04593360424, 1.1228710413, 1.41419839859, 2.24104571342, 3.80455708504, 1.40454471111, 0.711073951187, -2.77555756156e-16
1.03376221657, 1.0715303421, 1.02534604073, 1.10536670685, 1.38738441467, 2.20008945465, 3.79153227806, 1.44082069397, 0.719674517355, 2.77555756156e-16
1.04871320724, 1.05442130566, 1.00477027893, 1.07909822464, 1.36058592796, 2.15918588638, 3.77851867676, 1.47703206539, 0.726973005048, 0.0
1.06368982792, 1.0330657959, 0.984199047089, 1.06162202358, 1.33378469944, 2.11818957329, 3.76547122002, 1.51329982281, 0.740418642541, -2.77555756156e-16
1.07864630222, 1.01171767712, 0.965077102184, 1.04197871685, 1.31816601753, 2.14635491371, 3.75484681129, 1.46521878242, 0.741937522934, 2.77555756156e-16
1.11586785316, 0.994992911816, 0.965636074543, 1.06700968742, 1.40958726406, 2.49466133118, 3.74071860313, 1.31687653065, 0.699896470992, -0.0436567164179
1.17021870613, 0.978821158409, 0.974316060543, 1.11168467999, 1.53554880619, 2.99583959579, 3.74243283272, 1.19970107079, 0.641687706137, -0.0582089552239
1.25038099289, 0.969205200672, 0.98935174942, 1.16668200493, 1.65865719318, 3.57399654388, 3.74628520012, 1.10831022263, 0.540404475026, -0.10128358209
1.31539607048, 0.960535347462, 0.998895645142, 1.20793652534, 1.78405761719, 3.7971842289, 3.73887515068, 1.11353468895, 0.499284267216, -0.0422014925373
1.27953994274, 0.944227993488, 0.983279109001, 1.18749284744, 1.7594960928, 3.77951335907, 3.72071623802, 1.13158774376, 0.49236286112, -0.0119328358209
1.25848841667, 0.927704513073, 0.96603935957, 1.16698610783, 1.72975599766, 3.76151943207, 3.70270037651, 1.15357089043, 0.497807098676, 0.0
1.23690211773, 0.914516925812, 0.948964297771, 1.15088415146, 1.70094406605, 3.74336457253, 3.68477463722, 1.17545676231, 0.503362643351, 0.0
1.21506929398, 0.89793241024, 0.931786000729, 1.13064789772, 1.67221200466, 3.72527480125, 3.67048096657, 1.19729495049, 0.433421925295, -0.0727611940299
1.19762814045, 0.88137537241, 0.914673924446, 1.11050903797, 1.64351952076, 3.71081113815, 3.65261411667, 1.21917033195, 0.437665632045, 0.00029104477612
1.17143440247, 0.864805817604, 0.897540211678, 1.09033966064, 1.61477267742, 3.69273924828, 3.6347925663, 1.24107003212, 0.443741737673, 0.0
1.15395307541, 0.848202049732, 0.880392968655, 1.07015514374, 1.5860452652, 3.66477394104, 3.61695432663, 1.26289224625, 0.447880676677, 0.0
1.13210630417, 0.83165615797, 0.863268613815, 1.05002307892, 1.5574696064, 3.60253095627, 3.59911704063, 1.28469932079, 0.453156597525, 0.0
1.11024582386, 0.815074622631, 0.849557757378, 1.02986001968, 1.53446996212, 3.53932404518, 3.58125185966, 1.30223608017, 0.458549373672, 0.0
1.08840048313, 0.798501551151, 0.832417726517, 1.00969290733, 1.50576496124, 3.4765021801, 3.56341457367, 1.32406103611, 0.464062606559, 0.0
1.06652760506, 0.781932115555, 0.815286099911, 0.989509224892, 1.47703897953, 3.41355729103, 3.5455737114, 1.34592282772, 0.469700031013, 0.0
1.04466235638, 0.768644332886, 0.798142313957, 0.969377338886, 1.44842493534, 3.35100722313, 3.53130030632, 1.36573278904, 0.477808469445, 0.0
1.02350389957, 0.755763530731, 0.791429460049, 0.972151041031, 1.50123357773, 3.55333209038, 3.54289913177, 1.29662466049, 0.473045299766, -0.00698507462687
0.978327870369, 0.756218791008, 0.814654886723, 1.03860712051, 1.71526050568, 3.52760052681, 3.58779811859, 1.21876013279, 0.420589001584, -0.0526791044776
0.92553716898, 0.757879495621, 0.844300925732, 1.12034666538, 2.00067782402, 3.51390433311, 3.06266832352, 1.15491271019, 0.348108674372, -0.0724701492537
0.883827805519, 0.765157282352, 0.882194399834, 1.22336184978, 2.41150665283, 3.51556348801, 2.51965975761, 1.10144543648, 0.217086218006, -0.13102408194
0.849947333336, 0.777896642685, 0.920070827007, 1.35476160049, 2.89152121544, 3.51541662216, 2.19745063782, 1.07596361637, 0.202586953468, -0.0144983061194
0.825495541096, 0.778442561626, 0.937115967274, 1.38481080532, 3.08640742302, 3.49662160873, 2.21057391167, 1.08559691906, 0.156241238503, -0.0477313432836
0.815208494663, 0.768106997013, 0.924483895302, 1.36580920219, 3.03799200058, 3.47408890724, 2.23639535904, 1.09671127796, 0.158281296944, -2.22044604925e-16
0.804970562458, 0.757849276066, 0.912243843079, 1.34826004505, 2.99850130081, 3.45182776451, 2.25828075409, 1.10753452778, 0.232082458886, 0.0727611940299
0.794294297695, 0.749629914761, 0.900198578835, 1.33462154865, 2.96182608604, 3.43403172493, 2.27567839622, 1.11833655834, 0.235157024327, 0.0
0.783565759659, 0.739350199699, 0.88819539547, 1.31437158585, 2.92638063431, 3.40727376938, 2.29697656631, 1.12909901142, 0.238312577574, 0.0
0.772817850113, 0.729086518288, 0.876244604588, 1.30098736286, 2.89142465591, 3.38505744934, 2.31804704666, 1.13983404636, 0.241552295644, 0.0
0.762081682682, 0.718863368034, 0.864301264286, 1.28428077698, 2.85661649704, 3.36731386185, 2.33911013603, 1.15057277679, 0.24487952078, 0.0
0.753463745117, 0.708608627319, 0.852354168892, 1.2675369978, 2.82856249809, 3.3450884819, 2.36006474495, 1.15913617611, 0.247606663329, 4.4408920985e-16
0.742703974247, 0.698375582695, 0.84284555912, 1.25087940693, 2.79404950142, 3.32287502289, 2.38096094131, 1.1698359251, 0.251100389596, 0.0
0.731978714466, 0.688137531281, 0.830920279026, 1.2341735363, 2.75917387009, 3.30065393448, 2.40210962296, 1.18057870865, 0.254691949566, 2.22044604925e-16
0.721200466156, 0.677878320217, 0.818959414959, 1.21745431423, 2.72428107262, 3.27838659286, 2.42327523232, 1.19133853912, 0.258385414324, 0.0
0.710456252098, 0.667611896992, 0.807003796101, 1.20409023762, 2.6895377636, 3.25615620613, 2.44416880608, 1.20203888416, 0.261886326649, -0.000291044776119
0.699725329876, 0.659428715706, 0.795085966587, 1.18739724159, 2.65470933914, 3.23397994041, 2.46098327637, 1.21278345585, 0.265792259522, 0.0
0.688965201378, 0.649171829224, 0.783133149147, 1.17066395283, 2.61973333359, 3.21616387367, 2.4820318222, 1.2234992981, 0.269813585672, 0.0
0.678235352039, 0.638950526714, 0.771197497845, 1.15397322178, 2.58527946472, 3.1895365715, 2.50287055969, 1.23418748379, 0.273955359357, 0.0
0.669639229774, 0.628696680069, 0.759286761284, 1.13728880882, 2.55010509491, 3.1717042923, 2.52398633957, 1.24491906166, 0.27764151184, 0.000291044776119
0.658893883228, 0.618465960026, 0.749744594097, 1.12057030201, 2.51516628265, 3.14951395988, 2.54502654076, 1.25564455986, 0.282017966826, 0.0
0.648158013821, 0.608220100403, 0.737800419331, 1.10382926464, 2.48032259941, 3.12725305557, 2.56610918045, 1.26424217224, 0.286530749779, 0.0
0.637387394905, 0.597975373268, 0.72586119175, 1.08713924885, 2.45240831375, 3.10502028465, 2.58729314804, 1.27498781681, 0.218918849445, -0.0727611940299
0.626668334007, 0.589767038822, 0.715134620667, 1.08287501335, 2.47109079361, 3.09420585632, 2.46380829811, 1.26284396648, 0.219640210454, 0.0
0.614879906178, 0.596512913704, 0.750316977501, 1.21224558353, 3.1151945591, 3.12172842026, 2.21410989761, 1.22330307961, 0.177364762694, -0.0430746268657
0.601506114006, 0.616864860058, 0.809919178486, 1.36387217045, 3.09075498581, 3.16998410225, 1.97101819515, 1.19307792187, 0.0609475665369, -0.116417910448
0.593054652214, 0.642129719257, 0.880642473698, 1.60658192635, 3.08223056793, 3.21559262276, 1.80956673622, 1.17940962315, 0.0318432688405, -0.0291044776119
0.586975216866, 0.654265880585, 0.901799619198, 1.69632947445, 3.06046628952, 3.2032623291, 1.80962836742, 1.18397557735, -0.00298730851819, -0.0352164179104
0.583508789539, 0.649001717567, 0.894582569599, 1.6819652319, 3.03646659851, 3.1773378849, 1.81828200817, 1.18863916397, -0.00302817408396, -4.4408920985e-16
0.579020082951, 0.643869578838, 0.889143943787, 1.66981780529, 3.01259732246, 3.15241861343, 1.8252120018, 1.19233477116, -0.00308085576099, 0.0
0.5743958354, 0.638704240322, 0.882374763489, 1.65787196159, 2.99349474907, 3.12743639946, 1.83240628242, 1.19703733921, -0.0031354029233, 0.0
0.569722056389, 0.634541809559, 0.875562667847, 1.64831781387, 2.97131705284, 3.11218500137, 1.8071423769, 1.19636213779, -0.00319191644321, 0.0
0.566845536232, 0.643936097622, 0.924494147301, 1.92559659481, 2.96698665619, 2.91362762451, 1.69098579884, 1.18194711208, -0.0468724527487, -0.0436567164179
0.565501451492, 0.683842778206, 1.01673150063, 2.27291178703, 2.96016216278, 2.66041779518, 1.61855530739, 1.18006849289, -0.100887891716, -0.0538432835821
0.564099490643, 0.685400545597, 1.02288091183, 2.31124687195, 2.93595123291, 2.66577029228, 1.62081837654, 1.18171024323, -0.0396834977544, 0.0619925373134
0.562422335148, 0.683192431927, 1.01945793629, 2.30437707901, 2.91155838966, 2.67093896866, 1.62366390228, 1.18358659744, -0.0404258924659, 0.0
0.560934066772, 0.680887520313, 1.01617634296, 2.29706168175, 2.88724303246, 2.67534995079, 1.62631845474, 1.1854827404, -0.0410401003489, -2.22044604925e-16
0.559043586254, 0.67859685421, 1.01294565201, 2.29013037682, 2.86291742325, 2.67868971825, 1.62889266014, 1.18736886978, -0.0418345987363, 0.0
0.557159125805, 0.676353156567, 1.01044988632, 2.28373551369, 2.83867406845, 2.68263101578, 1.63141179085, 1.18925893307, -0.042660446871, 0.0
0.555267870426, 0.674092113972, 1.00728392601, 2.2771282196, 2.81433939934, 2.68675732613, 1.63398694992, 1.19115233421, -0.0435195364245, 0.0
0.553375840187, 0.671827316284, 1.00411653519, 2.27047157288, 2.79001355171, 2.69084429741, 1.63651871681, 1.19266211987, -0.0444139142832, 0.0
0.55147922039, 0.670022547245, 1.00097680092, 2.26408791542, 2.77058410645, 2.69492459297, 1.63909852505, 1.19455194473, -0.045052851247, 0.00029104477612
0.549597024918, 0.667747199535, 0.99774491787, 2.25711202621, 2.74629473686, 2.69905614853, 1.6416836977, 1.1964468956, -0.0460183360246, 0.0
0.547707736492, 0.665484964848, 0.994610309601, 2.25195932388, 2.7219889164, 2.70304775238, 1.64370965958, 1.19834971428, -0.0470260765905, 0.0
0.545811593533, 0.663216948509, 0.991408824921, 2.2452082634, 2.697691679, 2.70722723007, 1.64629352093, 1.2002338171, -0.0480789068956, 0.0
0.544298231602, 0.660957336426, 0.988254904747, 2.23869490623, 2.67343258858, 2.71039438248, 1.64880359173, 1.2021291256, -0.0489557048538, 0.0
0.542401134968, 0.658705532551, 0.985746264458, 2.23214030266, 2.6491587162, 2.71444797516, 1.65137636662, 1.20400929451, -0.0500976841925, 0.0
0.540521919727, 0.656435370445, 0.981907427311, 2.22537374496, 2.62479662895, 2.71862220764, 1.65393686295, 1.20551300049, -0.0512941650765, 0.0
0.538639008999, 0.654184818268, 0.979408025742, 2.21891689301, 2.60052895546, 2.72268605232, 1.65650212765, 1.20740926266, -0.0525491413969, 0.0
0.536746144295, 0.651920258999, 0.976237356663, 2.21227812767, 2.576192379, 2.72682356834, 1.65904724598, 1.2092975378, -0.0538670061076, 0.0
0.534858107567, 0.650112688541, 0.973047614098, 2.20553350449, 2.5518887043, 2.73095631599, 1.66114997864, 1.21119391918, -0.0555407998475, -0.00029104477612
0.532965362072, 0.647842049599, 0.969897925854, 2.20035934448, 2.53248357773, 2.73496699333, 1.66418921947, 1.21307563782, -0.0570070049968, 0.0
0.531081616879, 0.645584642887, 0.96671384573, 2.19235086441, 2.50821089745, 2.73573088646, 1.66626429558, 1.21498119831, -0.0585526300811, 0.0
0.529178798199, 0.643309414387, 0.963531076908, 2.18699240685, 2.48386907578, 2.71458292007, 1.6688349247, 1.21686792374, -0.0601842996179, 0.0
0.527673721313, 0.641044259071, 0.960377037525, 2.18043613434, 2.45960307121, 2.68822693825, 1.67137157917, 1.21875333786, -0.0615565193561, 0.0
0.525785207748, 0.638805449009, 0.957251787186, 2.17404174805, 2.44018554688, 2.66184163094, 1.67388737202, 1.22064387798, -0.135206767332, -0.0727611940299
0.523893117905, 0.636543750763, 0.954724133015, 2.16752099991, 2.41101312637, 2.63545632362, 1.67644548416, 1.22216391563, -0.139221352495, 0.0
0.521990597248, 0.634278059006, 0.951577425003, 2.16115665436, 2.38672065735, 2.60909175873, 1.67894041538, 1.22443771362, -0.143479949127, 0.0
0.520096242428, 0.632032573223, 0.94843685627, 2.15458965302, 2.36241889, 2.58268213272, 1.68148696423, 1.22594380379, -0.148005331909, 0.0
0.5182107687, 0.629763424397, 0.945243537426, 2.14771223068, 2.34294128418, 2.55624103546, 1.68415379524, 1.22783207893, -0.15282317723, 0.0
0.51633143425, 0.627471327782, 0.942002177238, 2.14078378677, 2.31869459152, 2.52980232239, 1.68675935268, 1.22972893715, -0.0825895115242, 0.0727611940299
0.514422178268, 0.625655055046, 0.938832521439, 2.13560247421, 2.29439330101, 2.5034058094, 1.68877458572, 1.23163402081, -0.0854226881697, 0.0
0.512524366379, 0.623387694359, 0.935654997826, 2.12898898125, 2.27006435394, 2.47697997093, 1.69140744209, 1.23354172707, -0.0884566249809, -2.22044604925e-16
0.511002480984, 0.621093094349, 0.932408034801, 2.12202548981, 2.24581098557, 2.45054793358, 1.6940151453, 1.23544478416, -0.091043038855, 2.22044604925e-16
0.509099304676, 0.61884367466, 0.929282784462, 2.11563181877, 2.22153520584, 2.42951154709, 1.69650006294, 1.23733353615, -0.0944961630551, 0.0
0.507210016251, 0.616577744484, 0.926764249802, 2.10913920403, 2.19722294807, 2.40310430527, 1.69904708862, 1.2392257452, -0.0979218958232, 0.00029104477612
0.505317151546, 0.614317953587, 0.923599421978, 2.10243821144, 2.17286229134, 2.37658596039, 1.70166635513, 1.2407450676, -0.101938455113, 0.0
0.503425419331, 0.612038850784, 0.920402526855, 2.09584164619, 2.14863681793, 2.35027551651, 1.70418345928, 1.24263131618, -0.106297315748, -2.22044604925e-16
0.501522123814, 0.609767377377, 0.917226076126, 2.08927440643, 2.1292142868, 2.32386207581, 1.70679354668, 1.24454343319, -0.111043994797, 0.0
0.499624818563, 0.607950329781, 0.914054691792, 2.08396840096, 2.10488176346, 2.29751586914, 1.70880198479, 1.24642789364, -0.116232413007, 0.0
0.497734308243, 0.605708062649, 0.910924315453, 2.07622623444, 2.08059811592, 2.27112007141, 1.71134316921, 1.24833118916, 0, 0.0
0.4958345294, 0.603432059288, 0.907753407955, 2.07098078728, 2.05629873276, 2.24470829964, 1.7138838768, 1.25021922588, 0, 0.0
0.494325578213, 0.60118407011, 0.904622614384, 2.06454563141, 2.03202748299, 2.22361373901, 1.71643161774, 1.25212419033, 0, 2.22044604925e-16
0.492418766022, 0.598912596703, 0.901459813118, 2.05804228783, 2.01256251335, 2.19722294807, 1.71898376942, 1.2540140152, 0, 0.0
0.490530312061, 0.596656799316, 0.898932933807, 2.0349881649, 1.98345291615, 2.17084693909, 1.72150075436, 1.25552582741, 0, -0.000291044776119
0.488634169102, 0.594402015209, 0.89579564333, 2.01009345055, 1.96395111084, 2.14445996284, 1.72399950027, 1.25741899014, 0, 0.0
0.486743152142, 0.592157661915, 0.892680227757, 1.98530614376, 1.93485844135, 2.11808991432, 1.72651231289, 1.25930428505, 0, 0.0
0.484845757484, 0.58989149332, 0.889528870583, 1.96047210693, 1.91538798809, 2.09166693687, 1.72909295559, 1.26120114326, 0, 0.0
0.482959419489, 0.588088035583, 0.886367201805, 1.93566560745, 1.89108872414, 2.06528043747, 1.73110675812, 1.26308834553, 0, 0.0
0.481070786715, 0.585837125778, 0.883219718933, 1.91579771042, 1.86681044102, 2.03893208504, 1.73363399506, 1.26497519016, 0, 0.0
0.479561150074, 0.583570599556, 0.880059123039, 1.89103150368, 1.84251856804, 2.01245808601, 1.73625993729, 1.26688730717, 0, 0.0
0.47765314579, 0.581302702427, 0.876942753792, 1.86644947529, 1.81979179382, 1.99410748482, 1.73798263073, 1.27095353603, 0, -0.0727611940299
0.473285734653, 0.57649320364, 0.872407376766, 1.84426736832, 1.79917287827, 1.97289121151, 1.74215936661, 1.27275729179, 0, -2.22044604925e-16
0.471605718136, 0.574982464314, 0.869482755661, 1.8249168396, 1.78296554089, 1.94824779034, 1.74314379692, 1.27193284035, 0, 0.000291044776119
0.472459405661, 0.575340509415, 0.869339168072, 1.801227808, 1.75954174995, 1.92227804661, 1.74524235725, 1.27343869209, 0, -2.22044604925e-16
0.470697939396, 0.573085904121, 0.866165935993, 1.77643573284, 1.73525071144, 1.90116488934, 1.74728429317, 1.27532243729, 0, -2.22044604925e-16
0.469192147255, 0.571274697781, 0.863621354103, 1.76156294346, 1.71582186222, 1.88003647327, 1.74935042858, 1.27645003796, 0, 0.0582089552239
0.468065917492, 0.569919347763, 0.86171245575, 1.74174714088, 1.7012553215, 1.85891056061, 1.75144708157, 1.27833485603, 0, -2.22044604925e-16
0.465808361769, 0.567641556263, 0.857842206955, 1.71202349663, 1.67212355137, 1.82722783089, 1.75402891636, 1.28021371365, 0, 2.22044604925e-16
0.463925391436, 0.565391421318, 0.854713141918, 1.69215989113, 1.6478382349, 1.80080688, 1.75661492348, 1.28211259842, 0, 0.0
0.462038069963, 0.563112974167, 0.851484298706, 1.66739034653, 1.62348890305, 1.7743588686, 1.75922930241, 1.28398728371, 0, 0.0
0.460541039705, 0.560861825943, 0.848332822323, 1.64259946346, 1.59924912453, 1.75327467918, 1.76177537441, 1.28588342667, 0, -2.22044604925e-16
0.458645939827, 0.558562934399, 0.845514595509, 1.61753380299, 1.5740455389, 1.72754561901, 1.76020038128, 1.28811407089, 0, -0.000291044776119
0.456184387207, 0.5569627285, 0.845550298691, 1.59221732616, 1.55144274235, 1.69841825962, 1.76236224174, 1.28956139088, 0, -0.00261940298507
0.454352557659, 0.554855942726, 0.842682242393, 1.56251895428, 1.52230703831, 1.6719520092, 1.76483786106, 1.29137170315, 0, 0.0
0.452536284924, 0.552668988705, 0.83960288763, 1.53773975372, 1.50288033485, 1.64553081989, 1.76729750633, 1.29319751263, 0, -0.00029104477612
0.450722664595, 0.550501644611, 0.836563527584, 1.51296341419, 1.47859823704, 1.61911320686, 1.76926624775, 1.29500496387, 0, 2.22044604925e-16
0.448915809393, 0.548751890659, 0.833471894264, 1.49317491055, 1.45433604717, 1.59270000458, 1.77176499367, 1.29682147503, 0, 2.22044604925e-16
0.447099119425, 0.546569705009, 0.830413579941, 1.46840143204, 1.43004953861, 1.56627821922, 1.77420651913, 1.29864287376, 0, 2.22044604925e-16
0.445274710655, 0.544391036034, 0.827392816544, 1.44356310368, 1.40573120117, 1.53988182545, 1.77649998665, 1.30052936077, 0, 0.000291044776119
0.443741381168, 0.542170107365, 0.825024008751, 1.41852116585, 1.38128340244, 1.51339364052, 1.77897310257, 1.30267941952, 0, 4.4408920985e-16
0.441573292017, 0.539547860622, 0.820588648319, 1.39345419407, 1.36160683632, 1.49184393883, 1.78236842155, 1.30518639088, 0, 0.0
0.439060866833, 0.536293268204, 0.816615879536, 1.36834812164, 1.33182680607, 1.46456694603, 1.78723800182, 1.3075928688, 0, 0.0
0.435878694057, 0.532837748528, 0.809616982937, 1.34291553497, 1.30627942085, 1.4363026619, 1.79501700401, 1.31309807301, 0, 0.0
