0.59608155489, 0.770053565502, 1.21977961063, 3.33275747299, 2.63843226433, 0.914160311222, 0.56547832489, 0.430435657501, 0.366741608061, -0.000237112089524
0.59607642889, 0.770098805428, 1.21993458271, 3.33437800407, 2.63741064072, 0.913984656334, 0.565386712551, 0.430440962315, 0.367835491999, 0.0
0.596089959145, 0.77028799057, 1.22068488598, 3.34159016609, 2.63176035881, 0.9133207798, 0.56516379118, 0.430451005697, 0.369211635493, 0.0
0.596067667007, 0.770539700985, 1.22142982483, 3.34946608543, 2.62407159805, 0.912418186665, 0.564936041832, 0.430552273989, 0.370319643324, 0.0
0.595984339714, 0.771063685417, 1.22325634956, 3.36166572571, 2.61638188362, 0.911335587502, 0.564624011517, 0.430535763502, 0.371419761394, -0.000291044776119
0.595937728882, 0.771231293678, 1.22395956516, 3.3683795929, 2.61063766479, 0.911060988903, 0.564841508865, 0.43097615242, 0.37282269503, 0.0
0.59553784132, 0.771058619022, 1.22417485714, 3.37144255638, 2.6094391346, 0.911177754402, 0.564971804619, 0.43104544282, 0.374235766086, 0.0
0.595468819141, 0.771042644978, 1.22423994541, 3.37308311462, 2.60779333115, 0.91096585989, 0.564866483212, 0.430987417698, 0.375659079131, 0.0
0.595526576042, 0.771182775497, 1.2245439291, 3.37459230423, 2.6070189476, 0.910754740238, 0.564783871174, 0.430929809809, 0.377092740093, 0.0
0.595598995686, 0.771300673485, 1.22481179237, 3.37521195412, 2.60632777214, 0.910552322865, 0.564619064331, 0.430829226971, 0.378536856274, 0.0
0.595703482628, 0.771456539631, 1.22500658035, 3.37626838684, 2.60556054115, 0.910300076008, 0.564506709576, 0.430729687214, 0.379991536373, 0.0
0.595796108246, 0.771566987038, 1.2252304554, 3.37682795525, 2.6048617363, 0.910104632378, 0.564328432083, 0.430620133877, 0.381456890505, 0.0
0.595910131931, 0.771727263927, 1.22548246384, 3.37755441666, 2.60418581963, 0.909904301167, 0.564239859581, 0.430554747581, 0.383221111883, 0.00029104477612
0.595999598503, 0.77188628912, 1.22572028637, 3.37829494476, 2.60364890099, 0.909702420235, 0.56408405304, 0.430415302515, 0.3844107061, -4.06575814682e-19
0.596123695374, 0.772022724152, 1.22603297234, 3.37969493866, 2.60236644745, 0.909381568432, 0.563924908638, 0.430314838886, 0.386208311619, -5.39390580812e-18
0.596198379993, 0.772150933743, 1.22615325451, 3.3800508976, 2.60221385956, 0.909264802933, 0.563813149929, 0.430239021778, 0.387415611292, -4.06575814682e-19
0.596308112144, 0.772303700447, 1.22641682625, 3.38099741936, 2.60141944885, 0.909067451954, 0.563697338104, 0.430147886276, 0.388934849482, -8.13151629364e-19
0.596364617348, 0.772435069084, 1.22662854195, 3.38167572021, 2.60068750381, 0.908836603165, 0.563569366932, 0.430036813021, 0.390158405049, -5.1700180595e-16
0.596474945545, 0.77255576849, 1.22684264183, 3.38233780861, 2.60000133514, 0.908621311188, 0.563403725624, 0.429933309555, 0.391698156759, 8.13151629364e-19
0.59657907486, 0.772712349892, 1.22712111473, 3.38346719742, 2.59919333458, 0.908382534981, 0.563270270824, 0.429823338985, 0.393249474586, 8.13151629364e-19
0.596689105034, 0.772861361504, 1.22740256786, 3.38451433182, 2.59837722778, 0.908128678799, 0.563148856163, 0.429753571749, 0.39481248179, 8.13151629364e-19
0.596769094467, 0.772949874401, 1.2274324894, 3.38430523872, 2.59826636314, 0.908000528812, 0.56298917532, 0.429609596729, 0.396387303269, 8.13151629364e-19
0.596902787685, 0.773114264011, 1.22769033909, 3.38516521454, 2.59766292572, 0.907761633396, 0.562879085541, 0.42950502038, 0.397679836095, -0.00029104477612
0.597026348114, 0.773238897324, 1.22795581818, 3.38564157486, 2.59710431099, 0.907521426678, 0.562723219395, 0.4293859303, 0.399277537043, 1.19262238973e-18
0.59714692831, 0.773401498795, 1.22820711136, 3.38652324677, 2.59622883797, 0.907321691513, 0.562571167946, 0.429280906916, 0.400887429837, 1.19262238973e-18
0.597231447697, 0.773554086685, 1.22844529152, 3.38731336594, 2.5955414772, 0.907040297985, 0.562427997589, 0.429177701473, 0.402184210607, 5.18248638448e-16
0.5973341465, 0.773727536201, 1.22871959209, 3.38818573952, 2.59448480606, 0.906778156757, 0.562244355679, 0.429039567709, 0.402184210607, 0.0
0.597481489182, 0.773888587952, 1.22906279564, 3.38968873024, 2.59363460541, 0.906518220901, 0.562084138393, 0.4289021492, 0.404144319304, 0.0
0.597609937191, 0.774065732956, 1.22928845882, 3.39026141167, 2.59316515923, 0.906312763691, 0.561923384666, 0.428818076849, 0.40546111761, 0.0
0.597716510296, 0.77422195673, 1.22946798801, 3.3906929493, 2.59272027016, 0.906069517136, 0.561782360077, 0.428710311651, 0.407118555132, 0.0
0.597824215889, 0.774363934994, 1.22974014282, 3.39143896103, 2.5920445919, 0.905859053135, 0.561661720276, 0.428589612246, 0.408788832709, 0.0
0.597929298878, 0.774535238743, 1.22999560833, 3.39275383949, 2.59063577652, 0.905514955521, 0.561439454556, 0.428424060345, 0.410472090699, 0.0
0.598087191582, 0.774715423584, 1.23027026653, 3.3931248188, 2.59052491188, 0.905353009701, 0.561332762241, 0.428334057331, 0.412168471355, 0.0
0.598199427128, 0.774821162224, 1.23050034046, 3.39436769485, 2.58947515488, 0.951468288898, 0.561130225658, 0.428213357925, 0.413878118855, 2.5890747879e-16
0.598321855068, 0.775042533875, 1.23082208633, 3.39497470856, 2.58890843391, 0.951215386391, 0.56097728014, 0.42810767889, 0.415601179332, 0.0
0.598403394222, 0.775169372559, 1.23097729683, 3.3955950737, 2.5883026123, 0.951059401035, 0.560884892941, 0.42800077796, 0.417337800902, 0.0
0.59851038456, 0.775282859802, 1.23112893105, 3.39577698708, 2.5881061554, 0.950902700424, 0.560773611069, 0.427904605865, 0.419088133692, 0.0
0.59860688448, 0.775393605232, 1.23128807545, 3.39582419395, 2.58789777756, 0.950723290443, 0.56063491106, 0.427792042494, 0.420498374193, -5.17814957579e-16
0.598733782768, 0.775512158871, 1.23147273064, 3.39626812935, 2.58744645119, 0.950586974621, 0.560517549515, 0.427687644958, 0.4226305437, 5.17814957579e-16
0.598822832108, 0.775652110577, 1.23169434071, 3.39688014984, 2.58680510521, 0.950249254704, 0.560339868069, 0.427574038506, 0.424350763077, 0.000291044776119
0.598953485489, 0.775821149349, 1.23204898834, 3.39843893051, 2.5854268074, 0.95003002882, 0.560201823711, 0.427478790283, 0.426518463017, 5.12421051771e-16
0.599031686783, 0.775966584682, 1.23225581646, 3.39912843704, 2.58490490913, 0.949787199497, 0.560053825378, 0.427362501621, 0.427975179242, -5.12041581011e-16
0.599171817303, 0.776138186455, 1.23253273964, 3.40011239052, 2.58413887024, 0.949590027332, 0.559911489487, 0.427276074886, 0.43017783621, 5.17408381764e-16
0.59924775362, 0.776272416115, 1.23268544674, 3.40048599243, 2.58366322517, 0.949393689632, 0.559786260128, 0.427175194025, 0.431658119079, -5.1700180595e-16
0.59936517477, 0.776413738728, 1.23289120197, 3.40092945099, 2.58359003067, 0.949287652969, 0.559673905373, 0.427076399326, 0.433521948526, 8.13151629364e-19
0.599465489388, 0.77654594183, 1.23310470581, 3.40178966522, 2.58265352249, 0.948952436447, 0.559487223625, 0.42694875598, 0.435023898385, 4.06575814682e-19
0.59957921505, 0.776719450951, 1.23339152336, 3.40264678001, 2.58198738098, 0.948748886585, 0.55937230587, 0.426835387945, 0.436915087515, 4.06575814682e-19
0.599687516689, 0.776808023453, 1.23359525204, 3.40305995941, 2.58148670197, 0.948560893536, 0.559213399887, 0.426728755236, 0.438821718451, 8.13151629364e-19
0.599802196026, 0.776954829693, 1.23373997211, 3.40341186523, 2.58110404015, 0.948359131813, 0.559101104736, 0.426606953144, 0.440743967061, 8.13151629364e-19
0.599902331829, 0.77709954977, 1.2339682579, 3.40406513214, 2.58049821854, 0.948135674, 0.558957219124, 0.426503181458, 0.442293130407, 5.17408381764e-16
0.600025236607, 0.77722454071, 1.23414158821, 3.40418577194, 2.58031916618, 0.94802236557, 0.558828890324, 0.426414012909, 0.444341064968, -0.000291044776119
0.600118160248, 0.777333557606, 1.23424255848, 3.40451693535, 2.5799665451, 0.947831690311, 0.558734834194, 0.426314741373, 0.445914921046, -4.33680868994e-19
0.60022008419, 0.777494668961, 1.23449373245, 3.40501618385, 2.57925653458, 0.947575986385, 0.590032339096, 0.42619857192, 0.445914921046, 0.0
0.600335776806, 0.777621805668, 1.23475790024, 3.40605974197, 2.57858633995, 0.94732940197, 0.589845716953, 0.426080286503, 0.447896922684, 0.0
0.600448787212, 0.777809560299, 1.23501324654, 3.40682983398, 2.57785058022, 0.947145700455, 0.58974891901, 0.425967097282, 0.449895412575, 0.0
0.600542604923, 0.777902841568, 1.23515617847, 3.406945467, 2.57772922516, 0.946971476078, 0.589618623257, 0.425873816013, 0.451506203918, 0.0
0.600635886192, 0.778031766415, 1.23533916473, 3.40721678734, 2.57726836205, 0.946821272373, 0.589474320412, 0.425754219294, 0.45353485436, 0.0
0.600755214691, 0.778185904026, 1.23552656174, 3.40786910057, 2.57673740387, 0.946605145931, 0.589334070683, 0.42566254735, 0.455580533, 0.0
0.600876390934, 0.77833378315, 1.23576724529, 3.40849709511, 2.57620930672, 0.946366012096, 0.589215397835, 0.425546854734, 0.457643437802, 0.0
0.600983142853, 0.778440535069, 1.23601686954, 3.40932750702, 2.57532262802, 0.946106493473, 0.589032769203, 0.425434738398, 0.459723769489, 2.5890747879e-16
0.601102054119, 0.778628587723, 1.23622941971, 3.40991067886, 2.57507181168, 0.94594669342, 0.588938474655, 0.42533364892, 0.461821731588, -5.17814957579e-16
0.601194739342, 0.778726458549, 1.23642110825, 3.41043400764, 2.57445073128, 0.945771038532, 0.588820040226, 0.425237417221, 0.463937530469, 0.0
0.601292192936, 0.778833389282, 1.23654961586, 3.41046380997, 2.57436776161, 0.945660233498, 0.588697314262, 0.425156950951, 0.466071375389, 0.0
0.601375341415, 0.778970897198, 1.23669862747, 3.41094660759, 2.57370305061, 0.945420980453, 0.588534653187, 0.425003558397, 0.467791586959, 0.0
0.60150539875, 0.779114544392, 1.23691499233, 3.41139149666, 2.57328128815, 0.94522023201, 0.588405966759, 0.424918085337, 0.469958451442, 0.0
0.601608216763, 0.779250025749, 1.23708367348, 3.41130447388, 2.57335567474, 0.945079565048, 0.588286459446, 0.42478531599, 0.472430617656, 0.00029104477612
0.601724267006, 0.779378712177, 1.23726868629, 3.41173505783, 2.57291603088, 0.944920480251, 0.588178277016, 0.424699187279, 0.474636214937, 4.96022493912e-18
0.601810276508, 0.779476940632, 1.23740279675, 3.4118309021, 2.57261991501, 0.944723963737, 0.588057219982, 0.424596309662, 0.476414433556, -5.3668007538e-18
0.601932585239, 0.779605150223, 1.23759794235, 3.41263747215, 2.57203578949, 0.944513976574, 0.587900042534, 0.424497395754, 0.479104934847, 0.0
0.602037131786, 0.779734075069, 1.23779416084, 3.412951231, 2.57168936729, 0.944326937199, 0.587790429592, 0.449387669563, 0.481368514374, 0.0
0.602121114731, 0.77985137701, 1.23798274994, 3.41347503662, 2.57123637199, 0.944180727005, 0.587703824043, 0.449357002974, 0.483193615242, -4.06575814682e-19
0.602152109146, 0.779899835587, 1.23814272881, 3.41411590576, 2.57074546814, 0.944081842899, 0.587639033794, 0.449275970459, 0.484570825208, -5.17408381764e-16
0.602228879929, 0.780028641224, 1.23822939396, 3.41422581673, 2.57033467293, 0.943943798542, 0.587526023388, 0.449216932058, 0.485955278934, 5.17814957579e-16
0.602318823338, 0.780119299889, 1.23839080334, 3.41485762596, 2.57001042366, 0.943786323071, 0.587443709373, 0.449124902487, 0.487516871817, -0.00029104477612
0.602385878563, 0.780211627483, 1.23851370811, 3.41523313522, 2.56963920593, 0.943668246269, 0.587344229221, 0.449069082737, 0.488917637508, 4.33680868994e-19
0.602467060089, 0.780298173428, 1.23867869377, 3.41543602943, 2.56930565834, 0.943505048752, 0.587232172489, 0.448975086212, 0.490796869611, 5.17056016058e-16
0.602556943893, 0.780402064323, 1.23882246017, 3.41573882103, 2.56898164749, 0.94336438179, 0.587130725384, 0.448891162872, 0.492689411746, -4.33680868994e-19
0.602641701698, 0.780504643917, 1.23894655704, 3.41613459587, 2.56869578362, 0.943150699139, 0.587012946606, 0.448782116175, 0.494595392122, -5.1738127671e-16
0.602753102779, 0.780663430691, 1.23922669888, 3.416918993, 2.56799030304, 0.942998111248, 0.586871683598, 0.448694169521, 0.496996962757, 4.33680868994e-19
0.602837145329, 0.780795574188, 1.23936390877, 3.41726899147, 2.56746101379, 0.942771553993, 0.586751937866, 0.448564112186, 0.498933655394, -5.16622335189e-16
0.602946519852, 0.780915498734, 1.23958814144, 3.41757512093, 2.56730341911, 0.942590296268, 0.586623370647, 0.448465317488, 0.498933655394, 0.0
0.603067517281, 0.781057298183, 1.23979532719, 3.41842603683, 2.56655240059, 0.94236189127, 0.586443305016, 0.448353022337, 0.501374034446, 0.0
0.60317581892, 0.781213760376, 1.23999547958, 3.41887164116, 2.56611180305, 0.942167818546, 0.586343288422, 0.44824936986, 0.503836340446, 0.0
0.603287875652, 0.781339585781, 1.24022984505, 3.41960477829, 5.0, 0.941925823689, 0.586155593395, 0.448127508163, 0.506320839986, 0.0
0.603401482105, 0.781485497952, 1.2404589653, 3.42007756233, 5.0, 0.941739976406, 0.586058974266, 0.448022544384, 0.50882780339, 0.0
0.603509962559, 0.781625688076, 1.24066543579, 3.42081141472, 5.0, 0.941517114639, 0.585881412029, 0.447911649942, 0.511357504762, 0.0
0.603614151478, 0.781760334969, 1.24087011814, 3.42120432854, 5.0, 0.941348493099, 0.585776388645, 0.447831451893, 0.513910222037, 0.0
0.603697001934, 0.781887412071, 1.24102520943, 3.42174863815, 5.0, 0.941189467907, 0.585657298565, 0.44773170352, 0.515969156555, 2.5890747879e-16
0.603798151016, 0.782026171684, 1.2412648201, 3.42217278481, 5.0, 0.940959334373, 0.585495829582, 0.447584182024, 0.518849846658, 0.000291044776119
0.603926062584, 0.782190680504, 1.24154305458, 3.4231467247, 5.0, 0.940654933453, 0.58534270525, 0.447469562292, 0.521469805823, 0.0
0.604040622711, 0.782330691814, 1.24173378944, 3.42351603508, 5.0, 0.940503656864, 0.585200786591, 0.447377502918, 0.524113880459, 0.0
0.604147791862, 0.782449901104, 1.24191772938, 3.4239563942, 5.0, 0.940318882465, 0.585084080696, 0.447282344103, 0.526782367579, 0.0
0.604249000549, 0.782602608204, 1.24207437038, 3.42425990105, 5.0, 0.940178990364, 0.58498030901, 0.447168499231, 0.52947556831, 4.96022493912e-18
0.604341745377, 0.782709956169, 1.24229860306, 3.42481350899, 5.0, 0.939953684807, 0.58483082056, 0.447048634291, 0.531648127716, -5.12041581011e-16
0.604461371899, 0.782850205898, 1.24248731136, 3.42524766922, 5.0, 0.939751088619, 0.584697306156, 0.446947157383, 0.534090039028, -0.000291044776119
0.604562520981, 0.782978057861, 1.24262213707, 3.42550849915, 5.0, 0.93961161375, 0.58458250761, 0.446870326996, 0.536852666934, 5.42101086243e-18
0.604657530785, 0.783103168011, 1.24280333519, 3.42597651482, 5.0, 0.939431905746, 0.584472954273, 0.446778416634, 0.539641182392, 4.33680868994e-19
0.604756951332, 0.783220887184, 1.24298191071, 3.42654490471, 5.0, 0.939227283001, 0.584328711033, 0.446670621634, 0.542455907008, 4.33680868994e-19
0.604853749275, 0.783351778984, 1.24317026138, 3.42681884766, 5.0, 0.939092099667, 0.584233939648, 0.446563452482, 0.545297166801, 4.33680868994e-19
0.604946255684, 0.783461868763, 1.24336874485, 3.42738366127, 5.0, 0.938891530037, 0.584096133709, 0.446467548609, 0.547589501893, 5.1738127671e-16
0.605042338371, 0.783589541912, 1.24356281757, 3.42780852318, 5.0, 0.938700139523, 0.583976745605, 0.446387648582, 0.550479360841, -4.33680868994e-19
0.605148136616, 0.783708095551, 1.24373269081, 3.42817735672, 5.0, 0.938544690609, 0.583842515945, 0.446277350187, 0.55339669171, -4.33680868994e-19
0.605243861675, 0.783840239048, 1.24389028549, 3.42842006683, 5.0, 0.938341081142, 0.583709836006, 0.446171849966, 0.556341837732, -4.33680868994e-19
0.605353713036, 0.783967316151, 1.24406683445, 3.42898440361, 5.0, 0.938148200512, 0.583587288857, 0.446047335863, 0.559315146788, -4.33680868994e-19
0.605462193489, 0.784114360809, 1.24430251122, 3.42946720123, 5.0, 0.938002049923, 0.583457946777, 0.445965051651, 0.562316971448, -4.33680868994e-19
0.60556936264, 0.784205496311, 1.24443757534, 3.42979836464, 5.0, 0.937770247459, 0.583345711231, 0.445858478546, 0.562316971448, 0.0
0.605679869652, 0.784354746342, 1.24461424351, 3.4300236702, 5.0, 0.937593102455, 0.583218693733, 0.445753127337, 0.565347669024, 0.0
0.605779051781, 0.784458518028, 1.24478137493, 3.43031644821, 3.98342657089, 0.937422573566, 0.583093643188, 0.445649981499, 0.568407601614, 0.0
0.605879962444, 0.784583687782, 1.24499619007, 3.43093895912, 3.95883655548, 0.937244355679, 0.582955241203, 0.445559561253, 0.571497136142, 0.0
0.605976223946, 0.784732401371, 1.24517905712, 3.43152451515, 3.93428206444, 0.937069177628, 0.582823395729, 0.445433199406, 0.573990326844, 0.0
0.606076061726, 0.784840285778, 1.24535548687, 3.43171215057, 3.91460394859, 0.936881065369, 0.58272767067, 0.445357769728, 0.577134085097, 0.0
0.606173872948, 0.78495401144, 1.24552440643, 3.43217802048, 3.89005565643, 0.936676621437, 0.582591831684, 0.445248603821, 0.580308498739, 0.0
0.60628503561, 0.785090148449, 1.2457267046, 3.43258261681, 3.86545157433, 0.93655115366, 0.582455694675, 0.445127665997, 0.583513953436, -2.5890747879e-16
0.60638153553, 0.78523004055, 1.24593126774, 3.43314266205, 3.84088563919, 0.936310052872, 0.582311093807, 0.445019721985, 0.586100929129, 5.17814957579e-16
0.606489121914, 0.785383701324, 1.24620234966, 3.43403434753, 3.82126832008, 0.936085045338, 0.582161188126, 0.444929629564, 0.589647733867, 0.000291044776119
0.606598496437, 0.785515189171, 1.24632096291, 3.43421721458, 3.79668617249, 0.935919761658, 0.582067072392, 0.444819957018, 0.592943564199, 0.0
0.606710731983, 0.78562194109, 1.24652099609, 3.43465447426, 3.77216053009, 0.935707211494, 0.581923484802, 0.444712549448, 0.596271954117, 0.0
0.606816112995, 0.785748302937, 1.24668312073, 3.43505740166, 3.7475965023, 0.935529828072, 0.581767141819, 0.444604992867, 0.599633313653, 0.0
0.606923878193, 0.785918772221, 1.24690151215, 3.43559885025, 3.72304296494, 0.935308396816, 0.581654191017, 0.444493383169, 0.603028058022, 4.96022493912e-18
0.607035696507, 0.786045432091, 1.24713587761, 3.43632102013, 3.69850230217, 0.935084879398, 0.58150690794, 0.4443808496, 0.606456607649, 4.96022493912e-18
0.607147574425, 0.786198079586, 1.24741649628, 3.43726277351, 3.67395329475, 0.93490332365, 0.581372022629, 0.444303035736, 0.609621384483, -0.000291044776119
0.607231676579, 0.786341190338, 1.2475771904, 3.43794083595, 3.65431308746, 0.934642732143, 0.581219315529, 0.444191396236, 0.612415326849, 4.55364912444e-18
0.607336699963, 0.786473870277, 1.24778604507, 3.43840384483, 3.62975716591, 0.934475123882, 0.581087172031, 0.444089442492, 0.615939282983, -4.33680868994e-19
0.607445418835, 0.786619901657, 1.24802410603, 3.43944454193, 3.6052172184, 0.934210419655, 0.580925047398, 0.443975448608, 0.619498681834, -4.33680868994e-19
0.607546210289, 0.786770105362, 1.24833369255, 3.4403014183, 3.58068680763, 0.934005796909, 0.580804884434, 0.443880617619, 0.623093969244, -4.33680868994e-19
0.607654511929, 0.786912679672, 1.24849545956, 3.44072175026, 3.55120229721, 0.933817028999, 0.580668389797, 0.443771719933, 0.626725596382, -4.33680868994e-19
0.607764303684, 0.787048280239, 1.24869954586, 3.44134545326, 3.53156256676, 0.933612406254, 0.580561041832, 0.443662166595, 0.630394019748, -4.33680868994e-19
0.607872366905, 0.787194013596, 1.24892544746, 3.44205594063, 3.50210905075, 0.933373332024, 0.580381631851, 0.443551599979, 0.634099701176, -4.33680868994e-19
0.607979357243, 0.787333548069, 1.24913990498, 3.44253969193, 3.48246121407, 0.933227360249, 0.580279171467, 0.443448394537, 0.637843107838, -4.33680868994e-19
0.608088493347, 0.787455141544, 1.24935436249, 3.4431385994, 3.45791292191, 0.932978928089, 0.5801435709, 0.44334590435, 0.641624712234, -4.33680868994e-19
0.608185768127, 0.78756248951, 1.2495020628, 3.43384122849, 3.43824505806, 0.932854294777, 0.580017149448, 0.443250983953, 0.645444992189, -4.33680868994e-19
0.608275234699, 0.787664175034, 1.24965333939, 3.40931248665, 3.41368031502, 0.932667255402, 0.579887807369, 0.443150043488, 0.645444992189, 0.0
0.608376324177, 0.787824273109, 1.2498408556, 3.38478899002, 3.38912558556, 0.932478249073, 0.579783141613, 0.443046331406, 0.649304430831, 0.0
0.608480870724, 0.787917792797, 1.25002205372, 3.3602514267, 3.36454892159, 0.932285010815, 0.579647839069, 0.442933768034, 0.65348672329, 0.000291044776119
0.608588039875, 0.788049161434, 1.25017845631, 3.34059739113, 3.33992433548, 0.932161092758, 0.579524993896, 0.442830443382, 0.657427362492, 0.0
0.608677625656, 0.788196325302, 1.25036907196, 3.31606268883, 3.31534600258, 0.931949853897, 0.579406499863, 0.442723810673, 0.660609114024, 2.5890747879e-16
0.608783721924, 0.788309931755, 1.25055813789, 3.29152750969, 3.29078221321, 0.931765258312, 0.579248130322, 0.442609876394, 0.664623276501, -2.5890747879e-16
0.608897805214, 0.788472115993, 1.25078725815, 3.26697087288, 3.27115368843, 0.931535422802, 0.579134881496, 0.442510664463, 0.668678994557, 0.0
0.609007000923, 0.788576245308, 1.25097298622, 3.24729847908, 3.25144219398, 0.931381344795, 0.578998565674, 0.442409574986, 0.672776781323, -2.5890747879e-16
0.609098255634, 0.788692176342, 1.25106465816, 3.22278237343, 3.22199678421, 0.931199491024, 0.578865110874, 0.442302376032, 0.676085648256, 5.17814957579e-16
0.609205126762, 0.78885436058, 1.25133109093, 3.19818806648, 3.2022690773, 0.930992484093, 0.578724861145, 0.442209124565, 0.680260467865, 0.0
0.609317421913, 0.788981676102, 1.25148594379, 3.17368388176, 3.17277979851, 0.930784285069, 0.57858389616, 0.442092329264, 0.684478819603, 0.0
0.609443962574, 0.789151847363, 1.25177180767, 3.14913892746, 3.15316128731, 0.930556297302, 0.578463613987, 0.441992908716, 0.688741235423, 0.0
0.609534204006, 0.789243757725, 1.25196611881, 3.12461352348, 3.12860774994, 0.930404424667, 0.578351795673, 0.441880971193, 0.692748548368, -0.00029104477612
0.609642207623, 0.789405226707, 1.25215148926, 3.10500669479, 3.10401082039, 0.930188596249, 0.578211307526, 0.441779375076, 0.697099096468, 4.33680868994e-19
0.609744608402, 0.789496004581, 1.25229680538, 3.08041357994, 3.07946515083, 0.930039227009, 0.578101098537, 0.441680699587, 0.701495326981, 4.33680868994e-19
0.609826683998, 0.789621353149, 1.2524960041, 3.05590796471, 3.05980110168, 0.929863393307, 0.577961862087, 0.441580563784, 0.705045572645, 5.42101086243e-18
0.609926998615, 0.789764225483, 1.25267076492, 3.03136205673, 3.03523397446, 0.929673671722, 0.577857017517, 0.441488444805, 0.709525422161, 5.42101086243e-18
0.610039710999, 0.789879441261, 1.25291490555, 3.01166534424, 3.01069998741, 0.929450571537, 0.577707111835, 0.441390365362, 0.714052506872, 4.33680868994e-19
0.610143482685, 0.790029406548, 1.25310373306, 2.98227858543, 2.98610043526, 0.929244756699, 0.577532351017, 0.441267311573, 0.71862738928, 4.33680868994e-19
0.610258042812, 0.790155410767, 1.25331020355, 2.96268129349, 2.96155881882, 0.929075658321, 0.577440798283, 0.44116383791, 0.723250635823, 4.33680868994e-19
0.610343337059, 0.790282130241, 1.25349569321, 2.93810725212, 2.93692874908, 0.928840696812, 0.577280282974, 0.441059410572, 0.726984438293, 5.1738127671e-16
0.610468327999, 0.790417075157, 1.25369548798, 2.91357946396, 2.91731715202, 0.928679406643, 0.577161133289, 0.440942764282, 0.732644505734, -5.07081356071e-16
0.6105645895, 0.790535151958, 1.25383043289, 2.88906550407, 2.88780498505, 0.928554654121, 0.577048718929, 0.440841048956, 0.736457890575, 5.1738127671e-16
0.610666036606, 0.790662586689, 1.25403428078, 2.8645029068, 2.86814665794, 0.928342819214, 0.57694119215, 0.440757900476, 0.74127015091, -4.33680868994e-19
0.610772609711, 0.790799915791, 1.25423789024, 2.83992958069, 2.8386657238, 0.928111791611, 0.57675498724, 0.44062641263, 0.746133543389, -4.33680868994e-19
0.610880613327, 0.790968775749, 1.25447130203, 2.81541609764, 2.81902098656, 0.927939295769, 0.576638698578, 0.440542042255, 0.751048653547, -4.33680868994e-19
0.610984861851, 0.791085362434, 1.25461947918, 2.79087281227, 2.78952407837, 3.14870762825, 0.576493680477, 0.44043508172, 0.751048653547, 0.0
0.611098587513, 0.791243910789, 1.25487077236, 2.7663397789, 2.76989483833, 3.1211681366, 0.576378107071, 0.440318852663, 0.756016069445, 0.0
0.61120223999, 0.791346788406, 1.25506699085, 2.74181342125, 2.74533653259, 3.09353590012, 0.576259374619, 0.440215885639, 0.761317332365, 0.000291044776119
0.611316025257, 0.791474759579, 1.25522279739, 2.72212314606, 2.72074913979, 3.0715649128, 0.576112091541, 0.440105676651, 0.766392567816, 0.0
0.611401200294, 0.791605591774, 1.25536668301, 2.6976172924, 2.69613242149, 3.03843569756, 0.576000392437, 0.440003037453, 0.770491666797, 0.0
0.611503660679, 0.791725277901, 1.25554478168, 2.67309236526, 2.67650675774, 3.01642537117, 0.575879216194, 0.439912348986, 0.775664678364, 0.0
0.611594498158, 0.791867733002, 1.25581085682, 2.65344357491, 2.65188837051, 2.99434638023, 0.575728058815, 0.439794301987, 0.779842769581, 0.0
0.61172825098, 0.791989505291, 1.25599312782, 2.62888026237, 2.62732172012, 2.9668161869, 0.575593709946, 0.439706921577, 0.786176758615, -5.17814957579e-16
0.611826241016, 0.792133152485, 1.25615167618, 2.60432267189, 2.60275363922, 2.93929028511, 0.57544529438, 0.439575791359, 0.79044443163, 5.17814957579e-16
0.611930966377, 0.792284071445, 1.25642871857, 2.57980298996, 2.57816195488, 2.91171693802, 0.575302958488, 0.439478904009, 0.795528326846, -0.000291044776119
0.612040519714, 0.792425394058, 1.25657880306, 2.55521559715, 2.55848574638, 2.88413023949, 0.575161397457, 0.439362734556, 0.800969857212, 0.0
0.612169086933, 0.792573034763, 1.25680887699, 2.53559994698, 2.5339589119, 2.86216592789, 0.575048863888, 0.439278185368, 0.806469403336, 0.0
0.61224770546, 0.7926902771, 1.25699949265, 2.51104092598, 2.50939893723, 2.83462095261, 0.574902892113, 0.439145833254, 0.810911211313, 0.0
0.612359881401, 0.792820751667, 1.2572016716, 2.48653268814, 2.48972630501, 2.80701088905, 0.574780344963, 0.439057439566, 0.816516683434, 4.55364912444e-18
0.612472236156, 0.792929470539, 1.25735044479, 2.46199703217, 2.46516013145, 2.77943849564, 0.574675738811, 0.43894547224, 0.822181831901, 4.55364912444e-18
0.612592697144, 0.793072342873, 1.257563591, 2.44240379333, 2.44055914879, 2.75741577148, 0.574521422386, 0.438835114241, 0.812779793997, -0.014552238806
0.612670958042, 0.793199121952, 1.25779604912, 2.4178071022, 2.41599678993, 2.72443366051, 0.574386179447, 0.438728034496, 0.832461629955, 0.014552238806
0.61280298233, 0.793339312077, 1.25793838501, 2.39332652092, 2.39639377594, 2.70234298706, 0.574286401272, 0.438631355762, 0.839471565673, 5.1738127671e-16
0.612896263599, 0.793456077576, 1.25806415081, 2.36876797676, 2.36688137054, 2.67478299141, 0.574127733707, 0.438521146774, 0.844194410377, -5.1738127671e-16
0.613015472889, 0.793606042862, 1.25832355022, 2.34421396255, 2.34226036072, 2.64717817307, 0.573996305466, 0.438416272402, 0.850154230701, 4.33680868994e-19
0.61310505867, 0.793701589108, 1.25845324993, 2.31964325905, 2.32259917259, 2.61964559555, 3.50703859329, 0.438318043947, 0.856177096928, 4.33680868994e-19
0.613208353519, 0.793800592422, 1.25852608681, 2.30006217957, 2.30296397209, 2.59755897522, 3.47062635422, 0.438242018223, 0.862263570829, 4.33680868994e-19
0.613285541534, 0.793907225132, 1.25864958763, 2.2755408287, 2.2784075737, 2.57002854347, 3.43422913551, 0.438142567873, 0.867178920583, -5.16622335189e-16
0.613385081291, 0.794008076191, 1.25882148743, 2.25097727776, 2.25382685661, 2.54798173904, 3.40527796745, 0.438039273024, 0.873381281386, 1.19262238973e-18
0.613466739655, 0.794151127338, 1.25907897949, 2.23137164116, 2.22927212715, 2.5204501152, 3.3689250946, 0.437930166721, 0.878390046209, 5.18248638448e-16
0.613575518131, 0.794298231602, 1.25927567482, 2.20679140091, 2.20961022377, 2.49292373657, 3.3326728344, 0.437870383263, 0.884710044685, 4.33680868994e-19
0.613669395447, 0.79440331459, 1.25948941708, 2.18226909637, 2.18505740166, 2.46543526649, 3.29640388489, 0.437747657299, 0.891096134122, 4.33680868994e-19
0.613768041134, 0.794525563717, 1.25967264175, 2.16258502007, 2.16535520554, 2.44339776039, 3.2673406601, 0.437674582005, 0.891096134122, 0.0
0.613844156265, 0.794615447521, 1.25970840454, 2.13811540604, 2.13592195511, 2.41583156586, 3.23107600212, 0.437562644482, 0.896531035722, 0.000291044776119
0.61394315958, 0.794777214527, 1.26004886627, 2.11353874207, 2.1162443161, 2.3882598877, 3.20192885399, 0.437457501888, 0.903038741299, 0.0
0.61404800415, 0.794892013073, 1.26022589207, 2.09389925003, 2.09167647362, 2.36075329781, 3.16569662094, 0.437349230051, 0.908293473578, 0.0
0.614178299904, 0.795056939125, 1.26049053669, 2.06938433647, 2.06708860397, 2.33869338036, 3.12942790985, 0.437244862318, 0.915952693355, -0.000291044776119
0.614260494709, 0.795203328133, 1.26077830791, 2.04481458664, 2.04255414009, 2.30571532249, 3.09322190285, 0.437119811773, 0.921315167539, -2.5890747879e-16
0.614399373531, 0.795379698277, 1.26102864742, 2.02028489113, 2.02293395996, 2.28370666504, 3.05696463585, 0.437039345503, 0.92944150963, 2.5890747879e-16
0.614486396313, 0.79551333189, 1.26117515564, 1.99574112892, 1.99835789204, 2.2561519146, 3.02061748505, 0.436932533979, 0.934914483289, -2.5890747879e-16
0.614601016045, 0.795630276203, 1.26139295101, 1.97609221935, 1.97377681732, 2.23413586617, 2.99163413048, 0.436828404665, 0.941818416468, 0.0
0.614676773548, 0.795788526535, 1.26167869568, 1.95156681538, 1.94922888279, 2.20664405823, 2.95536494255, 0.436742246151, 0.947391986848, 5.17814957579e-16
0.614781856537, 0.795923352242, 1.26184976101, 1.92699968815, 1.92956852913, 2.1790766716, 2.91919231415, 0.436702340841, 0.954422303069, 0.0
0.614891290665, 0.796059250832, 1.26213479042, 1.90244138241, 1.90499937534, 2.15161204338, 2.88280963898, 0.858032941818, 0.961523353397, 0.0
0.615000844002, 0.796199202538, 1.26226639748, 1.88283777237, 1.88045442104, 2.12400889397, 2.85370850563, 1.40034198761, 0.968695483743, 0.0
0.615104496479, 0.796323001385, 1.26254105568, 1.858273983, 1.85582792759, 2.09650611877, 2.81749987602, 1.94436776638, 0.975939017727, -5.85469173142e-18
0.615209281445, 0.796444296837, 1.26268148422, 1.82885432243, 1.83131098747, 2.06890845299, 2.77382946014, 2.48689103127, 0.983254255473, -5.85469173142e-18
0.615316748619, 0.796589076519, 1.26291942596, 1.80921041965, 1.80669271946, 2.04135489464, 2.74471688271, 3.03087377548, 0.990641472381, -5.85469173142e-18
0.615423679352, 0.796720445156, 1.2630828619, 1.78465533257, 1.78214538097, 2.01933121681, 2.70832848549, 3.57508802414, 0.99810091787, -7.5894152074e-19
0.615508675575, 0.796854496002, 1.26324892044, 1.76014435291, 1.75756669044, 1.99176871777, 2.67203736305, 5.0, 1.00412062909, -4.33680868994e-19
0.615619421005, 0.796985864639, 1.26342797279, 1.73558759689, 1.73793315887, 1.96423137188, 2.63583374023, 5.0, 1.01171062676, -4.33680868994e-19
0.615740716457, 0.797169804573, 1.26375162601, 1.7110273838, 1.70846188068, 1.93675398827, 2.59952950478, 5.0, 1.01937340228, -4.33680868994e-19
0.615841090679, 0.797291338444, 1.26400780678, 1.68647694588, 1.68877851963, 1.90920126438, 2.57048368454, 5.0, 1.02710909459, -4.33680868994e-19
0.615951955318, 0.797406256199, 1.26415872574, 1.661937356, 1.66420578957, 1.88164365292, 2.53413367271, 5.0, 1.03491781037, -4.33680868994e-19
0.616056978703, 0.797548770905, 1.26436579227, 1.64229738712, 1.63961231709, 1.85958218575, 2.49786663055, 5.0, 1.04279962272, -4.33680868994e-19
0.616146028042, 0.79770976305, 1.26459813118, 1.61773264408, 1.61503899097, 1.83204209805, 2.46153235435, 5.0, 1.04915772896, -5.17814957579e-16
0.616257607937, 0.797824621201, 1.26481962204, 1.59318959713, 1.59540712833, 1.80457365513, 2.43256044388, 5.0, 1.05717118688, 0.0
0.616365075111, 0.797977566719, 1.26508903503, 1.56868493557, 1.5708758831, 1.77700722218, 2.38905501366, 5.0, 1.06525775574, 0.0
0.616474151611, 0.798150122166, 1.26528739929, 1.54905796051, 1.54627335072, 1.74948823452, 2.35993790627, 5.0, 1.06525775574, 0.0
0.616585195065, 0.79826015234, 1.26551437378, 1.51960504055, 1.52173948288, 1.72196662426, 2.32366943359, 5.0, 1.07341736858, 0.0
0.616707861423, 0.798434019089, 1.26581299305, 1.49997913837, 1.49720418453, 1.69998192787, 2.2873468399, 5.0, 1.08161684301, 2.5890747879e-16
0.616807341576, 0.798585653305, 1.26600039005, 1.47542822361, 1.4725869894, 1.67235636711, 2.25089120865, 5.0, 1.08825506626, -2.5890747879e-16
0.616932094097, 0.798728883266, 1.26617360115, 1.45085060596, 1.45289516449, 1.64480185509, 2.21457409859, 5.0, 1.09661820922, 0.0
0.617037773132, 0.798825144768, 1.26630818844, 1.42633998394, 1.42834556103, 1.61721014977, 2.18545532227, 5.0, 1.10505376541, 0.0
0.617143273354, 0.798980712891, 1.26658582687, 1.40666353703, 1.40865790844, 1.59521102905, 2.14928197861, 5.0, 1.11356146329, 0.0
0.61723613739, 0.799140453339, 1.26679432392, 1.3821516037, 1.3841201067, 1.56769096851, 2.1129026413, 5.0, 1.12041935156, 5.17814957579e-16
0.617345094681, 0.79928290844, 1.26701700687, 1.35758972168, 1.35952281952, 1.54560220242, 2.08377099037, 5.0, 1.12905607129, 0.0
0.617431402206, 0.799385547638, 1.26723647118, 1.3379791975, 1.33497416973, 1.51260375977, 2.0401866436, 5.0, 1.1360166821, -5.17814957579e-16
0.61757260561, 0.799552679062, 1.26739048958, 1.31342387199, 1.31039619446, 1.48499047756, 2.01107239723, 5.0, 1.14654244771, 5.17814957579e-16
0.617688596249, 0.799645900726, 1.2675178051, 1.28401517868, 1.28583776951, 1.45741069317, 1.96739768982, 5.0, 1.15539114447, 0.0
0.617800951004, 0.799770593643, 1.26768374443, 1.26434254646, 1.2612837553, 1.42986595631, 1.93832194805, 5.0, 1.16430945426, 0.0
0.617890536785, 0.799916088581, 1.2679156065, 1.23986387253, 1.23667156696, 1.40783309937, 1.90195703506, 5.0, 1.17149381496, -5.1738127671e-16
0.617988586426, 0.80001527071, 1.26804327965, 1.21527945995, 1.21700966358, 1.38021326065, 1.86567735672, 5.0, 1.18053585318, 4.33680868994e-19
0.618108510971, 0.800179362297, 1.26831078529, 1.19069397449, 1.18750095367, 1.34722685814, 1.82937729359, 5.0, 1.18964565789, 4.33680868994e-19
0.618216395378, 0.800331950188, 1.26858508587, 1.1661952734, 1.16788554192, 1.32524633408, 1.79299020767, 5.0, 1.19882246485, 7.5894152074e-19
0.618314802647, 0.800456404686, 1.26867806911, 1.14160764217, 1.1432557106, 1.29757857323, 1.75670421124, 5.0, 1.20806545345, 4.33680868994e-19
0.618430435658, 0.800620675087, 1.26893651485, 1.11710309982, 1.11872708797, 1.27560782433, 1.72769463062, 5.0, 1.21737374593, 4.33680868994e-19
0.618553161621, 0.800731003284, 1.24668562412, 1.09742546082, 1.09411633015, 1.24248969555, 1.69120752811, 5.0, 1.22674640686, 4.33680868994e-19
0.618650436401, 0.800848126411, 1.21932530403, 1.07291984558, 1.06953585148, 1.22042918205, 1.65483689308, 5.0, 1.2361824426, 4.33680868994e-19
0.618748188019, 0.800955951214, 1.19737493992, 1.04836881161, 1.04988563061, 1.19285154343, 1.62569439411, 5.0, 1.24377619591, 5.17056016058e-16
0.618852496147, 0.801065862179, 1.16998028755, 1.02873015404, 1.02531838417, 1.17083692551, 1.58939290047, 5.0, 1.25332361502, -7.5894152074e-19
0.618949174881, 0.801195919514, 1.14805388451, 1.00420022011, 1.00566589832, 1.14331078529, 1.5530807972, 5.0, 1.26100500941, -4.33680868994e-19
0.619065284729, 0.801359057426, 1.12058651447, 0.984538197517, 0.981122910976, 1.11576139927, 1.52405452728, 5.0, 1.27066005844, -4.33680868994e-19
0.619144558907, 0.80147767067, 1.09318888187, 0.960017025471, 0.956493675709, 1.09369707108, 1.48765981197, 5.0, 1.27842595317, -5.1738127671e-16
0.619247615337, 0.801647543907, 1.06574308872, 0.935454428196, 0.936842858791, 1.06618726254, 1.45133805275, 5.0, 1.27842595317, 0.0
0.619378089905, 0.801789343357, 1.03830313683, 0.91089373827, 0.907366991043, 1.03862786293, 1.41505813599, 5.0, 1.28818453373, 0.0
0.619495034218, 0.801959633827, 1.01633644104, 0.886369824409, 0.88770699501, 1.01109802723, 1.38604331017, 5.0, 1.29799873425, 0.0
0.619602203369, 0.802068173885, 0.98891800642, 0.861824691296, 0.863135874271, 0.983509242535, 1.34967756271, 5.0, 1.30786712513, 0.0
0.619730293751, 0.802232325077, 0.96151560545, 0.842175245285, 0.843458592892, 0.961513638496, 1.31329739094, 5.0, 1.31778821874, 0.0
0.619817554951, 0.802374720573, 0.93412899971, 0.817663788795, 0.813936889172, 0.928414881229, 1.27700662613, 5.0, 1.32576200321, 0.0
0.619959056377, 0.802521705627, 0.906671762466, 0.793083071709, 0.789397597313, 0.906371176243, 1.24071419239, 5.0, 1.33805323, 0.000291044776119
0.620045125484, 0.802661716938, 0.879247188568, 0.768535971642, 0.764818966389, 0.873288571835, 1.20429289341, 5.0, 1.34610570548, -2.5890747879e-16
0.620190858841, 0.80281662941, 0.851846516132, 0.744008600712, 0.740247964859, 0.851273417473, 1.16808819771, 5.0, 1.3582399174, 5.17814957579e-16
0.620310127735, 0.803016006947, 0.824372529984, 0.719447612762, 0.717456459999, 0.825837552547, 1.14604353905, 5.0, 1.36840069391, 0.0
0.622387826443, 0.825341403484, 0.798878252506, 0.710480690002, 0.724512577057, 0.85583460331, 1.25248873234, 5.0, 1.35590786766, -0.0165895522388
0.62691962719, 0.891265034676, 0.775599598885, 0.707749783993, 0.740829467773, 0.905744493008, 1.39873540401, 5.0, 1.28376941919, -0.0721791044776
0.635900318623, 0.941509127617, 0.752800583839, 0.70897090435, 0.757480323315, 0.966265141964, 1.54713714123, 5.0, 1.21100822516, -0.0727611940299
0.649039208889, 0.886902093887, 0.735021054745, 0.710890650749, 0.783982813358, 1.04069232941, 1.78664696217, 3.61409187317, 1.13824703113, -0.0727611940299
0.666451156139, 0.851015031338, 0.722592175007, 0.715771734715, 0.8166705966, 1.13289380074, 2.11914873123, 2.96327567101, 1.03607210866, -0.102156716418
0.689591646194, 0.809547483921, 0.707703769207, 0.712570786476, 0.830327033997, 1.160826087, 2.28585672379, 2.86596941948, 0.997010385084, -0.0407462686567
0.70162653923, 0.78191113472, 0.685043394566, 0.694033920765, 0.80371516943, 1.13146412373, 2.21460962296, 2.91691160202, 0.997778756004, -0.0075671641791
0.709143161774, 0.762066423893, 0.66689991951, 0.67100328207, 0.782740414143, 1.09602630138, 2.16084361076, 2.97567296028, 1.0048483441, -4.99600361081e-16
0.718522548676, 0.737177431583, 0.64425778389, 0.652700722218, 0.756738781929, 1.06803190708, 2.09553670883, 3.03236556053, 1.01377545081, 0.0
0.726089954376, 0.712114036083, 0.626106083393, 0.629809260368, 0.735994279385, 1.03324735165, 2.04411172867, 3.0771074295, 1.0209893994, -4.99600361081e-16
0.735636174679, 0.686935245991, 0.603345870972, 0.606870174408, 0.710017979145, 0.998443543911, 1.97973823547, 3.13281607628, 1.03009734261, 0.0
0.745129942894, 0.666804850101, 0.5805580616, 0.588480651379, 0.685938417912, 0.973405361176, 1.95309782028, 3.07489705086, 1.0393059929, 0.0
0.754021525383, 0.646032333374, 0.572637796402, 0.589105665684, 0.703525006771, 1.04748797417, 2.38863348961, 2.73445129395, 1.02865150171, -0.014552238806
0.784134924412, 0.62283873558, 0.571143746376, 0.603392541409, 0.74656945467, 1.17503964901, 3.19095540047, 2.39309120178, 0.957091685748, -0.0715970149254
0.821267843246, 0.604707658291, 0.57205247879, 0.618357598782, 0.799758732319, 1.34386754036, 3.96650695801, 2.13135194778, 0.884330667524, -0.0727611940299
0.866374969482, 0.593410491943, 0.57381093502, 0.645271956921, 0.863074243069, 1.55075061321, 3.94943189621, 1.96411049366, 0.811569665643, -0.0727611940299
0.911782026291, 0.575545310974, 0.561899840832, 0.638859093189, 0.860208570957, 1.54857397079, 3.93491482735, 1.98403263092, 0.768898093219, -0.0468582089552
0.911903262138, 0.555908560753, 0.546342849731, 0.617312550545, 0.837957024574, 1.50144636631, 3.92001461983, 2.01489400864, 0.774947901931, 0.0
0.881993591785, 0.536353051662, 0.527013897896, 0.600314021111, 0.810728013515, 1.46494615078, 3.90810799599, 2.03902316093, 0.782616701254, 0.0
0.85772049427, 0.520660817623, 0.511533379555, 0.579052686691, 0.783452272415, 1.41934990883, 3.89334392548, 2.07541179657, 0.788838142367, 4.4408920985e-16
0.827453672886, 0.501023590565, 0.48824352026, 0.557702362537, 0.761537849903, 1.37736129761, 3.88160204887, 2.08162879944, 0.798316559599, -4.4408920985e-16
0.794832289219, 0.489936262369, 0.485987275839, 0.56824696064, 0.811861217022, 1.58338034153, 3.88260269165, 1.92008137703, 0.822263215225, 0.0227014925373
0.728531420231, 0.484397023916, 0.49423417449, 0.600196421146, 0.882876455784, 1.98160290718, 3.88423275948, 1.77348864079, 0.750424364486, -0.0718880597015
0.674757361412, 0.482652038336, 0.50630903244, 0.63102221489, 0.993901491165, 2.63500714302, 3.90756106377, 1.6531971693, 0.677663397377, -0.0727611940299
0.63941347599, 0.483162939548, 0.518941044807, 0.677414596081, 1.10626637936, 3.27302646637, 3.94276571274, 1.57479393482, 0.604902443783, -0.0727611940299
0.609131634235, 0.481128275394, 0.530699253082, 0.70792901516, 1.2133961916, 3.87322258949, 3.95807290077, 1.56305778027, 0.562057073095, -0.0433656716418
0.584670722485, 0.468013554811, 0.516100466251, 0.690487205982, 1.18776226044, 3.85735821724, 3.94106554985, 1.57728886604, 0.547747454185, -0.0195
0.568180859089, 0.456773400307, 0.503808319569, 0.674882113934, 1.15595841408, 3.8413567543, 3.92007374763, 1.59331882, 0.556058246658, 0.0
0.553449571133, 0.445742070675, 0.497552394867, 0.671842098236, 1.17239010334, 3.82758927345, 3.95135736465, 1.5511200428, 0.557359111587, -0.000582089552239
0.534700036049, 0.447813272476, 0.515278279781, 0.734984576702, 1.39558148384, 3.82778382301, 3.44591522217, 1.47573149204, 0.503369466933, -0.0547164179104
0.51171207428, 0.454765737057, 0.545017004013, 0.80139374733, 1.74395143986, 3.82575345039, 2.99950051308, 1.42610144615, 0.430306461367, -0.073052238806
0.497599720955, 0.465598344803, 0.573024630547, 0.902743816376, 2.16478419304, 3.84426093102, 2.59123253822, 1.37579596043, 0.372379227148, -0.0579179104478
0.484468251467, 0.480462938547, 0.615588247776, 1.00467479229, 3.04734706879, 3.88366580009, 2.35004687309, 1.33995652199, 0.299618324242, -0.0727611940299
0.474186331034, 0.489595144987, 0.644170165062, 1.10170090199, 3.73427391052, 3.87893390656, 2.28513884544, 1.34118556976, 0.241425629427, -0.0593731343284
0.468409925699, 0.482697337866, 0.636608421803, 1.08572494984, 3.67989850044, 3.85912060738, 2.30170273781, 1.34899294376, 0.242159943453, -0.0014552238806
0.461307495832, 0.476397186518, 0.626386761665, 1.06872689724, 3.60799717903, 3.83467030525, 2.31648516655, 1.35656249523, 0.24497139813, 2.22044604925e-16
0.454166293144, 0.467259019613, 0.616844713688, 1.05371725559, 3.55700087547, 3.81078958511, 2.32669615746, 1.36389958858, 0.248132769094, 0.00029104477612
0.446908473969, 0.461197376251, 0.60743868351, 1.03896033764, 3.50968670845, 3.78699994087, 2.33919668198, 1.37045431137, 0.252276843537, 2.22044604925e-16
0.440817624331, 0.456555753946, 0.611439347267, 1.06424629688, 3.71544384956, 3.8034286499, 2.20612287521, 1.34802484512, 0.24788924423, -0.00552985074627
0.436764955521, 0.475076109171, 0.655424714088, 1.26212394238, 3.71249365807, 3.82665729523, 1.99575328827, 1.33086037636, 0.181068171057, -0.0669402985075
0.433025360107, 0.498254835606, 0.720070719719, 1.49339938164, 3.70038461685, 3.39017343521, 1.92624247074, 1.33015322685, 0.123826493105, -0.0576268656716
0.42954275012, 0.498138278723, 0.723012983799, 1.4906181097, 3.67615580559, 3.39869809151, 1.93108189106, 1.3299459219, 0.110050109492, -0.0151343283582
0.426288306713, 0.493624746799, 0.717991232872, 1.48099780083, 3.65206408501, 3.40820598602, 1.93530273438, 1.33087337017, 0.111414281707, 0.0
0.423574239016, 0.490358710289, 0.712377905846, 1.47201061249, 3.62801480293, 3.41626358032, 1.9406234026, 1.33365738392, 0.112818334895, 0.00029104477612
0.420108914375, 0.486376404762, 0.708085954189, 1.46203660965, 3.60868859291, 3.42304897308, 1.94457769394, 1.33713126183, 0.114248412615, 0.0
0.4166238904, 0.483207345009, 0.702799916267, 1.45429599285, 3.58462548256, 3.43289899826, 1.94947373867, 1.34061312675, 0.115715046923, 0.0
0.413148701191, 0.479233890772, 0.697455525398, 1.44434595108, 3.5605225563, 3.43981719017, 1.95447361469, 1.34339618683, 0.0740221513228, -0.0436567164179
0.410363584757, 0.475774824619, 0.694182574749, 1.45964646339, 3.54574728012, 3.33234715462, 1.89811062813, 1.33919095993, 0.0742161602291, 2.22044604925e-16
0.410240203142, 0.491911381483, 0.755104660988, 1.81499779224, 3.55181264877, 2.96110105515, 1.79053223133, 1.33201730251, 0.030770329321, -0.0436567164179
0.413544386625, 0.526753664017, 0.859659254551, 2.3286986351, 3.58049917221, 2.52022886276, 1.67509055138, 5.0, -0.0637708760275, -0.0946434849254
0.418003499508, 0.568701088428, 0.994296371937, 3.50050783157, 3.61704325676, 2.31110572815, 1.59297776222, 5.0, -0.0783229728415, -0.014552238806
0.4213321805, 0.595663189888, 1.05033242702, 3.53327703476, 3.61538815498, 2.27146196365, 1.58766388893, 5.0, -0.112135035134, -0.0334701492537
0.424127846956, 0.598447680473, 1.05356776714, 3.50900506973, 3.58959627151, 2.27155017853, 1.58623218536, 5.0, -0.200345056414, -0.0873134328358
0.425942003727, 0.600817799568, 1.05554389954, 3.48503041267, 3.56924533844, 2.27042412758, 1.58434867859, 5.0, -0.202494616777, 0.0
0.428040057421, 0.60344594717, 1.05935502052, 3.46567893028, 3.54426598549, 2.26748013496, 1.58250033855, 5.0, -0.20524638905, 2.22044604925e-16
0.430076926947, 0.605632841587, 1.06363785267, 3.43658185005, 3.51941347122, 2.26426172256, 1.58013391495, 1.31334578991, -0.133888916294, 0.0727611940299
0.431680679321, 0.608315706253, 1.06792414188, 3.41717123985, 3.49456787109, 2.26163697243, 1.57775902748, 1.31133294106, -0.135376199976, -2.22044604925e-16
0.433693856001, 0.611045002937, 1.07225143909, 3.39290046692, 3.46975493431, 2.2583258152, 1.57535874844, 1.30930876732, -0.137282128559, 0.0
0.435718506575, 0.613791644573, 1.07663762569, 3.36862516403, 3.44989490509, 2.25497174263, 1.57343327999, 1.30769634247, -0.139242137527, 0.0
0.437734037638, 0.615971684456, 1.08010530472, 3.34434652328, 3.42505860329, 2.25160694122, 1.5705537796, 1.30568408966, -0.141258546066, 0.0
0.439746052027, 0.619247913361, 1.08450305462, 3.32002973557, 3.40021586418, 2.2482047081, 1.568608284, 1.30367159843, -0.143620640764, -0.000291044776119
0.441763103008, 0.621442735195, 1.08886182308, 3.29579877853, 3.37543082237, 2.24485969543, 1.56621301174, 1.30165457726, -0.145761531781, 0.0
0.443778425455, 0.62416434288, 1.09321212769, 3.27634096146, 3.35058903694, 2.24212694168, 1.56379628181, 1.29963827133, -0.147966741882, 0.0
0.445390701294, 0.626907110214, 1.09672820568, 3.25202560425, 3.33066678047, 2.2388522625, 1.56142103672, 1.29802775383, -0.149779176252, -4.4408920985e-16
0.447401165962, 0.629073441029, 1.10101282597, 3.23264074326, 3.30586123466, 2.23628735542, 1.55953657627, 1.29601705074, -0.152107639005, 0.0
0.449009358883, 0.631795585155, 1.10534310341, 3.20837211609, 3.28100252151, 2.23294878006, 1.55714488029, 1.29398846626, -0.154022773446, 0.0
0.451034128666, 0.634499907494, 1.1096162796, 3.18409180641, 3.26111674309, 2.22970819473, 1.55523991585, 1.29238092899, -0.156485029857, 0.0
0.452642023563, 0.636679768562, 1.11308169365, 3.15977787971, 3.23625302315, 2.22639369965, 1.55286109447, 1.29036867619, -0.158511769647, 4.4408920985e-16
0.455052345991, 0.639391362667, 1.11654949188, 3.14034748077, 3.21637630463, 2.22375035286, 1.55049097538, 1.28876912594, -0.161355013054, 0.000291044776119
0.456656634808, 0.642098665237, 1.12087011337, 3.11609077454, 3.18666481972, 2.22035479546, 1.5480825901, 1.2867565155, -0.163513485485, 0.0
0.458664387465, 0.644819140434, 1.12520110607, 3.09185814857, 3.16678333282, 2.21707582474, 1.54616641998, 1.28474366665, -0.166293403393, 0.0
0.460684299469, 0.647008180618, 1.12953162193, 3.07243657112, 3.14187312126, 2.21381402016, 1.54379951954, 1.28273224831, -0.169168561032, 0.0
0.46268337965, 0.649705410004, 1.13386201859, 3.04807567596, 3.11710000038, 2.21111726761, 1.54138827324, 1.28072464466, -0.172143887984, 0.0
0.46429669857, 0.652453780174, 1.13739669323, 3.02383470535, 3.09224414825, 2.20765519142, 1.53896689415, 1.27871608734, -0.174599802009, 0.0
0.466307163239, 0.655191838741, 1.14265227318, 2.99957227707, 3.07242894173, 2.20438075066, 1.53706562519, 1.27710962296, -0.177768968435, 0.0
0.468315184116, 0.657895803452, 1.14608192444, 2.9753112793, 3.04257273674, 2.20112347603, 1.53424143791, 1.27470970154, -0.181054026406, 0.0
0.470310032368, 0.660589456558, 1.1512029171, 2.95100235939, 3.02271294594, 2.19783091545, 1.53184115887, 1.27309966087, -0.184461376323, 0.0
0.472321420908, 0.663295030594, 1.15461587906, 2.92674398422, 2.99786496162, 2.19464635849, 1.52948915958, 1.27067863941, -0.187997892763, 0.0
0.474337697029, 0.66600728035, 1.15890359879, 2.90246939659, 2.97302675247, 2.1913061142, 1.52757358551, 1.26905333996, -0.262577559379, -0.0727611940299
0.476359188557, 0.668173313141, 1.16319918633, 2.87818527222, 2.94816255569, 2.18815565109, 1.52480196953, 1.26704955101, -0.267727004708, 0.0
0.478365927935, 0.671397030354, 1.16738152504, 2.85389137268, 2.92326235771, 2.18558526039, 1.52283835411, 1.26542067528, -0.273077322475, 0.0
0.47999048233, 0.673623979092, 1.17098283768, 2.83444976807, 2.90341448784, 2.18211770058, 1.52042162418, 1.26340281963, -0.21706732204, 0.0582089552239
0.482009708881, 0.67580384016, 1.1753153801, 2.81507825851, 2.87859010696, 2.17940425873, 1.51850295067, 1.26138305664, -0.221546404358, 0.0
0.483627289534, 0.678539812565, 1.17966639996, 2.79079604149, 2.85381674767, 2.17538404465, 1.51608765125, 1.25936794281, -0.225262699207, 0.0
0.486048936844, 0.681283652782, 1.1841186285, 2.76647043228, 2.83391022682, 2.17268037796, 1.5136705637, 1.25774526596, -0.231353781496, -0.00029104477612
0.487662881613, 0.683997869492, 1.18752634525, 2.7421939373, 2.80413579941, 2.16935396194, 1.51176297665, 1.25573730469, -0.235398023135, 0.0
0.489680230618, 0.686198472977, 1.1919708252, 2.72275447845, 2.78425145149, 2.16594910622, 1.50933814049, 1.25371074677, -0.240652664914, 2.22044604925e-16
0.491699457169, 0.688939154148, 1.19630146027, 2.69361829758, 2.75940775871, 2.1625995636, 1.50645184517, 1.25169169903, -0.246142394538, 0.0
0.493727177382, 0.69169652462, 1.20075619221, 2.6741733551, 2.739538908, 2.15986299515, 1.50498557091, 1.25007760525, -0.251882995141, 0.0
0.495336323977, 0.693894147873, 1.20429205894, 2.64989876747, 2.71472668648, 2.15646052361, 1.50256466866, 1.24805569649, -0.25666760513, 0.0
0.497363388538, 0.696631669998, 1.20861148834, 2.63048005104, 2.69485521317, 2.15380907059, 1.50019443035, 1.24643325806, -0.262904146532, 0.0
0.498976498842, 0.699342012405, 1.21203434467, 2.60621905327, 2.67003703117, 2.15045189857, 1.49824130535, 1.2444164753, -0.268110565911, -4.4408920985e-16
0.500997662544, 0.701557576656, 1.21649324894, 2.58674025536, 2.64522194862, 2.14777517319, 1.49584269524, 1.24281156063, -0.274908416276, 2.22044604925e-16
0.502611637115, 0.704297244549, 1.22000181675, 2.56251454353, 2.62536048889, 2.14442396164, 1.49341368675, 1.24077951908, -0.280593354637, 6.66133814775e-16
0.504641234875, 0.7070556283, 1.22441542149, 2.53818440437, 2.60047864914, 2.14100313187, 1.49147689342, 1.23875319958, -0.287723223135, 0.000291044776119
0.506265044212, 0.709255337715, 1.22794902325, 2.51876354218, 2.57564043999, 2.13756608963, 1.48903715611, 1.23672926426, -0.293946919768, 0.0
0.508291780949, 0.712000131607, 1.23320329189, 2.49447464943, 2.55579900742, 2.13489246368, 1.48662281036, 1.23511397839, -0.302103801604, 0.0
0.510307192802, 0.7147590518, 1.23677206039, 2.47017288208, 2.52599334717, 2.13146352768, 1.48419415951, 1.23268330097, -0.310711252501, 0.0
0.512338042259, 0.717491269112, 1.24112844467, 2.44586777687, 2.50611138344, 2.12808918953, 1.48226571083, 1.23105990887, -0.31980627757, 0.0
0.513962626457, 0.719699680805, 1.24549949169, 2.42647719383, 2.48131227493, 2.12544631958, 1.47986078262, 1.22903168201, -0.327460752553, 0.0
0.516392111778, 0.722437739372, 1.24901652336, 2.40218901634, 2.46143746376, 2.12203741074, 1.47743606567, 1.227409482, -0.353132462584, -0.014552238806
0.518022894859, 0.725190281868, 1.25340485573, 2.37788558006, 2.4365735054, 2.11871981621, 1.47501599789, 1.22537374496, -0.34862922474, 0.014552238806
0.520040810108, 0.727928578854, 1.25777983665, 2.3536055088, 2.41175365448, 2.11529326439, 1.47307956219, 1.22335350513, -0.360002309153, 0.0
0.522086620331, 0.73015499115, 1.26219928265, 2.32933354378, 2.38692808151, 2.11195254326, 1.47017562389, 1.22132134438, -0.372106836086, 0.0
0.524108886719, 0.733434736729, 1.26658606529, 2.30507111549, 2.36211323738, 2.10927295685, 1.4682611227, 1.21931004524, -0.385011797284, 0.0
0.525713264942, 0.735617876053, 1.27006530762, 2.28560709953, 2.33724498749, 2.10587286949, 1.46585702896, 1.21728479862, -0.448623169369, -0.0582089552239
0.527738928795, 0.738363385201, 1.27445411682, 2.26133131981, 2.31739473343, 2.10245323181, 1.46388828754, 1.21565914154, -0.46474359883, 0.0
0.529366254807, 0.740032732487, 1.27806568146, 2.24671053886, 2.3024520874, 2.10042619705, 1.46243739128, 1.21444177628, -0.478432570177, 2.22044604925e-16
0.530991792679, 0.742239177227, 1.2815592289, 2.22731375694, 2.27762556076, 2.09773468971, 1.46003329754, 1.21282887459, -0.427350605447, 0.0582089552239
0.532604396343, 0.744982123375, 1.28506362438, 2.20785236359, 2.25778913498, 2.09499335289, 1.45808279514, 1.21121191978, -0.440553806371, 0.0
0.533816218376, 0.746635496616, 1.28859853745, 2.18844103813, 2.24287652969, 2.09229874611, 1.45614945889, 1.20959329605, -0.450966782765, 2.22044604925e-16
0.535849571228, 0.749372780323, 1.29210853577, 2.16415405273, 2.21307039261, 2.08893704414, 1.45374250412, 1.20716643333, -0.469376081376, 0.0
0.537862539291, 0.752101421356, 1.29644179344, 2.13984632492, 2.19315958023, 2.08633875847, 1.45186686516, 1.20555341244, -0.489226216209, 0.0
0.53947365284, 0.754271388054, 1.29986453056, 2.12043094635, 2.17329692841, 2.08301949501, 1.44945132732, 1.20393633842, 0, -2.22044604925e-16
0.541489064693, 0.757014036179, 1.30426311493, 2.09618258476, 2.14850997925, 2.07956981659, 1.44749331474, 1.20191931725, 0, 0.0
0.543513596058, 0.759217619896, 1.3086783886, 2.07671165466, 2.12367558479, 2.07622718811, 1.44508719444, 1.19989681244, 0, -0.000291044776119
0.545541346073, 0.761958539486, 1.3130582571, 2.05245661736, 2.09879541397, 2.07360935211, 1.44271612167, 1.1978662014, 0, 0.0
0.547160863876, 0.764674067497, 1.31734871864, 2.02814245224, 2.07392597198, 2.07024717331, 1.44029223919, 1.19584059715, 0, -4.4408920985e-16
0.549185812473, 0.767410933971, 1.32170605659, 2.00385332108, 2.05406928062, 2.06692695618, 1.4379273653, 1.19383466244, 0, 0.0
0.551190018654, 0.770125329494, 1.32602357864, 1.97955203056, 2.02425503731, 2.06363511086, 1.43552076817, 1.19221353531, 0, 2.22044604925e-16
0.55321264267, 0.772858142853, 1.33023631573, 1.95529949665, 2.00437116623, 2.06049180031, 1.43366718292, 1.19019699097, 0, 2.22044604925e-16
0.555225491524, 0.775524377823, 1.33361148834, 1.93100786209, 1.97950565815, 2.05719232559, 1.43078780174, 1.18817043304, 0, 2.22044604925e-16
0.557248294353, 0.777727544308, 1.33804798126, 1.91156947613, 1.95963537693, 2.05446386337, 1.4288547039, 1.1865555048, 0, 0.0
0.558866858482, 0.780456781387, 1.34150636196, 1.88725543022, 1.93476724625, 2.05112099648, 1.42645120621, 1.1845395565, 0, 0.00029104477612
0.560887932777, 0.782654643059, 1.34585928917, 1.86784338951, 1.90996706486, 2.04848885536, 1.42454791069, 1.18251657486, 0, 0.0
0.562496960163, 0.785348176956, 1.35012042522, 1.84358179569, 1.88511776924, 2.0445690155, 1.42218470573, 1.18051922321, 0, 0.0
0.564494609833, 0.78805243969, 1.35325729847, 1.82080805302, 1.86173558235, 2.04354310036, 1.4189273119, 1.17643272877, 0, 0.0
0.569187521935, 0.793047726154, 1.35732495785, 1.79997003078, 1.84371459484, 2.03814172745, 1.4155921936, 1.17410767078, 0, 0.0
0.570310115814, 0.7947524786, 1.36323869228, 1.78387951851, 1.82866954803, 2.0358839035, 1.41571140289, 1.17538928986, 0, -0.000291044776119
0.569632411003, 0.794322907925, 1.36363518238, 1.76065087318, 1.80519044399, 2.03493356705, 1.41459035873, 1.17394661903, 0, -4.4408920985e-16
0.571037530899, 0.796725749969, 1.36783766747, 1.74121904373, 1.78530323505, 2.03167414665, 1.4122068882, 1.17233383656, 0, 0.0
0.573052823544, 0.799453377724, 1.37133526802, 1.71693181992, 1.75545561314, 2.02833151817, 1.40980887413, 1.17031311989, 0, 0.0
0.575076758862, 0.802167713642, 1.37563431263, 1.69260883331, 1.73557555676, 2.02507352829, 1.4074331522, 1.16829502583, 0, -0.0727611940299
0.577091693878, 0.80489885807, 1.37997233868, 1.66832101345, 1.70584583282, 2.0004928112, 1.40501439571, 1.16626906395, 0, 0.0
0.579116404057, 0.807642698288, 1.38435947895, 1.64407861233, 1.68594205379, 1.97746121883, 1.40308713913, 1.16464424133, 0, 0.0
0.580741286278, 0.809810101986, 1.3877903223, 1.62461459637, 1.66109585762, 1.94871449471, 1.4006793499, 1.16222310066, 0, 0.0582089552239
0.582755923271, 0.812567055225, 1.39220762253, 1.60032606125, 1.64120221138, 1.91990303993, 1.39875388145, 1.16060781479, 0, 0.0
0.584370791912, 0.814750254154, 1.39568305016, 1.58107471466, 1.61604237556, 1.8970451355, 1.3948417902, 1.15830397606, 0, 2.22044604925e-16
0.586818635464, 0.819034337997, 1.40490233898, 1.55215477943, 1.59240949154, 1.86454844475, 1.39248228073, 1.1566182375, 0, 0.0
0.588886737823, 0.821131825447, 1.40841209888, 1.53280127048, 1.56764662266, 1.84157788754, 1.39051783085, 1.15498435497, 0, 0.0
0.590513408184, 0.823349535465, 1.41110467911, 1.51825881004, 1.55277645588, 1.82437634468, 1.38904821873, 1.1533536911, 0, -2.22044604925e-16
