0.59595066309, 0.769507467747, 1.21826827526, 3.32225489616, 2.6469180584, 0.915324985981, 0.565920889378, 0.430536746979, 0.367340278993, 0.000344977462715
0.596174180508, 0.769789993763, 1.21878647804, 3.32445549965, 2.64503526688, 0.914879500866, 0.565655589104, 0.430353194475, 0.365886957774, -0.00111024641788
0.59616535902, 0.769833981991, 1.21890366077, 3.32548356056, 2.64435958862, 0.91477316618, 0.56561344862, 0.430358469486, 0.366978463136, 0.0
0.596156954765, 0.769910097122, 1.21915888786, 3.32790327072, 2.64244365692, 0.914389669895, 0.565499842167, 0.430336803198, 0.368351617653, 0.0
0.5961830616, 0.770228028297, 1.22011554241, 3.33420109749, 2.63724446297, 0.913934707642, 0.565387368202, 0.430417686701, 0.369734612699, 0.0
0.596087515354, 0.77021920681, 1.22076702118, 3.33966040611, 2.62995839119, 0.912945270538, 0.564911901951, 0.430319786072, 0.37083370845, -0.000291044776119
0.596218824387, 0.770877957344, 1.22230553627, 3.35311508179, 2.6226785183, 0.911750793457, 0.564661800861, 0.430351763964, 0.371954429292, 0.0
0.596086740494, 0.771005153656, 1.22301602364, 3.35816693306, 2.61831045151, 0.911861717701, 0.565018773079, 0.430778414011, 0.373364444087, 0.0
0.595697700977, 0.770940124989, 1.22381854057, 3.36676096916, 2.61096358299, 0.910834670067, 0.564670085907, 0.430757701397, 0.374784682818, 2.5890747879e-16
0.595753371716, 0.771409153938, 1.22496366501, 3.37515997887, 2.60549259186, 0.910212397575, 0.564460873604, 0.430713385344, 0.376215251297, 0.0
0.595828294754, 0.771689474583, 1.22562909126, 3.37965154648, 2.60289001465, 0.909795105457, 0.564213514328, 0.430587649345, 0.377656256712, 0.0
0.595943272114, 0.771898210049, 1.22587513924, 3.38051891327, 2.60212802887, 0.909579277039, 0.564081728458, 0.43048247695, 0.379107807646, 0.0
0.596054077148, 0.771995544434, 1.22602117062, 3.3806848526, 2.60191035271, 0.909424304962, 0.563964724541, 0.430381625891, 0.380570014102, 0.0
0.596140444279, 0.772129833698, 1.22618770599, 3.38067674637, 2.60168218613, 0.909280955791, 0.56386500597, 0.430277556181, 0.382042987519, 0.0
0.596235632896, 0.772227048874, 1.22635698318, 3.38107895851, 2.60130000114, 0.9091168046, 0.563752770424, 0.430192500353, 0.383229194285, -5.1738127671e-16
0.596320569515, 0.772368252277, 1.22661101818, 3.38196182251, 2.60065627098, 0.90886682272, 0.563623905182, 0.430092453957, 0.384721833737, 4.33680868994e-19
0.596421003342, 0.772466123104, 1.22679519653, 3.38294649124, 2.59979891777, 0.908593952656, 0.5634329319, 0.429981380701, 0.386225560023, 4.33680868994e-19
0.59653955698, 0.772667765617, 1.22704398632, 3.38352823257, 2.59927344322, 0.908480107784, 0.563368499279, 0.429897725582, 0.387740490249, 4.33680868994e-19
0.59661501646, 0.772752940655, 1.22715210915, 3.38333773613, 2.59919524193, 0.908295750618, 0.563239753246, 0.429797291756, 0.38896058095, 0.0
0.596733927727, 0.772854089737, 1.22732007504, 3.38366603851, 2.59907197952, 0.908215820789, 0.563128829002, 0.42970225215, 0.390804438708, 4.33680868994e-19
0.596810042858, 0.772956550121, 1.22738516331, 3.38375782967, 2.59858584404, 0.908000826836, 0.562987208366, 0.429583132267, 0.392330854345, 0.000291044776119
0.596950769424, 0.77311205864, 1.22763347626, 3.38435673714, 2.59825992584, 0.907834947109, 0.562907874584, 0.429510682821, 0.394203874128, 8.67361737988e-19
0.59701615572, 0.773196816444, 1.22783732414, 3.38543343544, 2.59690308571, 0.907550036907, 0.562695264816, 0.42940312624, 0.395461996361, 8.67361737988e-19
0.597134947777, 0.773447394371, 1.22827672958, 3.3868792057, 2.59600973129, 0.907278180122, 0.56254607439, 0.429260551929, 0.396751162985, -0.000291044776119
0.597251832485, 0.773585259914, 1.2284822464, 3.38778614998, 2.5952501297, 0.907031774521, 0.562422990799, 0.429195553064, 0.39834547057, -4.33680868994e-19
0.597347676754, 0.773697972298, 1.22867596149, 3.38815283775, 2.59500384331, 0.90691357851, 0.56234818697, 0.429098874331, 0.399951949973, -4.33680868994e-19
0.597427845001, 0.773788928986, 1.22880911827, 3.38841962814, 2.5947060585, 0.906757712364, 0.562223851681, 0.429007440805, 0.40157073273, -4.33680868994e-19
0.597529411316, 0.773893237114, 1.228926301, 3.3883368969, 2.59464263916, 0.906562030315, 0.562084197998, 0.428891807795, 0.40157073273, 0.0
0.597642302513, 0.774050831795, 1.22919881344, 3.38965702057, 2.59355711937, 0.906305134296, 0.561938762665, 0.428788602352, 0.403201952141, 0.0
0.597735762596, 0.774206221104, 1.22942996025, 3.39048504829, 2.59285950661, 0.906115472317, 0.561773478985, 0.428691893816, 0.404845743299, 0.0
0.597837924957, 0.774335503578, 1.22960972786, 3.39075064659, 2.59253811836, 0.905899345875, 0.561655461788, 0.428596436977, 0.406169919824, 0.0
0.597936689854, 0.774508118629, 1.22990703583, 3.39199590683, 2.59152245522, 0.905638754368, 0.561525940895, 0.428495287895, 0.407836686379, 0.0
0.598027586937, 0.774608552456, 1.2301388979, 3.39317536354, 2.59054636955, 0.905389785767, 0.561368048191, 0.428402900696, 0.409516412701, 0.0
0.59814697504, 0.774808466434, 1.23045861721, 3.39385271072, 2.58991742134, 0.905203938484, 0.561207473278, 0.428280472755, 0.41120924094, 0.0
0.598252058029, 0.774962365627, 1.23065757751, 3.39452576637, 2.58931255341, 0.951377213001, 0.561070024967, 0.428169131279, 0.412915315173, -2.5890747879e-16
0.598369002342, 0.775077998638, 1.23082959652, 3.39508795738, 2.5887773037, 0.951195657253, 0.560973644257, 0.428071051836, 0.414634781431, 0.0
0.59843981266, 0.775162935257, 1.23098731041, 3.39526104927, 2.5884552002, 0.951031804085, 0.560859143734, 0.427984505892, 0.416020096096, 0.0
0.598542571068, 0.775276899338, 1.23116219044, 3.39562940598, 2.58820796013, 0.95087647438, 0.560724258423, 0.427888989449, 0.418114484106, 0.0
0.598642706871, 0.77542424202, 1.23132574558, 3.39645266533, 2.58747768402, 0.950692355633, 0.560633063316, 0.427793353796, 0.419521800185, 0.0
0.59873509407, 0.775526344776, 1.23153209686, 3.3966050148, 2.58723950386, 0.950508773327, 0.560511350632, 0.427725344896, 0.421293523321, 0.0
0.598807930946, 0.775633752346, 1.23167622089, 3.39711928368, 2.58683633804, 0.950374007225, 0.560421824455, 0.427655637264, 0.422721061501, 4.33680868994e-19
0.598880887032, 0.775743305683, 1.23182654381, 3.39754796028, 2.58632183075, 0.950249373913, 0.560318827629, 0.427572101355, 0.423797694545, 5.1738127671e-16
0.598955690861, 0.77585619688, 1.23200666904, 3.39814400673, 2.58573889732, 0.950051248074, 0.560204267502, 0.427488863468, 0.425241243221, -5.1738127671e-16
0.599021971226, 0.775956213474, 1.23215985298, 3.39862656593, 2.5854537487, 0.949942350388, 0.560121774673, 0.42742151022, 0.426329978212, 4.33680868994e-19
0.599107027054, 0.776076555252, 1.23236560822, 3.39987802505, 2.58467292786, 0.949728250504, 0.559984385967, 0.42732539773, 0.427789789511, 5.11960265848e-16
0.599207162857, 0.776194930077, 1.23254847527, 3.39995074272, 2.5842897892, 0.949542999268, 0.559836745262, 0.427215188742, 0.429915146669, 0.000291044776119
0.599335312843, 0.77635550499, 1.23280739784, 3.40087771416, 2.58347988129, 0.949244976044, 0.559662461281, 0.427076905966, 0.431769162706, 0.0
0.599442243576, 0.776482284069, 1.23300433159, 3.4013209343, 2.58290076256, 0.9490660429, 0.559579491615, 0.426985621452, 0.4336382201, 0.0
0.599542856216, 0.776609182358, 1.23324358463, 3.40202665329, 2.58235573769, 0.948848485947, 0.559438467026, 0.426883906126, 0.435522489422, 0.0
0.599634885788, 0.776721000671, 1.2334138155, 3.40232419968, 2.58206558228, 0.948720037937, 0.559313118458, 0.426756262779, 0.437127284919, -0.00029104477612
0.599754095078, 0.776907145977, 1.23363769054, 3.40278625488, 2.58116745949, 0.948429167271, 0.559121370316, 0.4266282022, 0.438657225893, -5.16513914972e-16
0.599881470203, 0.777095198631, 1.23399877548, 3.40423440933, 2.58041286469, 0.94815325737, 0.558954596519, 0.426536232233, 0.440583787572, 1.30104260698e-18
0.600003063679, 0.777233600616, 1.23414814472, 3.40453529358, 2.57990479469, 0.947981536388, 0.558857262135, 0.426442265511, 0.442526223125, 1.30104260698e-18
0.600067913532, 0.777334988117, 1.23435091972, 3.40509843826, 2.57945394516, 0.947824895382, 0.558712363243, 0.42632329464, 0.444091723083, 5.18248638448e-16
0.600186228752, 0.777490258217, 1.23460638523, 3.40600252151, 2.5787115097, 0.947515845299, 0.558565080166, 0.426211059093, 0.444091723083, 0.0
0.60029822588, 0.777642190456, 1.23481416702, 3.40653133392, 2.57803153992, 0.94734531641, 0.589880526066, 0.426125526428, 0.446063192351, 0.0
0.600409090519, 0.777778804302, 1.23501074314, 3.40720176697, 2.57773303986, 0.947180271149, 0.589760303497, 0.42600363493, 0.448051051943, 0.0
0.600506305695, 0.777876615524, 1.23516905308, 3.40726065636, 2.57725453377, 0.946986675262, 0.589630723, 0.425918608904, 0.450055491203, 0.0
0.600616157055, 0.778050899506, 1.2353746891, 3.40774607658, 2.5770983696, 0.946793735027, 0.589508295059, 0.425787180662, 0.452076702112, 0.0
0.600744128227, 0.778154790401, 1.23559820652, 3.40838050842, 2.57640719414, 0.946595191956, 0.589355826378, 0.425668925047, 0.454524568052, 0.0
0.600840210915, 0.778300821781, 1.23573184013, 3.40864706039, 2.57604265213, 0.946416795254, 0.58922201395, 0.425581753254, 0.456170220235, 0.0
0.600948214531, 0.778448462486, 1.23595333099, 3.40917110443, 2.57563710213, 0.946207880974, 0.589075565338, 0.425469875336, 0.458242924962, 2.5890747879e-16
0.601050913334, 0.778548240662, 1.23618137836, 3.40993404388, 2.57496285439, 0.945994257927, 0.588953852654, 0.425373643637, 0.460333196445, 0.0
0.601159751415, 0.778693318367, 1.23642647266, 3.41077637672, 2.57390975952, 0.945739924908, 0.588825404644, 0.425270408392, 0.462441240461, 0.0
0.601267278194, 0.778833031654, 1.23661255836, 3.41141104698, 2.57365083694, 0.945547521114, 0.588692069054, 0.425153613091, 0.464567265666, 0.0
0.601377487183, 0.778966605663, 1.23677611351, 3.41146612167, 2.5736322403, 0.945448756218, 0.58860450983, 0.425044298172, 0.466711483642, 0.0
0.601483047009, 0.779093801975, 1.23695588112, 3.41195750237, 2.57302260399, 0.945188462734, 0.588440179825, 0.424957871437, 0.468874108938, 0.0
0.601551175117, 0.779241800308, 1.23718714714, 3.41306900978, 2.57212758064, 0.944979429245, 0.588314294815, 0.424863696098, 0.470617608544, -5.1738127671e-16
0.601664602757, 0.779354333878, 1.23741424084, 3.41356921196, 2.57154750824, 0.944768309593, 0.588149487972, 0.424746692181, 0.473100549636, 0.000291044776119
0.601779103279, 0.779540002346, 1.23762643337, 3.41388511658, 2.57117629051, 0.944552004337, 0.587985932827, 0.424617737532, 0.475317103319, 5.85469173142e-18
0.601914942265, 0.779681384563, 1.23782491684, 3.41430974007, 2.57083463669, 0.944367289543, 0.587853908539, 0.424508661032, 0.477552915004, 8.67361737988e-19
0.602019846439, 0.779821395874, 1.23802483082, 3.41478896141, 2.57035279274, 0.944139778614, 0.587731480598, 0.424457579851, 0.479512640079, -0.000291044776119
0.602129638195, 0.779959499836, 1.23823523521, 3.41528320312, 2.56986021996, 0.944008350372, 0.587605595589, 0.449310898781, 0.481330018686, 5.1738127671e-16
0.602237701416, 0.780060708523, 1.23837423325, 3.4155755043, 2.56959629059, 0.943890094757, 0.5875415802, 0.449257105589, 0.483160133234, -4.33680868994e-19
0.602272868156, 0.780102074146, 1.23843288422, 3.4159142971, 2.56927657127, 0.943717837334, 0.587446630001, 0.449182659388, 0.484541150422, -5.17814957579e-16
0.602347671986, 0.780200123787, 1.23862493038, 3.41620016098, 2.56899642944, 0.943597733974, 0.58736115694, 0.449092566967, 0.485929452109, 5.1738127671e-16
0.602418422699, 0.780310630798, 1.23874509335, 3.41715502739, 2.56819605827, 0.943362832069, 0.58722615242, 0.448999613523, 0.487325090687, -4.33680868994e-19
0.602510869503, 0.780444920063, 1.23898148537, 3.41741728783, 2.5678460598, 0.943263709545, 0.587126553059, 0.448935419321, 0.489197446452, -5.17814957579e-16
0.602594792843, 0.780526161194, 1.23913121223, 3.41795682907, 2.56741261482, 0.94304728508, 0.587009429932, 0.448825418949, 0.491083066029, 4.33680868994e-19
0.602685153484, 0.780678927898, 1.239341259, 3.41852974892, 2.56690764427, 0.942909002304, 0.586906075478, 0.448739022017, 0.49298207731, 5.1738127671e-16
0.602797925472, 0.780799388885, 1.23948740959, 3.41872000694, 2.56633162498, 0.942683935165, 0.586729586124, 0.448623389006, 0.495374870654, -4.33680868994e-19
0.602906823158, 0.780974626541, 1.23978340626, 3.41978883743, 2.56573486328, 0.942447185516, 0.586582005024, 0.448514908552, 0.497789046502, -4.33680868994e-19
0.603016555309, 0.781123638153, 1.24002850056, 3.42057061195, 2.56497335434, 0.942222058773, 0.586434006691, 0.448408097029, 0.497789046502, 0.0
0.60312718153, 0.781280636787, 1.24029934406, 3.42193317413, 2.56393909454, 0.941946446896, 0.586284279823, 0.448304086924, 0.500224864236, 0.0
0.603237092495, 0.781418263912, 1.24049961567, 3.42203712463, 2.56360888481, 0.941776275635, 0.586152374744, 0.448169291019, 0.502682586882, 0.0
0.603340148926, 0.781558454037, 1.24074983597, 3.42273449898, 5.0, 0.941552758217, 0.586004555225, 0.448072016239, 0.505162481162, 0.0
0.603456735611, 0.781703531742, 1.24099123478, 3.42342448235, 5.0, 0.941316962242, 0.58585858345, 0.447943836451, 0.507664817538, 0.0
0.603565990925, 0.781856477261, 1.24124598503, 3.42429447174, 5.0, 0.941106259823, 0.585708141327, 0.447820901871, 0.510189870265, 0.0
0.603688418865, 0.782026529312, 1.24151778221, 3.42515826225, 5.0, 0.940819382668, 0.58553981781, 0.447694510221, 0.512737917444, -2.5890747879e-16
0.603814482689, 0.782172322273, 1.24168395996, 3.42562270164, 5.0, 0.940590858459, 0.585416197777, 0.447610408068, 0.515309241067, 0.0
0.603922784328, 0.782301306725, 1.24192905426, 3.42642688751, 5.0, 0.94039362669, 0.585275530815, 0.447489470243, 0.517904127072, 5.17814957579e-16
0.604038834572, 0.782416522503, 1.24204218388, 3.42621946335, 5.0, 0.940255045891, 0.585160732269, 0.447377532721, 0.520522865391, 0.0
0.604153811932, 0.782587766647, 1.24225389957, 3.42682170868, 5.0, 0.94002866745, 0.584979057312, 0.447265416384, 0.523165750002, 0.0
0.604265809059, 0.78270483017, 1.24246907234, 3.42718029022, 5.0, 0.939872384071, 0.584871351719, 0.447158277035, 0.52583307898, 0.0
0.604351043701, 0.782843053341, 1.24268126488, 3.42795467377, 5.0, 0.93959069252, 0.58472019434, 0.447045296431, 0.527973947076, -5.1738127671e-16
0.604489386082, 0.782998561859, 1.24294638634, 3.42863082886, 5.0, 0.939400613308, 0.584564507008, 0.446930199862, 0.531231364301, 5.1738127671e-16
0.604578971863, 0.783160746098, 1.24321138859, 3.42954802513, 5.0, 0.939086079597, 0.584404349327, 0.44679915905, 0.533423232401, -5.1738127671e-16
0.604709506035, 0.783339858055, 1.24344813824, 3.43072724342, 5.0, 0.93888682127, 0.584246516228, 0.446712017059, 0.536186139096, 4.33680868994e-19
0.604814529419, 0.783478498459, 1.24367594719, 3.43126797676, 5.0, 0.938653469086, 0.584095418453, 0.446598857641, 0.538974978276, 8.67361737988e-19
0.604929685593, 0.783631682396, 1.24392294884, 3.43217897415, 5.0, 0.938433587551, 0.583955705166, 0.446491897106, 0.541790072765, 4.33680868994e-19
0.605039298534, 0.783800959587, 1.24420130253, 3.43310332298, 5.0, 0.938153445721, 0.583777248859, 0.446366786957, 0.544631749831, 4.33680868994e-19
0.605169832706, 0.783957898617, 1.24445128441, 3.43376231194, 5.0, 0.937978863716, 0.583653271198, 0.446271806955, 0.547500341233, 4.33680868994e-19
0.605260372162, 0.78409576416, 1.24466872215, 3.43455982208, 5.0, 0.937741994858, 0.583511769772, 0.446137458086, 0.549814818518, 5.16947595841e-16
0.605371236801, 0.784235835075, 1.24487864971, 3.43516373634, 5.0, 0.937535405159, 0.583362996578, 0.446044147015, 0.55273270629, -8.67361737988e-19
0.605485498905, 0.784356713295, 1.2451196909, 3.43589115143, 5.0, 0.937246859074, 0.583200037479, 0.445922762156, 0.555678461648, -8.67361737988e-19
0.605612337589, 0.784559428692, 1.2454072237, 3.43677783012, 5.0, 0.937012314796, 0.583078503609, 0.445810079575, 0.558652433871, -8.67361737988e-19
0.605698108673, 0.7846788764, 1.24561238289, 3.43734765053, 5.0, 0.936811625957, 0.582934439182, 0.445693463087, 0.561052165526, -4.33680868994e-19
0.605845808983, 0.784862995148, 1.24585473537, 3.43820142746, 5.0, 0.936575233936, 0.582755386829, 0.44557517767, 0.561052165526, 0.0
0.605954945087, 0.785029768944, 1.24613642693, 3.43910241127, 3.99674367905, 0.93630027771, 0.582590162754, 0.445456057787, 0.564077823413, 0.0
0.606077969074, 0.785189509392, 1.24638199806, 3.43979549408, 3.97708129883, 0.936072409153, 0.582435965538, 0.445337891579, 0.567132701448, 0.0
0.606196165085, 0.78534913063, 1.24664509296, 3.44070696831, 3.94759464264, 0.935804545879, 0.582266926765, 0.445212990046, 0.570217167121, 0.0
0.606321275234, 0.785483658314, 1.24694287777, 3.44169306755, 3.92796969414, 0.935589253902, 0.582139492035, 0.445086807013, 0.573331592822, 0.0
0.606420397758, 0.785654187202, 1.24716818333, 3.44218420982, 3.903383255, 0.935353636742, 0.581977784634, 0.444965064526, 0.575844958006, 2.5890747879e-16
0.606542527676, 0.785832583904, 1.2474783659, 3.44331145287, 3.87880754471, 0.935086190701, 0.581814646721, 0.444838583469, 0.579014265993, 0.0
0.606668651104, 0.785972356796, 1.24761235714, 3.44360184669, 3.85422587395, 0.934889495373, 0.581656396389, 0.44471898675, 0.58221460314, 2.5890747879e-16
0.606788277626, 0.786144435406, 1.24793171883, 3.4443898201, 3.82966065407, 0.934635281563, 0.581480324268, 0.444594293833, 0.585446360848, -5.17814957579e-16
0.606912970543, 0.786300301552, 1.24813461304, 3.44521212578, 3.81001806259, 0.934397757053, 0.581348419189, 0.444500416517, 0.588709935613, 0.0
0.607034265995, 0.786446213722, 1.24833631516, 3.4455473423, 3.78538250923, 0.934176564217, 0.581201851368, 0.444380760193, 0.592005729068, 0.0
0.607152283192, 0.786590993404, 1.24854314327, 3.4459540844, 3.76083731651, 0.933982729912, 0.581077039242, 0.444253206253, 0.595334148013, 0.0
0.607270956039, 0.786714315414, 1.2487783432, 3.44659566879, 3.73632335663, 0.933725059032, 0.580919444561, 0.444140076637, 0.598695604449, 0.0
0.607388913631, 0.78688031435, 1.24903082848, 3.44740509987, 3.71177792549, 0.933550477028, 0.580788314342, 0.444027155638, 0.60207686877, 4.33680868994e-19
0.607501089573, 0.786993265152, 1.24916923046, 3.4472796917, 3.68720126152, 0.933360755444, 0.580650806427, 0.443911850452, 0.605505520802, 4.33680868994e-19
0.607621848583, 0.787151753902, 1.24943447113, 3.4483897686, 3.66264939308, 0.933072686195, 0.580445826054, 0.443785756826, 0.608968476122, 4.33680868994e-19
0.607738316059, 0.787316441536, 1.24969303608, 3.44904232025, 3.63810801506, 0.932902574539, 0.580329418182, 0.443672448397, 0.612466167804, 5.1738127671e-16
0.607834219933, 0.787481367588, 1.24994587898, 3.44981765747, 3.61353754997, 0.932657182217, 0.580171763897, 0.443542212248, 0.615289625758, -4.33680868994e-19
0.607964217663, 0.787636339664, 1.2501142025, 3.45020222664, 3.59390282631, 0.93245023489, 0.580035507679, 0.443454712629, 0.618850951268, -4.33680868994e-19
0.60806530714, 0.787722110748, 1.25029981136, 3.45066022873, 3.56929707527, 0.932234823704, 0.579871296883, 0.443324506283, 0.622448254167, -4.33680868994e-19
0.608197748661, 0.787930130959, 1.25054466724, 3.45109963417, 3.54476118088, 0.932005703449, 0.579750001431, 0.443201422691, 0.626081987873, -4.33680868994e-19
0.6083304286, 0.788062870502, 1.25077617168, 3.45157432556, 3.5202088356, 0.931822836399, 0.579582631588, 0.443086266518, 0.629752611187, -4.33680868994e-19
0.608438432217, 0.788196504116, 1.25090122223, 3.45162343979, 3.49564814568, 0.931634962559, 0.579476594925, 0.442973643541, 0.633460588296, -4.33680868994e-19
0.608556449413, 0.788318932056, 1.25113546848, 3.45229554176, 3.47108626366, 0.931426227093, 0.579298615456, 0.442855328321, 0.637206388772, -4.33680868994e-19
0.608674228191, 0.788472831249, 1.25136780739, 3.4465918541, 3.45144104958, 0.931262254715, 0.579179227352, 0.442734092474, 0.640990487572, -4.33680868994e-19
0.608772337437, 0.788616299629, 1.25152730942, 3.42207574844, 3.42687368393, 0.931046783924, 0.579041481018, 0.442643254995, 0.644045664005, -4.33680868994e-19
0.608884632587, 0.788745522499, 1.25169670582, 3.39754462242, 3.40231132507, 0.930822134018, 0.57891780138, 0.442529976368, 0.644045664005, 0.0
0.608991146088, 0.788852453232, 1.25190711021, 3.37791657448, 3.3777384758, 0.930637776852, 0.578786075115, 0.442410290241, 0.64789991382, 0.0
0.60912579298, 0.789049804211, 1.2521957159, 3.35335612297, 3.35311985016, 0.930430293083, 0.578655004501, 0.442314475775, 0.651793820378, 0.0
0.609191715717, 0.789151489735, 1.25243425369, 3.33368849754, 3.33351516724, 0.93015307188, 0.578482091427, 0.44217890501, 0.654149405368, 0.0
0.609349787235, 0.789350152016, 1.25267267227, 3.30915689468, 3.30893993378, 0.929986298084, 0.578332722187, 0.442060798407, 0.658904371518, -2.5890747879e-16
0.609445214272, 0.789475977421, 1.25279796124, 3.28462696075, 3.28438878059, 0.929735124111, 0.57817029953, 0.441943466663, 0.662107140367, 2.5890747879e-16
0.609562933445, 0.789636313915, 1.25306284428, 3.26008677483, 3.25977778435, 0.929561674595, 0.578043758869, 0.441858649254, 0.66614795009, 0.0
0.609675943851, 0.789750039577, 1.25318062305, 3.23551654816, 3.24005699158, 0.929390311241, 0.577900588512, 0.441736459732, 0.670513575424, 0.000291044776119
0.609796583652, 0.789881646633, 1.25343382359, 3.21098709106, 3.21550035477, 0.929158508778, 0.577777206898, 0.44161143899, 0.674640285849, 0.0
0.609920442104, 0.79003238678, 1.25361382961, 3.18647313118, 3.19094991684, 0.928961932659, 0.577614307404, 0.441504091024, 0.678510595609, -0.00029104477612
0.610026359558, 0.790165364742, 1.25386762619, 3.16682434082, 3.16635298729, 0.928715884686, 0.577483057976, 0.441382169724, 0.682722286219, 0.0
0.610123872757, 0.790326178074, 1.25408530235, 3.14229130745, 3.14178395271, 0.928498148918, 0.57733041048, 0.441258460283, 0.686123353237, 5.17814957579e-16
0.610247254372, 0.790480136871, 1.25433433056, 3.11777114868, 3.11721491814, 0.928314447403, 0.577171266079, 0.441133618355, 0.690414782676, 0.0
0.610371828079, 0.790654718876, 1.25460410118, 3.09316158295, 3.09267878532, 0.928038477898, 0.577008485794, 0.441014349461, 0.694751269875, -4.33680868994e-19
0.610491156578, 0.790821552277, 1.2548211813, 3.07355260849, 3.07298612595, 0.927767932415, 0.576846659184, 0.440925210714, 0.699133362513, -4.33680868994e-19
0.610599160194, 0.790943264961, 1.25510859489, 3.04409074783, 3.04846119881, 0.927518129349, 0.576718211174, 0.440801024437, 0.703561612842, -4.33680868994e-19
0.61073410511, 0.791128277779, 1.25537216663, 3.02445578575, 3.02388119698, 0.927241504192, 0.576548933983, 0.440680295229, 0.708036577567, -4.33680868994e-19
0.61084574461, 0.791288018227, 1.25563704967, 2.99504709244, 2.99936819077, 0.927043199539, 0.576406657696, 0.440564751625, 0.712558817718, -5.1738127671e-16
0.610962569714, 0.79143434763, 1.2558836937, 2.9753909111, 2.97478342056, 0.926821947098, 0.576238930225, 0.440461605787, 0.717128898502, 4.33680868994e-19
0.611067950726, 0.791594266891, 1.25605285168, 2.95084738731, 2.95510864258, 0.926627516747, 0.576091349125, 0.4403385818, 0.720819790783, 4.33680868994e-19
0.611192941666, 0.791729032993, 1.25632083416, 2.93119359016, 2.93056678772, 0.926369667053, 0.575960934162, 0.440224647522, 0.725477421787, 4.33680868994e-19
0.611308097839, 0.79187643528, 1.2565164566, 2.90664982796, 2.90594863892, 0.926168978214, 0.575820028782, 0.440099418163, 0.7301844969, 4.33680868994e-19
0.611430048943, 0.792031109333, 1.25677227974, 2.88212347031, 2.88630723953, 0.925960659981, 0.57564496994, 0.439993083477, 0.734941595712, 4.33680868994e-19
0.611528933048, 0.792184650898, 1.25694203377, 2.85758042336, 2.86172890663, 0.925730526447, 0.575534403324, 0.43988186121, 0.738783683439, 5.16947595841e-16
0.611623227596, 0.792306005955, 1.25715112686, 2.83794856071, 2.84205889702, 0.925563454628, 0.5754134655, 0.439785391092, 0.742658459237, -4.33680868994e-19
0.611719429493, 0.792435824871, 1.25731372833, 2.81830573082, 2.82239985466, 0.925384581089, 0.575291454792, 0.439707577229, 0.746566224202, -5.1738127671e-16
0.611813485622, 0.792554438114, 1.25749373436, 2.79868459702, 2.80276107788, 3.15882754326, 0.575127601624, 0.439586818218, 0.750507280547, 4.33680868994e-19
0.611936569214, 0.79272300005, 1.25776934624, 2.77413392067, 2.77818489075, 3.13124895096, 0.574975192547, 0.439467489719, 0.750507280547, 0.0
0.612055361271, 0.792886734009, 1.25802695751, 2.75449872017, 2.75361084938, 3.10378527641, 0.574810147285, 0.439344018698, 0.755480879051, 0.0
0.612182378769, 0.79306024313, 1.25831604004, 2.72506284714, 2.72908067703, 3.07618665695, 0.574637949467, 0.439219921827, 0.760507563564, 0.0
0.612302601337, 0.793228924274, 1.25858938694, 2.70050668716, 2.70450377464, 3.04865956306, 0.574490964413, 0.439103156328, 0.765587930442, 0.0
0.612422525883, 0.793360471725, 1.25876450539, 2.67599177361, 2.67994332314, 3.02112340927, 0.574333548546, 0.438981086016, 0.77072257776, 0.0
0.612551867962, 0.793512880802, 1.25905692577, 2.65634512901, 2.6553542614, 2.99356746674, 0.574221849442, 0.438858062029, 0.776192715547, 0.000291044776119
0.612663090229, 0.793625950813, 1.25918626785, 2.63179564476, 2.63079977036, 2.96596980095, 0.574082195759, 0.438738048077, 0.781137565748, -0.00029104477612
0.612794995308, 0.793796598911, 1.25942087173, 2.6072936058, 2.60619211197, 2.94393110275, 0.573951840401, 0.438634485006, 0.786438429633, 0.0
0.612896680832, 0.793923437595, 1.25962436199, 2.58269357681, 2.58650708199, 2.91637301445, 0.573790609837, 0.438508659601, 0.79071990193, 0.0
0.613016426563, 0.794076442719, 1.25986850262, 2.56311964989, 2.56201958656, 2.89440488815, 0.573619782925, 0.4383854568, 0.796123224038, 0.0
0.613118648529, 0.794236302376, 1.26009380817, 2.5385632515, 2.53741288185, 2.86680102348, 0.573480904102, 0.43826842308, 0.8004874422, 0.0
0.613235354424, 0.794400513172, 1.2603250742, 2.51402282715, 2.51773881912, 2.83926057816, 0.573317706585, 0.438134968281, 0.80599516978, 0.0
0.613368988037, 0.794545590878, 1.2605509758, 2.48949122429, 2.48825883865, 2.81167078018, 0.573158085346, 0.438027948141, 0.811561739749, 0.0
0.613506376743, 0.794713795185, 1.26075851917, 2.46493053436, 2.4685819149, 2.78411054611, 0.573027133942, 0.437905460596, 0.817187749587, 5.42101086243e-18
0.613625407219, 0.794853210449, 1.26101970673, 2.44527697563, 2.44402003288, 2.76207089424, 0.572866976261, 0.437781512737, 0.822873794552, 5.42101086243e-18
0.613722383976, 0.79500067234, 1.26118314266, 2.42075848579, 2.42435383797, 2.73451399803, 0.572692394257, 0.437674045563, 0.827466254083, 4.33680868994e-19
0.61384999752, 0.795157492161, 1.26153481007, 2.40110421181, 2.39979171753, 2.70701360703, 0.572558879852, 0.437555193901, 0.833261853168, 5.1738127671e-16
0.613975405693, 0.795324265957, 1.26176702976, 2.37656950951, 2.37523436546, 2.67942976952, 0.572420179844, 0.437437027693, 0.839119137629, -4.33680868994e-19
0.614066302776, 0.795472919941, 1.26197230816, 2.35203504562, 2.35066223145, 2.65191793442, 0.572265386581, 0.43730956316, 0.843849769749, -4.33680868994e-19
0.614217102528, 0.795667648315, 1.26222956181, 2.32257866859, 2.32606744766, 2.62432956696, 3.51491212845, 0.437189817429, 0.85102108454, -4.33680868994e-19
0.614313364029, 0.795790731907, 1.26248693466, 2.30295085907, 2.30149483681, 2.60231328011, 3.47865724564, 0.437065035105, 0.855852632285, -4.33680868994e-19
0.614437997341, 0.795943200588, 1.26264190674, 2.27842116356, 2.28184890747, 2.57472872734, 3.44946432114, 0.436966747046, 0.861949581162, -4.33680868994e-19
0.614560723305, 0.796107172966, 1.26289498806, 2.25382947922, 2.25232434273, 2.54716730118, 3.4058573246, 0.436839103699, 0.868110956123, -4.33680868994e-19
0.614693164825, 0.796273946762, 1.2631456852, 2.22932314873, 2.2326836586, 2.51962351799, 3.37674641609, 0.43670976162, 0.874337308499, -4.33680868994e-19
0.614813446999, 0.796374201775, 1.26333403587, 2.20481300354, 2.20814085007, 2.49203634262, 3.34036684036, 0.436584025621, 0.880629181155, -4.33680868994e-19
0.614918708801, 0.796533048153, 1.26350855827, 2.18515276909, 2.1884458065, 2.46997308731, 3.30395507812, 0.436485081911, 0.885710212794, -4.33680868994e-19
0.615040004253, 0.796667873859, 1.26373445988, 2.16063380241, 2.16389012337, 2.44247817993, 3.27495551109, 0.436374187469, 0.885710212794, 0.0
0.615149974823, 0.796808123589, 1.2639632225, 2.14102244377, 2.14425492287, 2.42036628723, 3.24580645561, 0.436268419027, 0.892121359869, 0.0
0.615254044533, 0.796953618526, 1.2642043829, 2.12132954597, 2.119617939, 2.39834260941, 3.20952868462, 0.436153799295, 0.897298484802, -2.5890747879e-16
0.615349054337, 0.797097623348, 1.26437008381, 2.09680914879, 2.09999299049, 2.37081837654, 3.17322254181, 0.436053603888, 0.902518740727, 2.5890747879e-16
0.615477919579, 0.797255814075, 1.26459157467, 2.0722413063, 2.07053923607, 2.34332060814, 3.13695788383, 0.435916125774, 0.908800813286, -0.000291044776119
0.615586876869, 0.797405898571, 1.26483166218, 2.04770255089, 2.05081939697, 2.31572437286, 3.10058188438, 0.43582868576, 0.915731478705, 0.000291044776119
0.615692019463, 0.797523140907, 1.26509511471, 2.02318811417, 2.02627587318, 2.28813457489, 3.06410336494, 0.435696005821, 0.922454574434, 0.0
0.615828573704, 0.797736167908, 1.26534509659, 2.00355005264, 2.00168848038, 2.26066327095, 3.03519272804, 0.435569316149, 0.929246860191, 0.0
0.615958034992, 0.797862350941, 1.26557338238, 1.97899878025, 1.97709333897, 2.23854207993, 2.99882030487, 0.435440719128, 0.936108773135, 0.0
0.616061747074, 0.798015773296, 1.26576542854, 1.95445549488, 1.95258402824, 2.2110581398, 2.96242904663, 0.435347914696, 0.941648717869, 5.17814957579e-16
0.616181671619, 0.798189222813, 1.26603078842, 1.92991375923, 1.92795825005, 2.18344306946, 2.92608880997, 0.435270220041, 0.948637005725, 0.0
0.616305530071, 0.79835242033, 1.26627373695, 1.90539765358, 1.90833556652, 2.15590548515, 2.8896920681, 0.775095582008, 0.9556960497, 0.0
0.61645257473, 0.798516452312, 1.266507864, 1.88085067272, 1.87882840633, 2.1283454895, 2.8533718586, 1.41531145573, 0.962826215621, 0.0
0.616562664509, 0.798690259457, 1.26681768894, 1.85628843307, 1.85916697979, 2.10080099106, 2.82432723045, 1.84440052509, 0.970027847794, -4.33680868994e-19
0.616666197777, 0.798777401447, 1.26700699329, 1.83180844784, 1.83465886116, 2.07333183289, 2.78076052666, 2.3781452179, 0.977301267814, -4.33680868994e-19
0.616795182228, 0.798958361149, 1.26729512215, 1.81209564209, 1.81002569199, 2.04571270943, 2.75166153908, 2.91177082062, 0.984646773334, -4.33680868994e-19
0.616901755333, 0.799139857292, 1.26758432388, 1.78753685951, 1.78547596931, 2.01822113991, 2.7154378891, 3.44500517845, 0.990575263287, -5.1738127671e-16
0.617040395737, 0.799306571484, 1.26783752441, 1.76303994656, 1.76094484329, 1.99621224403, 2.67907190323, 3.87182044983, 0.998051191587, 8.67361737988e-19
0.617160499096, 0.799466848373, 1.2680054903, 1.73848712444, 1.73629438877, 1.96855187416, 2.64268136024, 5.0, 1.00559990076, 4.33680868994e-19
0.617279887199, 0.79960590601, 1.26818954945, 1.71393656731, 1.71662211418, 1.94103646278, 2.60614085197, 5.0, 1.01322158591, 4.33680868994e-19
0.617409586906, 0.799742281437, 1.26841843128, 1.68941521645, 1.68715834618, 1.91340851784, 2.56983184814, 5.0, 1.02091641205, 4.33680868994e-19
0.617539942265, 0.79989951849, 1.2685931921, 1.66978156567, 1.66749739647, 1.88588285446, 2.54077243805, 5.0, 1.0286845127, 4.33680868994e-19
0.617651820183, 0.800039589405, 1.26886188984, 1.64029693604, 1.6428822279, 1.858268857, 2.50435686111, 5.0, 1.03652598859, 4.33680868994e-19
0.617783486843, 0.800207078457, 1.26909530163, 1.62066888809, 1.62322175503, 1.83622872829, 2.4679915905, 5.0, 1.04444090625, 4.33680868994e-19
0.617879629135, 0.800348877907, 1.26926088333, 1.59613907337, 1.59865343571, 1.80864346027, 2.43163204193, 5.0, 1.05082574051, 5.16947595841e-16
0.617989599705, 0.800458371639, 1.26945924759, 1.5764580965, 1.57411456108, 1.78664755821, 2.40250730515, 5.0, 1.05887290666, -4.33680868994e-19
0.618094146252, 0.80064278841, 1.26977491379, 1.55196452141, 1.5494903326, 1.75354123116, 2.36617493629, 5.0, 1.05887290666, 0.0
0.618251502514, 0.800811886787, 1.27002584934, 1.52741122246, 1.52984690666, 1.73154044151, 2.33717441559, 5.0, 1.06831904512, -0.00029104477612
0.618347644806, 0.800921916962, 1.27019441128, 1.50778448582, 1.50529658794, 1.7039784193, 2.30078816414, 5.0, 1.07487892455, 0.0
0.618486404419, 0.801076054573, 1.27033126354, 1.47837173939, 1.4807062149, 1.67631673813, 2.26418590546, 5.0, 1.08314470969, 0.0
0.618603825569, 0.80118483305, 1.27048504353, 1.45384025574, 1.45613062382, 1.64875030518, 2.22783660889, 5.0, 1.09148360809, 0.0
0.618701636791, 0.801351010799, 1.27070271969, 1.43417167664, 1.43153190613, 1.62669980526, 2.19146633148, 5.0, 1.09848141258, 0.000291044776119
0.618831574917, 0.801516056061, 1.27092552185, 1.40964758396, 1.41187024117, 1.59913575649, 2.15505647659, 5.0, 1.10695247275, 0.0
0.618961751461, 0.801667511463, 1.27112805843, 1.38513112068, 1.38731384277, 1.57159459591, 2.12599444389, 5.0, 1.11549593889, 2.5890747879e-16
0.619091331959, 0.801801621914, 1.27139782906, 1.36058354378, 1.36274385452, 1.5440762043, 2.08240795135, 5.0, 1.12411148017, 0.0
0.619199872017, 0.801991045475, 1.27165484428, 1.34096348286, 1.33818876743, 1.52206015587, 2.05340337753, 5.0, 1.13279871736, 0.0
0.619308829308, 0.802137672901, 1.27188026905, 1.31637680531, 1.31359016895, 1.49445974827, 2.01703262329, 5.0, 1.13979984166, 0.0
0.619424045086, 0.802254080772, 1.27202022076, 1.29183673859, 1.29390287399, 1.46689832211, 1.98066031933, 5.0, 1.14861501664, 0.0
0.619565248489, 0.802457928658, 1.272356987, 1.2673817873, 1.26447319984, 1.43938195705, 1.94427669048, 5.0, 1.15750055797, 0.0
0.61968511343, 0.802611649036, 1.2725764513, 1.24280738831, 1.24481344223, 1.41179442406, 1.91522324085, 5.0, 1.16645589173, -4.33680868994e-19
0.619808971882, 0.802757024765, 1.27283585072, 1.22315335274, 1.22023928165, 1.38421487808, 1.87882208824, 5.0, 1.17548039023, -4.33680868994e-19
0.619939684868, 0.802880346775, 1.2730101347, 1.19860434532, 1.19566869736, 1.36220610142, 1.8424590826, 5.0, 1.18457337096, -4.33680868994e-19
0.620041668415, 0.803039431572, 1.27325415611, 1.17407107353, 1.17106759548, 1.3290951252, 1.80610489845, 5.0, 1.19189656857, -5.1738127671e-16
0.620166480541, 0.803187251091, 1.27346670628, 1.14952039719, 1.14648663998, 1.30705535412, 1.76975893974, 5.0, 1.20111091912, 0.0
0.620315432549, 0.803373456001, 1.27372443676, 1.12497425079, 1.12187933922, 1.27391850948, 1.73330235481, 5.0, 1.21225554131, 5.1738127671e-16
0.620439887047, 0.803530991077, 1.24971747398, 1.10042500496, 1.1022298336, 1.25186181068, 1.69700598717, 5.0, 1.22161450031, -4.33680868994e-19
0.620540320873, 0.803652703762, 1.22779905796, 1.08079981804, 1.07766234875, 1.22433161736, 1.66786873341, 5.0, 1.22914795378, -5.17814957579e-16
0.620668768883, 0.803790926933, 1.20037746429, 1.0562363863, 1.05306553841, 1.20227754116, 1.63150691986, 5.0, 1.2386217705, 0.0
0.620771586895, 0.803949952126, 1.17845475674, 1.03173816204, 1.02850794792, 1.17474067211, 1.59515011311, 5.0, 1.24624575318, 4.33680868994e-19
0.620888471603, 0.804108262062, 1.15103685856, 1.00719416142, 1.00885844231, 1.14712798595, 1.55877435207, 5.0, 1.2558309454, 4.33680868994e-19
0.621007442474, 0.804211497307, 1.12362778187, 0.987516820431, 0.984247148037, 1.12509250641, 1.52963268757, 5.0, 1.26547638044, 4.33680868994e-19
0.621104776859, 0.804403305054, 1.09621953964, 0.963010430336, 0.964630663395, 1.0976074934, 1.49344301224, 5.0, 1.27292478298, -0.000291044776119
0.621220827103, 0.804541766644, 1.0743213892, 0.938453614712, 0.940046489239, 1.07002401352, 1.4643304348, 5.0, 1.27292478298, 0.0
0.621348142624, 0.804686427116, 1.04689276218, 0.918832778931, 0.915455341339, 1.04796946049, 1.42795753479, 5.0, 1.28267452824, 0.0
0.621451377869, 0.804839849472, 1.01945734024, 0.894280493259, 0.890949428082, 1.01492333412, 1.39160871506, 5.0, 1.29051519339, 0.0
0.621594488621, 0.804996132851, 0.992060661316, 0.869755148888, 0.866308569908, 0.987419784069, 1.35534799099, 5.0, 1.30234262144, 0.0
0.621698856354, 0.80516898632, 0.964660227299, 0.84522408247, 0.841776072979, 0.965359866619, 1.31895124912, 5.0, 1.3102707704, 0.0
0.621825277805, 0.805339396, 0.937224924564, 0.820668876171, 0.822098493576, 0.937792420387, 1.28256320953, 5.0, 1.32022818943, 0.0
0.621945917606, 0.805447340012, 0.915265917778, 0.796121120453, 0.797510266304, 0.910205483437, 1.24611926079, 5.0, 1.33050759927, 0.000291044776119
0.622100889683, 0.805666267872, 0.887887716293, 0.77158665657, 0.772938072681, 0.882643222809, 1.20986223221, 5.0, 1.34056600778, -2.5890747879e-16
0.622218966484, 0.805833518505, 0.860443234444, 0.747010350227, 0.748332500458, 0.855071485043, 1.17347550392, 5.0, 1.35067206581, 0.0
0.622333467007, 0.805948793888, 0.83302885294, 0.727384448051, 0.723779797554, 0.833040177822, 1.14446485043, 5.0, 1.36082403413, 0.0
0.622443675995, 0.806138813496, 0.805605232716, 0.702828586102, 0.699186980724, 0.799956202507, 1.10803949833, 5.0, 1.36897746113, 5.17814957579e-16
0.622588396072, 0.806295156479, 0.77818363905, 0.678287863731, 0.674636125565, 0.777940690517, 1.0717716217, 5.0, 1.38125847769, -5.17814957579e-16
0.622705340385, 0.806457340717, 0.750726222992, 0.653720259666, 0.650046467781, 0.744893848896, 1.03547692299, 5.0, 1.39153721174, 0.0
0.622784256935, 0.806657850742, 0.723327934742, 0.629207670689, 0.625497221947, 0.722867131233, 0.99907118082, 5.0, 1.39978796435, 5.1738127671e-16
0.622916519642, 0.806802093983, 0.69588124752, 0.604624330997, 0.600873112679, 0.695238113403, 0.965625941753, 5.0, 1.41220798081, -5.1738127671e-16
0.62350320816, 0.818145036697, 0.672734677792, 0.591800749302, 0.598782300949, 0.702017664909, 1.01757967472, 5.0, 1.41143103854, -0.00669402985075
0.626763880253, 0.867438673973, 0.65684145689, 0.589285492897, 0.611720383167, 0.751476764679, 1.13379430771, 5.0, 1.35914645519, -0.0526791044776
0.636310875416, 0.812021374702, 0.63139551878, 0.58972543478, 0.628626167774, 0.791183233261, 1.28071677685, 5.0, 1.27183319413, -0.0873134328358
0.645896494389, 0.761241614819, 0.618064403534, 0.590518891811, 0.649929285049, 0.849509358406, 1.47391593456, 5.0, 1.21362438505, -0.0582089552239
0.661281704903, 0.720624625683, 0.605574905872, 0.594371140003, 0.6706174016, 0.920949280262, 1.6757569313, 3.53487420082, 1.14113475269, -0.0724701492537
0.681730985641, 0.692572712898, 0.596911668777, 0.600453078747, 0.702839016914, 0.991753876209, 2.02889323235, 3.06169438362, 1.03926926478, -0.101865671642
0.701529204845, 0.664064645767, 0.592911601067, 0.611422777176, 0.733049929142, 1.098274827, 2.43307065964, 2.63327550888, 0.9519560173, -0.0873134328358
0.731112241745, 0.641007184982, 0.591279387474, 0.62687510252, 0.778854370117, 1.23436391354, 3.44592118263, 2.31420683861, 0.908299402806, -0.0436567164179
0.766812324524, 0.626541793346, 0.592001438141, 0.642300844193, 0.833886682987, 1.4099009037, 5.0, 2.06969451904, 0.820986191081, -0.0873134328358
0.809610486031, 0.612429738045, 0.594172179699, 0.665959596634, 0.901369869709, 1.64813661575, 5.0, 1.87578833103, 0.734203347635, -0.0867852759702
0.851358354092, 0.602012693882, 0.60049700737, 0.696628987789, 0.968627154827, 1.91852712631, 5.0, 1.74555373192, 0.690320898573, -0.0438938285074
0.881948530674, 0.596903204918, 0.608713328838, 0.726276695728, 1.07179367542, 2.28438854218, 5.0, 1.63695192337, 0.632389777335, -0.0579179104478
0.83021402359, 0.594314455986, 0.619833707809, 0.761493384838, 1.17574954033, 2.83188772202, 5.0, 1.52428102493, 0.545024715206, -0.0873673655224
0.786611020565, 0.59452021122, 0.633645951748, 0.813382565975, 1.33673512936, 3.97938346863, 5.0, 1.43245995045, 0.501420059145, -0.0436027837313
0.742533922195, 0.595434784889, 0.656108677387, 0.87865626812, 1.50778031349, 5.0, 3.89606881142, 1.36962223053, 0.428941145879, -0.0724701492537
0.706455230713, 0.599208235741, 0.684641003609, 0.942200064659, 1.79737651348, 5.0, 3.15283250809, 1.30371022224, 0.356127640054, -0.0728151267164
0.6828135252, 0.607910037041, 0.72108823061, 1.04210650921, 2.13397955894, 5.0, 2.64327120781, 1.25978779793, 0.297971474232, -0.0581550225373
0.659341335297, 0.621381044388, 0.766737639904, 1.17093288898, 2.95243597031, 5.0, 2.28298354149, 1.24076771736, 0.210943829576, -0.0870223880597
0.641825020313, 0.635712742805, 0.809781610966, 1.29879820347, 3.91604924202, 5.0, 2.06900453568, 1.43849921227, 0.167287280621, -0.0436567164179
0.632007837296, 0.658055067062, 0.874173402786, 1.5042181015, 5.0, 3.91437244415, 1.85274505615, 1.88423645496, 0.0796802461589, -0.0876044776119
0.623572051525, 0.687239050865, 0.93876761198, 1.80031585693, 5.0, 3.15142536163, 1.68363046646, 2.49676418304, 0.00715571752278, -0.0725240819403
0.619955301285, 0.716046273708, 1.03774857521, 2.22610521317, 5.0, 2.65295505524, 1.57661163807, 5.0, -0.0509991057751, -0.0581550225373
0.619982659817, 0.758173823357, 1.16092085838, 2.744617939, 5.0, 2.35661125183, 1.46571409702, 5.0, -0.108819575866, -0.0579179104478
0.62413918972, 0.811346769333, 1.28880798817, 3.86360383034, 5.0, 2.06353998184, 1.38831067085, 5.0, -0.123371814672, -0.014552238806
0.627244889736, 0.839215874672, 1.37324535847, 4.00045347214, 5.0, 2.06120824814, 1.38712918758, 5.0, -0.171206898985, -0.0468582089552
0.628140330315, 0.838915228844, 1.36906504631, 3.97699117661, 5.0, 2.06658363342, 1.38820528984, 5.0, -0.172661654981, 0.0
0.629080474377, 0.839003622532, 1.36830019951, 3.95297408104, 3.99539399147, 2.06679177284, 1.38745248318, 5.0, -0.174802180605, -0.00029104477612
0.629987120628, 0.840044856071, 1.36965835094, 3.92861270905, 3.9706299305, 2.06556010246, 1.38662958145, 5.0, -0.176698246235, 0.0
0.630900919437, 0.840981006622, 1.37137126923, 3.90908789635, 3.94592499733, 2.06439423561, 1.38553202152, 5.0, -0.178635452729, 0.0
0.631812930107, 0.842162132263, 1.37320721149, 3.87974905968, 3.92123436928, 2.06242179871, 1.38442099094, 5.0, -0.180615138759, 0.0
0.632714092731, 0.843336284161, 1.37501525879, 3.86023330688, 3.89659643173, 2.0611281395, 1.3832679987, 5.0, -0.182343564381, 0.00029104477612
0.633444368839, 0.844548285007, 1.37686693668, 3.83578920364, 3.87194371223, 2.05947804451, 1.3821772337, 5.0, -0.18399230763, 4.4408920985e-16
0.634349942207, 0.845713734627, 1.37865209579, 3.81135320663, 3.85215425491, 2.05790662766, 1.38105988503, 5.0, -0.18609515385, 0.0
0.635266900063, 0.846924066544, 1.38050615788, 3.78696131706, 3.82260775566, 2.05588841438, 1.37990701199, 5.0, -0.188246047303, 0.0
0.636189103127, 0.848140716553, 1.38239133358, 3.76254796982, 3.80289196968, 2.0545873642, 1.37879490852, 5.0, -0.190446632902, 0.0
0.637091636658, 0.849059939384, 1.3837761879, 3.73814463615, 3.778216362, 2.05303168297, 1.37770664692, 5.0, -0.192698630758, 0.0
0.637999176979, 0.85046005249, 1.38553130627, 3.71373438835, 3.75354170799, 2.05143117905, 1.37679624557, 5.0, -0.195003839981, 0.0
0.638914525509, 0.851434826851, 1.38737261295, 3.68931937218, 3.72887635231, 2.04987025261, 1.37547826767, 5.0, -0.197364143934, 0.0
0.63980782032, 0.852824211121, 1.38915634155, 3.66490721703, 3.70421457291, 2.04830551147, 1.37437820435, 5.0, -0.199781514392, 0.0
0.640715718269, 0.853986203671, 1.39090692997, 3.64050316811, 3.67462420464, 2.04669809341, 1.37325906754, 5.0, -0.20225801697, 0.0
0.641620576382, 0.854933679104, 1.39275944233, 3.62094187737, 3.65489530563, 2.04535698891, 1.3723231554, 5.0, -0.204795816686, 0.0
0.642353415489, 0.856181442738, 1.39470493793, 3.59653115273, 3.63025307655, 2.04324650764, 1.3711669445, 5.0, -0.206871712389, -4.4408920985e-16
0.643256545067, 0.857362926006, 1.39651310444, 3.57209277153, 3.60558128357, 2.04168629646, 1.37007009983, 5.0, -0.209525643155, 0.0
0.64435338974, 0.858535647392, 1.39826261997, 3.54280376434, 3.58091711998, 2.04012084007, 1.3689647913, 3.99013400078, -0.212800267909, 4.4408920985e-16
0.645265579224, 0.859717130661, 1.40007150173, 3.52326130867, 3.5562415123, 2.03879714012, 1.36781871319, 2.54509019852, -0.215892467491, -0.00029104477612
0.645987510681, 0.860915601254, 1.40158963203, 3.49883699417, 3.5315849781, 2.03719186783, 1.36672627926, 1.0959610939, -0.218193901137, -4.4408920985e-16
0.646902143955, 0.862111985683, 1.40343856812, 3.47441983223, 3.5118765831, 2.03541493416, 1.36575877666, 1.09522235394, -0.29241781772, -0.0727611940299
0.647813618183, 0.86332321167, 1.40531921387, 3.45000553131, 3.48722863197, 2.03412938118, 1.36464226246, 1.09431171417, -0.296365645414, 0.0
0.648548960686, 0.864287555218, 1.40719676018, 3.43046808243, 3.46256780624, 2.03244972229, 1.36350190639, 1.09339869022, -0.299299948953, 0.00029104477612
0.649462223053, 0.865478038788, 1.4089922905, 3.40601968765, 3.43786525726, 2.03082633018, 1.36237514019, 1.09248530865, -0.228592634033, 0.0727611940299
0.65037548542, 0.866684019566, 1.41084575653, 3.38161683083, 3.41324520111, 2.02917575836, 1.36122274399, 1.09175157547, -0.231793051631, 0.0
0.651287615299, 0.867861866951, 1.41229367256, 3.35719656944, 3.3935046196, 2.02755475044, 1.36011052132, 1.09084093571, -0.235082677322, 0.0
0.652201533318, 0.869082808495, 1.41419160366, 3.33758378029, 3.36879348755, 2.02589988708, 1.35919582844, 1.08991622925, -0.238465219417, 0.0
0.653129041195, 0.870068907738, 1.41611087322, 3.30828762054, 3.3441426754, 2.02420425415, 1.35804092884, 1.08900928497, -0.241944590193, 0.0
0.654038906097, 0.871235311031, 1.41788709164, 3.28875470161, 3.31945419312, 2.02294659615, 1.35693490505, 1.08827090263, -0.245524919769, 0.0
0.654772162437, 0.872437596321, 1.41935217381, 3.26434874535, 3.29976081848, 2.02129554749, 1.3557997942, 1.08736121655, -0.248464797445, 0.0
0.655682384968, 0.873610138893, 1.42112290859, 3.24478626251, 3.27506089211, 2.01978850365, 1.35494208336, 1.08645880222, -0.252238014306, 0.0
0.656592130661, 0.874550580978, 1.42289865017, 3.21549844742, 3.25038146973, 2.01817536354, 1.35361337662, 1.08555173874, -0.256125045613, 0.0
0.657493412495, 0.875710248947, 1.42464292049, 3.1959528923, 3.22572517395, 2.01693224907, 1.35270953178, 1.08464372158, -0.260130996869, 0.0
0.65821570158, 0.876920998096, 1.42652606964, 3.17156648636, 3.20599389076, 2.0152323246, 1.35178375244, 1.08390414715, -0.263425003659, -4.4408920985e-16
0.659143269062, 0.877852320671, 1.42788279057, 3.15203285217, 3.18128824234, 2.01412129402, 1.35075104237, 1.08299124241, -0.267658854828, 0.0
0.659871816635, 0.879011571407, 1.42962002754, 3.12763428688, 3.15659332275, 2.01215410233, 1.34958827496, 1.08207452297, -0.271142758349, 6.66133814775e-16
0.66078710556, 0.880227208138, 1.43154287338, 3.10320138931, 3.13194775581, 2.01075649261, 1.34843146801, 1.08132457733, -0.275623988943, 0.0
0.661722183228, 0.881462395191, 1.43343424797, 3.07879090309, 3.10725092888, 2.00914430618, 1.3472994566, 1.08022356033, -0.28053350769, -0.000291044776119
0.662634968758, 0.882678091526, 1.43534052372, 3.05429458618, 3.08753705025, 2.00740456581, 1.34611713886, 1.07948124409, -0.285319669246, 0.0
0.663555443287, 0.883890092373, 1.43689107895, 3.02986884117, 3.05800771713, 2.00569868088, 1.34495449066, 1.07838153839, -0.290267290691, 0.0
0.664473354816, 0.885101020336, 1.43910467625, 3.00544071198, 3.03821992874, 2.00403618813, 1.34384143353, 1.07765305042, -0.295384427442, 0.0
0.665386855602, 0.886052072048, 1.44052731991, 2.98100447655, 3.01352262497, 2.00255870819, 1.34275054932, 1.0767403841, -0.300679660932, 0.0
0.66629332304, 0.887205660343, 1.44225621223, 2.96146321297, 2.98883485794, 2.00099039078, 1.3418751955, 1.07582104206, -0.306162140454, 0.0
0.66721457243, 0.888393163681, 1.44407498837, 2.93702483177, 2.96412396431, 1.99934875965, 1.34074139595, 1.07492172718, -0.311539025556, 0.00029104477612
0.668134629726, 0.889591634274, 1.44590866566, 2.91256952286, 2.93945002556, 1.99807620049, 1.33961355686, 1.07400023937, -0.317420218605, 0.0
0.668857693672, 0.890773355961, 1.44769561291, 2.8881444931, 2.91474699974, 1.99614715576, 1.33850562572, 1.07308149338, -0.322281847794, -4.4408920985e-16
0.669960618019, 0.891956031322, 1.44946491718, 2.86369872093, 2.8901040554, 1.99493610859, 1.33740198612, 1.07216358185, -0.413336249886, -0.0873134328358
0.670695900917, 0.89314687252, 1.45133638382, 2.83926129341, 2.86539959908, 1.99323368073, 1.33626258373, 1.07125747204, -0.419755278802, -4.4408920985e-16
0.671600818634, 0.894350767136, 1.45283699036, 2.81484556198, 2.84565711021, 1.9915510416, 1.33509087563, 1.07051479816, -0.428047349198, 0.0
0.672525942326, 0.89556735754, 1.45471811295, 2.79043769836, 2.82098436356, 1.98995399475, 1.33401787281, 1.06961369514, -0.359548457842, 0.0727611940299
0.673436462879, 0.896723330021, 1.45643424988, 2.77083706856, 2.79627871513, 1.98872983456, 1.33310925961, 1.06869649887, -0.366915732487, 0.0
0.674161076546, 0.897716939449, 1.45846521854, 2.74639773369, 2.77166199684, 1.98644268513, 1.33186972141, 1.06776940823, -0.373020227625, 0.0
0.675265848637, 0.898947477341, 1.46034121513, 2.72197675705, 2.74691748619, 1.98518383503, 1.3307621479, 1.06703662872, -0.38254838302, 0.0
0.676010012627, 0.900138020515, 1.46177482605, 2.69752907753, 2.72719311714, 1.98361563683, 1.32966196537, 1.06612670422, -0.389161596114, 0.0
0.676910221577, 0.901311039925, 1.46354198456, 2.67308831215, 2.70249891281, 1.98195683956, 1.32873368263, 1.06519961357, -0.397739279183, 0.0
0.677834391594, 0.902296900749, 1.46545982361, 2.64863300323, 2.67780590057, 1.98026025295, 1.3273421526, 1.06427109241, -0.406682119313, 0.0
0.678762197495, 0.903516530991, 1.46732509136, 2.62422418594, 2.65314221382, 1.97870135307, 1.32647407055, 1.06335401535, -0.416012414871, 0.0
0.67967826128, 0.90469533205, 1.46910715103, 2.60467386246, 2.62844347954, 1.97710728645, 1.32536435127, 1.06245875359, -0.42575416835, 0.0
0.680577516556, 0.905863344669, 1.47091424465, 2.58018493652, 2.60371398926, 1.97581768036, 1.3242367506, 1.06171810627, -0.435933233361, 0.0
0.681310176849, 0.907070457935, 1.4723764658, 2.55578804016, 2.57905197144, 1.97418963909, 1.32310390472, 1.06080257893, -0.444410002936, 4.4408920985e-16
0.682234406471, 0.908261060715, 1.474198699, 2.53620910645, 2.55930614471, 1.97289311886, 1.32307362556, 1.06077241898, -0.457716688803, -4.4408920985e-16
0.682362675667, 0.894694507122, 1.43199133873, 2.53477716446, 2.53545308113, 2.12129020691, 1.38983845711, 1.06434059143, -0.415385555775, 0.0468582089552
0.678172588348, 0.840802371502, 1.27176237106, 2.55291342735, 2.51338362694, 2.32899665833, 1.44046258926, 1.0667539835, -0.387663172713, 0.0285223880597
0.676153063774, 0.831819176674, 1.24727642536, 2.53072166443, 2.48883676529, 2.33188652992, 1.44153392315, 1.06830120087, -0.375947325318, 0.0203731343284
0.674586653709, 0.830077290535, 1.24566090107, 2.51071643829, 2.46456360817, 2.33349967003, 1.44277620316, 1.06969261169, -0.38597205763, 0.0
0.673173725605, 0.828375458717, 1.24328577518, 2.48101639748, 2.4402089119, 2.33628702164, 1.44494915009, 1.07109022141, -0.396517060797, 0.0
0.671788871288, 0.826737761497, 1.24100041389, 2.46122455597, 2.41587924957, 2.33882904053, 1.44633424282, 1.072458148, -0.407621377272, 0.0
0.670418441296, 0.825420975685, 1.23868668079, 2.43154573441, 2.39153599739, 2.3416788578, 1.44816839695, 1.07384240627, -0.41932774919, 0.0
0.669306874275, 0.823739647865, 1.23677957058, 2.41167449951, 2.36710143089, 2.34380841255, 1.44996249676, 1.07521879673, -0.429157655744, 0.0
0.667930185795, 0.822095930576, 1.23448169231, 2.38691544533, 2.34273719788, 2.34657597542, 1.4517480135, 1.07658147812, -0.442068807193, 0.0
0.666301190853, 0.820450365543, 1.23168992996, 2.36220502853, 2.31839847565, 2.34932303429, 1.45354735851, 1.0776797533, -0.458550829046, 0.0
0.665190577507, 0.818768143654, 1.22976243496, 2.33747911453, 2.29403233528, 2.35220336914, 1.4553592205, 1.07906198502, -0.470186918731, 0.0
0.663817286491, 0.817122161388, 1.22701382637, 2.31275272369, 2.2745988369, 2.35481286049, 1.45676231384, 1.08041739464, -0.485521585081, 0.0
0.662728488445, 0.815821766853, 1.22518122196, 2.29288554192, 2.25018882751, 2.35739159584, 1.45849275589, 1.0817950964, -0.550124355086, -0.0582089552239
0.661078453064, 0.814184069633, 1.22289705276, 2.26814246178, 2.22580552101, 2.3596868515, 1.4603253603, 1.08316779137, -0.572391375132, 2.22044604925e-16
0.659974455833, 0.812502205372, 1.22052967548, 2.24336767197, 2.20143604279, 2.36248469353, 1.46213567257, 1.08454346657, -0.588144759082, -2.22044604925e-16
0.658599972725, 0.810832977295, 1.21809768677, 2.21861386299, 2.17709922791, 2.36592841148, 1.46397697926, 1.085927248, -0.608940702151, 0.0
0.656945288181, 0.809174060822, 1.21577858925, 2.19388604164, 2.15268421173, 2.36869430542, 1.46577310562, 1.08728945255, -0.534731263257, 0.0873134328358
0.655570745468, 0.807515799999, 1.21344423294, 2.16915202141, 2.12833452225, 2.3482863903, 1.46758460999, 1.08840095997, 0, 0.0
0.654474258423, 0.80586785078, 1.21160614491, 2.14435720444, 2.10882115364, 2.32159161568, 1.46936893463, 1.08976757526, 0, 0.0
0.653099179268, 0.80453556776, 1.20922279358, 2.12457609177, 2.08445882797, 2.30023670197, 1.47087812424, 1.0911437273, 0, 2.22044604925e-16
0.652000069618, 0.80283921957, 1.20678150654, 2.09984660149, 2.06005978584, 2.26816773415, 1.47270822525, 1.09252154827, 0, -2.22044604925e-16
0.65062212944, 0.801174819469, 1.20443856716, 2.07506561279, 2.03571605682, 2.24681949615, 1.4745413065, 1.09390044212, 0, -0.000291044776119
0.649245083332, 0.799485504627, 1.20201587677, 2.05036568642, 2.0113568306, 2.22011232376, 1.47640824318, 1.09500205517, 0, -2.22044604925e-16
0.647879838943, 0.794438838959, 1.19025468826, 2.03808116913, 1.99862241745, 2.17924213409, 1.51950323582, 1.10045325756, 0, 0.0311417910448
0.64648193121, 0.770418286324, 1.09914600849, 2.07066011429, 1.99234390259, 2.1241838932, 1.63042414188, 1.10985779762, 0, 0.014552238806
0.64548522234, 0.739460349083, 1.03883254528, 2.0430059433, 1.97325730324, 2.09124732018, 1.6420930624, 1.11437642574, 0, 0.0506417910448
0.642386972904, 0.734856128693, 1.03287112713, 2.03387093544, 1.94919931889, 2.0709002018, 1.64739382267, 1.11812925339, 0, 0.000291044776119
0.638566493988, 0.73075145483, 1.02871859074, 2.01948404312, 1.92513728142, 2.0456700325, 1.65249335766, 1.12110495567, 0, 0.0
0.634848058224, 0.726545453072, 1.02314460278, 1.99439918995, 1.90589427948, 2.0202896595, 1.65776062012, 1.12480807304, 0, 0.0
0.631119549274, 0.722350955009, 1.01759517193, 1.97430956364, 1.88185167313, 1.99488437176, 1.66196501255, 1.12851142883, 0, 2.22044604925e-16
0.627427279949, 0.719007730484, 1.01201176643, 1.94924819469, 1.85772550106, 1.97449028492, 1.66733300686, 1.13222157955, 0, 2.22044604925e-16
0.624445676804, 0.714773654938, 1.00750207901, 1.92415034771, 1.83850336075, 1.94964814186, 1.6711192131, 1.13583874702, 0, 6.66133814775e-16
0.619082212448, 0.710436224937, 1.00125169754, 1.90578699112, 1.8179744482, 1.9302059412, 1.67615842819, 1.1417375803, 0, -0.000291044776119
0.614103078842, 0.704031825066, 0.994883835316, 1.88278627396, 1.80013489723, 1.91162800789, 1.68145954609, 1.14509665966, 0, 0.000291044776119
0.610204339027, 0.707792580128, 1.00964570045, 1.8575681448, 1.79076480865, 1.93956267834, 1.58210706711, 1.13544309139, 0, -0.0436567164179
0.611166536808, 0.749371230602, 1.12312352657, 1.82257091999, 1.793872118, 1.99118173122, 1.49548637867, 1.12882256508, 0, -0.0261940298507
0.614263772964, 0.770146846771, 1.18145108223, 1.8007645607, 1.77681624889, 1.97448158264, 1.49286293983, 1.12899529934, 0, -0.0398731343284
0.613817811012, 0.769277215004, 1.17948508263, 1.77593374252, 1.75202524662, 1.94693911076, 1.49420583248, 1.12977957726, 0, 0.0
0.613010764122, 0.768184483051, 1.17777061462, 1.74624097347, 1.72745358944, 1.91980600357, 1.4954867363, 1.13063001633, 0, 0.0
0.612142622471, 0.767015278339, 1.17591452599, 1.72653114796, 1.70297694206, 1.8981140852, 1.49675261974, 1.13149523735, 0, 0.0
0.611450314522, 0.765941500664, 1.17440330982, 1.70185601711, 1.67851758003, 1.86579120159, 1.49784588814, 1.13235557079, 0, 4.4408920985e-16
0.610416591167, 0.764891624451, 1.17289471626, 1.6772121191, 1.65409553051, 1.84418773651, 1.49895191193, 1.13322198391, 0, -0.0873134328358
0.609724104404, 0.763835728168, 1.17138040066, 1.65246832371, 1.62963819504, 1.81183707714, 1.50006210804, 1.134085536, 0, -2.22044604925e-16
0.608861625195, 0.762783110142, 1.16985869408, 1.62782979012, 1.60522246361, 1.79025638103, 1.5012100935, 1.13477802277, 0, -2.22044604925e-16
0.607993900776, 0.761696994305, 1.16859519482, 1.6029291153, 1.58019971848, 1.76497745514, 1.49599778652, 1.13591659069, 0, -2.22044604925e-16
0.607272803783, 0.763836085796, 1.17683887482, 1.57237398624, 1.55289435387, 1.7364654541, 1.49638211727, 1.13669300079, 0, 0.0640298507463
0.606511831284, 0.762982368469, 1.17569220066, 1.54777574539, 1.52843844891, 1.70940315723, 1.49735164642, 1.13727879524, 0, 0.00029104477612
0.605779707432, 0.762083470821, 1.1744004488, 1.52312242985, 1.50888323784, 1.68238067627, 1.49827778339, 1.13801312447, 0, 0.0
0.605044782162, 0.761186003685, 1.17312216759, 1.49846720695, 1.48443830013, 1.65535354614, 1.49903130531, 1.1387553215, 0, 0.0
0.604307234287, 0.760465979576, 1.17183899879, 1.47874855995, 1.46488964558, 1.6337416172, 1.49993741512, 1.13948714733, 0, -2.22044604925e-16
0.603719711304, 0.759575307369, 1.17057454586, 1.45404815674, 1.43550670147, 1.60667204857, 1.5008546114, 1.14022803307, 0, 0.0
0.602834105492, 0.758675396442, 1.16929519176, 1.42932724953, 1.41102409363, 1.57960426807, 1.5018132925, 1.14096581936, 0, 0.0
0.602242410183, 0.757948577404, 1.16851007938, 1.40961265564, 1.39634823799, 1.55793380737, 1.50255453587, 1.14140582085, 0, 0.0
