0.596043467522, 0.76956486702, 1.21835577488, 3.32212567329, 2.64712762833, 0.915300667286, 0.565840125084, 0.430458843708, 0.367031101074, -0.000237112089524
0.596074700356, 0.769618630409, 1.21843338013, 3.32245564461, 2.64664888382, 0.915188014507, 0.565804362297, 0.430437773466, 0.368126635645, -2.5890747879e-16
0.596081912518, 0.769695043564, 1.21862566471, 3.32389855385, 2.64521312714, 0.9150172472, 0.565740406513, 0.430438518524, 0.369228429082, 0.0
0.596081256866, 0.769840300083, 1.21908080578, 3.32797718048, 2.64197945595, 0.914629936218, 0.565658628941, 0.430474191904, 0.370614550295, 0.0
0.596015095711, 0.769891917706, 1.21946156025, 3.33166122437, 2.63967418671, 0.914194226265, 0.565453112125, 0.430578321218, 0.3720106318, 0.0
0.595925152302, 0.770301520824, 1.22145926952, 3.35293722153, 2.62026691437, 0.912142455578, 0.564983785152, 0.430686205626, 0.373416775841, 0.0
0.595810413361, 0.770857930183, 1.22299849987, 3.36089491844, 2.61714577675, 0.911641895771, 0.564945697784, 0.430847287178, 0.374833085981, 0.0
0.595609128475, 0.771104335785, 1.2242577076, 3.37255167961, 2.60857391357, 0.910990834236, 0.564901590347, 0.431048214436, 0.376259667125, 2.5890747879e-16
0.595451533794, 0.77113866806, 1.22473704815, 3.37631893158, 2.60547113419, 0.910671651363, 0.564822256565, 0.431029826403, 0.377402696414, -0.00029104477612
0.595482826233, 0.771348893642, 1.22534656525, 3.38108897209, 2.60218524933, 0.910181820393, 0.564579904079, 0.430935114622, 0.378558941728, 0.0
0.595577538013, 0.771558701992, 1.22561120987, 3.38235902786, 2.60093522072, 0.909867227077, 0.564452886581, 0.430868089199, 0.380013763686, 0.0
0.59564357996, 0.77169919014, 1.22593569756, 3.3834502697, 2.60018968582, 0.909690320492, 0.564317643642, 0.430758237839, 0.381479261073, 0.0
0.59575343132, 0.771835386753, 1.22609198093, 3.38391184807, 2.59980297089, 0.909522354603, 0.564201712608, 0.430658370256, 0.382955545461, 0.0
0.595853924751, 0.771963715553, 1.22628629208, 3.3846051693, 2.59918284416, 0.90932238102, 0.564055263996, 0.430571913719, 0.384730788539, 0.00029104477612
0.595946252346, 0.772056400776, 1.22648358345, 3.38481402397, 2.59878873825, 0.909116744995, 0.563923060894, 0.430464804173, 0.38623004242, -4.06575814682e-19
0.596049010754, 0.772178769112, 1.22666025162, 3.38522148132, 2.59850168228, 0.908922195435, 0.563825309277, 0.430353701115, 0.387740433304, -4.06575814682e-19
0.596181988716, 0.772357165813, 1.22692775726, 3.38601541519, 2.59798622131, 0.908670783043, 0.56365942955, 0.43023365736, 0.389262078779, 0.0
0.596304059029, 0.772544026375, 1.227216959, 3.38705968857, 2.59677743912, 0.908419489861, 0.563500225544, 0.430099636316, 0.390795097986, 0.0
0.596418559551, 0.772660374641, 1.2273901701, 3.38722729683, 2.59658670425, 0.908268332481, 0.563351988792, 0.430008679628, 0.392339611636, 0.0
0.59650272131, 0.772823929787, 1.22761714458, 3.387830019, 2.59599947929, 0.908037424088, 0.563211381435, 0.4298864007, 0.393583580693, -4.06575814682e-19
0.596624851227, 0.772964477539, 1.22778999805, 3.38832759857, 2.59553217888, 0.907830655575, 0.563090145588, 0.429801434278, 0.395149093653, -4.06575814682e-19
0.59673756361, 0.773093521595, 1.22797214985, 3.38848614693, 2.59524536133, 0.9076628685, 0.56294208765, 0.429653525352, 0.396726447629, -4.06575814682e-19
0.596858501434, 0.773234069347, 1.22816252708, 3.38913464546, 2.59469103813, 0.907433927059, 0.562794983387, 0.429565995932, 0.398315769534, -4.06575814682e-19
0.596976220608, 0.773379325867, 1.22837758064, 3.38975906372, 2.59418797493, 0.90719807148, 0.562627792358, 0.42943713069, 0.399917187973, -4.06575814682e-19
0.597074687481, 0.773477137089, 1.22856831551, 3.389939785, 2.59386563301, 0.907015860081, 0.562526941299, 0.429334759712, 0.401530833269, -4.06575814682e-19
0.597191929817, 0.77362370491, 1.2287427187, 3.38929772377, 2.59430384636, 0.906934201717, 0.562423825264, 0.429224818945, 0.403156837484, 0.0
0.5973123312, 0.773708224297, 1.22884714603, 3.38973617554, 2.59374380112, 0.906718015671, 0.562279582024, 0.429114878178, 0.403156837484, 0.0
0.597415924072, 0.773856759071, 1.22908961773, 3.3906276226, 2.59335184097, 0.906551659107, 0.562156558037, 0.428995251656, 0.404795334453, 0.0
0.597516238689, 0.774002194405, 1.22929120064, 3.39094090462, 2.59256505966, 0.906321823597, 0.561995685101, 0.428886830807, 0.406115217894, 0.0
0.59762430191, 0.774160087109, 1.22954034805, 3.39182090759, 2.59208774567, 0.906137824059, 0.561843037605, 0.428764671087, 0.407776544833, 0.0
0.597746729851, 0.774345457554, 1.2297962904, 3.39292955399, 2.59091472626, 0.905836582184, 0.561676859856, 0.428667843342, 0.409156342774, -0.000291044776119
0.597860634327, 0.774455845356, 1.22999727726, 3.39339923859, 2.59055757523, 0.905638873577, 0.56154102087, 0.428561389446, 0.410842407843, 0.0
0.597978889942, 0.774614751339, 1.23022806644, 3.39429879189, 2.58977890015, 0.905412912369, 0.561395645142, 0.428457170725, 0.412541626136, 0.0
0.598066031933, 0.774762809277, 1.23045194149, 3.39490556717, 2.58922314644, 0.951582670212, 0.561275720596, 0.428362309933, 0.414254142243, -2.5890747879e-16
0.598161458969, 0.774869203568, 1.23069489002, 3.39566612244, 2.58850479126, 0.951368272305, 0.561153590679, 0.428261995316, 0.415980102712, 0.0
0.598248422146, 0.775028645992, 1.23097777367, 3.3968539238, 2.58763360977, 0.951126396656, 0.561007559299, 0.428135752678, 0.417370650778, 5.17814957579e-16
0.598374605179, 0.775193870068, 1.23121297359, 3.39738130569, 2.58689618111, 0.950908899307, 0.56083881855, 0.428010642529, 0.419121186775, 0.0
0.598499953747, 0.775372982025, 1.23146891594, 3.39875936508, 2.58592891693, 0.950652658939, 0.560700058937, 0.427922964096, 0.420885588155, 0.0
0.598587155342, 0.775495767593, 1.2316391468, 3.39890384674, 2.58585429192, 0.950533151627, 0.560591757298, 0.427828133106, 0.422664009189, 0.0
0.598681807518, 0.775632798672, 1.23187303543, 3.39971017838, 2.58497285843, 0.950282216072, 0.560431659222, 0.427731871605, 0.424744050727, 0.000291044776119
0.598791539669, 0.775754392147, 1.23203623295, 3.40014815331, 2.58458590508, 0.950027644634, 0.560270309448, 0.427619099617, 0.426552116151, 4.96022493912e-18
0.598917841911, 0.775951206684, 1.23239171505, 3.40158748627, 2.58340215683, 0.949733614922, 0.560111403465, 0.427497446537, 0.428374683876, 4.96022493912e-18
0.599034190178, 0.776095747948, 1.23260998726, 3.40206408501, 2.58291554451, 0.949542164803, 0.560005068779, 0.427397370338, 0.430211916832, -4.06575814682e-19
0.599136173725, 0.7761926651, 1.23277902603, 3.40234231949, 2.58261442184, 0.949421346188, 0.559881448746, 0.427294194698, 0.432063980185, -4.06575814682e-19
0.599215805531, 0.776291668415, 1.23289620876, 3.40218520164, 2.58259010315, 0.949240088463, 0.5597615242, 0.427185237408, 0.433556421193, -5.1700180595e-16
0.599324822426, 0.776404738426, 1.23302090168, 3.40213727951, 2.58286714554, 0.949173152447, 0.559672236443, 0.427071124315, 0.435435602747, 8.13151629364e-19
0.599438905716, 0.776528179646, 1.23315274715, 3.40206336975, 2.58251094818, 0.94901484251, 0.559530675411, 0.426974505186, 0.43733008935, 8.13151629364e-19
0.599535763264, 0.776630878448, 1.23321688175, 3.40201020241, 2.58256697655, 0.948897182941, 0.559446930885, 0.426881611347, 0.439240054978, 8.13151629364e-19
0.599628806114, 0.776716053486, 1.23331153393, 3.40176439285, 2.58242845535, 0.948769032955, 0.559314131737, 0.426772356033, 0.441165676012, 8.13151629364e-19
0.599737823009, 0.776849925518, 1.2334754467, 3.40165543556, 2.58243966103, 0.948628246784, 0.559203088284, 0.42667722702, 0.443107131269, 8.13151629364e-19
0.599844872952, 0.776934802532, 1.23351883888, 3.40114736557, 2.58271741867, 0.948548555374, 0.559113144875, 0.426586598158, 0.445064602043, 8.13151629364e-19
0.599953591824, 0.777051210403, 1.23371839523, 3.40181684494, 2.58212041855, 0.948322951794, 0.558966100216, 0.426477342844, 0.445064602043, 0.0
0.600032925606, 0.777174592018, 1.23391497135, 3.40221071243, 2.58158659935, 0.948113977909, 0.590317845345, 0.426370084286, 0.446642233267, -2.5890747879e-16
0.600157380104, 0.777315974236, 1.23416924477, 3.40309214592, 2.58086323738, 0.947900831699, 0.590178787708, 0.426260024309, 0.448733286552, -0.000291044776119
0.60025036335, 0.777453064919, 1.23430764675, 3.40353298187, 2.58040881157, 0.947730541229, 0.590039372444, 0.426150143147, 0.450336260985, 0.0
0.600359618664, 0.777589738369, 1.23451423645, 3.40395736694, 2.57997226715, 0.947541713715, 0.589907348156, 0.426042169333, 0.452355038142, 0.0
0.600467979908, 0.777719080448, 1.23469543457, 3.40438771248, 2.57955288887, 0.947354912758, 0.589787006378, 0.425970971584, 0.45439072852, 0.0
0.600570321083, 0.777867436409, 1.23494052887, 3.40524339676, 2.57898736, 0.947154998779, 0.589651584625, 0.425865024328, 0.456443528477, 0.0
0.600672185421, 0.777988016605, 1.23511171341, 3.40547013283, 2.57862782478, 0.946962475777, 0.589514791965, 0.425754725933, 0.458513637104, 2.5890747879e-16
0.600777685642, 0.77812731266, 1.23531460762, 3.40597987175, 2.57814621925, 0.946738302708, 0.589357793331, 0.425639688969, 0.460601256273, 0.0
0.600893497467, 0.77826166153, 1.23554861546, 3.40675139427, 2.57732057571, 0.946495950222, 0.589245021343, 0.425529390574, 0.462706590674, 0.0
0.600991547108, 0.778393805027, 1.23579728603, 3.40749144554, 2.57678389549, 0.946320652962, 0.589124917984, 0.425445079803, 0.464829847859, 0.0
0.601096272469, 0.778519511223, 1.23597097397, 3.40796041489, 2.57644057274, 0.946198940277, 0.589007794857, 0.425343900919, 0.46697123828, 0.0
0.601165652275, 0.77864408493, 1.23616242409, 3.40858817101, 2.57555365562, 0.945912897587, 0.5888697505, 0.425248920918, 0.468697549851, -5.17814957579e-16
0.601260364056, 0.778754413128, 1.23631095886, 3.40879392624, 2.57544159889, 0.945817947388, 0.588766336441, 0.425156116486, 0.470872119867, 5.42101086243e-18
0.601353406906, 0.778879463673, 1.23650288582, 3.40935730934, 2.57492876053, 0.945622563362, 0.588625252247, 0.425048410892, 0.473352066576, 0.000291044776119
0.601461052895, 0.779005467892, 1.23664951324, 3.41010499001, 2.57422971725, 0.945392489433, 0.588489890099, 0.424963474274, 0.475565553384, 5.77337656849e-18
0.601574420929, 0.77917599678, 1.23693454266, 3.4106092453, 2.57390451431, 0.945233285427, 0.588340878487, 0.424828588963, 0.477798232887, 5.77337656849e-18
0.601680457592, 0.77927339077, 1.23703193665, 3.41054868698, 2.57383036613, 0.945084214211, 0.588248670101, 0.424787908792, 0.480050333244, 8.13151629364e-19
0.601777374744, 0.779385745525, 1.23719143867, 3.41104698181, 2.57336807251, 0.944854795933, 0.588131785393, 0.449670821428, 0.482322085813, 4.06575814682e-19
0.601852953434, 0.779499828815, 1.23740923405, 3.41180419922, 2.57255172729, 0.944712460041, 0.588036894798, 0.449603825808, 0.484153795004, 4.06575814682e-19
0.60193002224, 0.779597938061, 1.23765623569, 3.41275954247, 2.57193875313, 0.944512784481, 0.587919056416, 0.44949734211, 0.485998353322, 5.17814957579e-16
0.602013587952, 0.779741287231, 1.23778581619, 3.41310548782, 2.57159471512, 0.944300532341, 0.587775290012, 0.449414104223, 0.487855883761, -4.06575814682e-19
0.602121889591, 0.779873549938, 1.23808407784, 3.41432380676, 2.57058978081, 0.944070100784, 0.587630689144, 0.449276268482, 0.490196228458, -4.06575814682e-19
0.602258384228, 0.780044019222, 1.23830485344, 3.41466903687, 2.57004165649, 0.943887710571, 0.587489724159, 0.449172645807, 0.493032000319, 0.0
0.602360904217, 0.780207335949, 1.23857712746, 3.4155087471, 2.56924462318, 0.943604707718, 0.587322175503, 0.449062675238, 0.495122397702, -0.000291044776119
0.602467596531, 0.78034889698, 1.23874890804, 3.41585731506, 2.56908845901, 0.943462193012, 0.587209761143, 0.448936253786, 0.497528557341, -4.33680868994e-19
0.602574467659, 0.780424594879, 1.23877847195, 3.41541051865, 2.56906461716, 0.943336129189, 0.587083518505, 0.448853939772, 0.497528557341, 0.0
0.602677464485, 0.780580699444, 1.23905074596, 3.41632914543, 2.56857848167, 0.94312775135, 0.586951673031, 0.448746174574, 0.499956228216, 0.0
0.602783918381, 0.780699729919, 1.23919558525, 3.41725564003, 2.56772899628, 0.942876160145, 0.586831271648, 0.448639631271, 0.502405671088, 0.0
0.602895259857, 0.780841350555, 1.23951745033, 3.4176659584, 2.56714463234, 0.94265204668, 0.586684942245, 0.448526829481, 0.504877150371, 0.0
0.603009283543, 0.78099501133, 1.23972356319, 3.41824936867, 5.0, 0.942500352859, 0.586552977562, 0.448421150446, 0.507370934179, 0.0
0.603089213371, 0.781102240086, 1.23988008499, 3.41847324371, 5.0, 0.94227963686, 0.586419403553, 0.448306083679, 0.509382203051, 0.0
0.603204488754, 0.78124922514, 1.24011099339, 3.41912508011, 5.0, 0.942129075527, 0.586297571659, 0.448201239109, 0.511916822663, 0.0
0.603309452534, 0.781373143196, 1.24025058746, 3.4192032814, 5.0, 0.941957592964, 0.586158633232, 0.448099642992, 0.51447451764, -2.5890747879e-16
0.603411138058, 0.781497895718, 1.24038815498, 3.41952395439, 5.0, 0.941790819168, 0.586042702198, 0.447996646166, 0.517055570618, 0.0
0.603513896465, 0.781576275826, 1.24048697948, 3.4192135334, 5.0, 0.941684544086, 0.585927546024, 0.447909474373, 0.519660268173, 0.0
0.603614747524, 0.781698584557, 1.24069309235, 3.41995835304, 5.0, 0.941446721554, 0.585792958736, 0.447806209326, 0.522288900873, 0.0
0.603726327419, 0.781890869141, 1.24095141888, 3.42099833488, 5.0, 0.941188752651, 0.585641860962, 0.44770142436, 0.524941763327, 0.0
0.603834331036, 0.782031178474, 1.24118471146, 3.4215900898, 5.0, 0.940987467766, 0.58549708128, 0.447590440512, 0.527904819549, 0.00029104477612
0.603944242001, 0.782152354717, 1.24138963223, 3.42200946808, 5.0, 0.940805673599, 0.585402190685, 0.447483718395, 0.530608339174, -5.3668007538e-18
0.604049324989, 0.782285273075, 1.24158501625, 3.42249512672, 5.0, 0.940574228764, 0.585251450539, 0.447371691465, 0.533040478289, -0.000291044776119
0.604138553143, 0.78241699934, 1.24182391167, 3.42329287529, 5.0, 0.940399706364, 0.585106611252, 0.44725844264, 0.535240600059, -5.1738127671e-16
0.604251503944, 0.782589912415, 1.24203658104, 3.42396664619, 5.0, 0.940169930458, 0.584944009781, 0.447145700455, 0.538013901638, 4.33680868994e-19
0.604364275932, 0.78273332119, 1.24228894711, 3.42459011078, 5.0, 0.939955711365, 0.584810376167, 0.447032868862, 0.540813222694, 5.17814957579e-16
0.60447704792, 0.782865822315, 1.24245548248, 3.4252383709, 5.0, 0.939743697643, 0.5846747756, 0.446947902441, 0.543638886634, -4.33680868994e-19
0.604569077492, 0.782963991165, 1.24265885353, 3.42560434341, 5.0, 0.939564704895, 0.584532499313, 0.446835637093, 0.546491221298, -4.33680868994e-19
0.604686498642, 0.783129990101, 1.24283134937, 3.42595672607, 5.0, 0.939368128777, 0.584411382675, 0.446729630232, 0.549370559008, -4.33680868994e-19
0.604793071747, 0.783234417439, 1.2430229187, 3.42629289627, 5.0, 0.939187288284, 0.584311842918, 0.446626156569, 0.552277236617, -4.33680868994e-19
0.60490322113, 0.783365905285, 1.24318552017, 3.42648887634, 5.0, 0.939017772675, 0.584187865257, 0.446524947882, 0.555211595558, -4.33680868994e-19
0.604984819889, 0.783487141132, 1.24338769913, 3.42710471153, 5.0, 0.938877463341, 0.584072351456, 0.446427494287, 0.557579245664, -5.17814957579e-16
0.605101287365, 0.783610761166, 1.24361789227, 3.42783999443, 5.0, 0.938588202, 0.583914875984, 0.446314305067, 0.561164746345, 5.16947595841e-16
0.60519516468, 0.783777594566, 1.24385726452, 3.42860198021, 5.0, 0.938396811485, 0.583761274815, 0.446201503277, 0.563578028865, -5.1738127671e-16
0.605307281017, 0.783919215202, 1.24402475357, 3.4292318821, 5.0, 0.938160598278, 0.583614945412, 0.446112900972, 0.563578028865, 0.0
0.605412602425, 0.784059107304, 1.24423849583, 3.42969417572, 3.99662733078, 0.938010573387, 0.58350610733, 0.446017742157, 0.566620772893, 0.0
0.60551404953, 0.784155905247, 1.24438607693, 3.43008637428, 3.9720723629, 0.937815666199, 0.583397388458, 0.445916384459, 0.569692902361, 0.0
0.605618536472, 0.784297347069, 1.24468588829, 3.43109083176, 3.94749689102, 0.937592744827, 0.583258152008, 0.445807486773, 0.572794786184, 0.0
0.605731368065, 0.784450650215, 1.24487352371, 3.43148469925, 3.92292356491, 0.937353670597, 0.583104610443, 0.445692181587, 0.575926798167, 0.0
0.605816602707, 0.784593999386, 1.24510478973, 3.43226671219, 3.89832258224, 0.937192976475, 0.582968294621, 0.44558942318, 0.578454354373, 2.5890747879e-16
0.605919599533, 0.784729123116, 1.24527788162, 3.43263149261, 3.87376213074, 0.937002301216, 0.582849740982, 0.44548997283, 0.5816415548, 0.0
0.606018900871, 0.784849107265, 1.24543619156, 3.43327617645, 3.84922027588, 0.936839282513, 0.582731068134, 0.44538205862, 0.584859956409, 2.5890747879e-16
0.606126785278, 0.785005569458, 1.2457280159, 3.43386483192, 3.82462358475, 0.936597824097, 0.582565128803, 0.445261895657, 0.588109951957, 0.0
0.606246590614, 0.785154700279, 1.24592709541, 3.43454027176, 3.80005407333, 0.936381220818, 0.582424819469, 0.445157289505, 0.591391939282, 0.0
0.606351315975, 0.785292088985, 1.24613010883, 3.43524694443, 3.77554583549, 0.936125814915, 0.582269787788, 0.44507136941, 0.594706321336, 0.0
0.606462180614, 0.785422563553, 1.24642860889, 3.43629169464, 3.75593495369, 0.935844659805, 0.582107484341, 0.444956153631, 0.598053506218, 0.0
0.606570065022, 0.785580635071, 1.24667775631, 3.43724012375, 3.73139429092, 0.935654342175, 0.582002103329, 0.444845587015, 0.60171815775, 0.000291044776119
0.60668617487, 0.785731554031, 1.24688410759, 3.43775629997, 3.7068362236, 0.935448408127, 0.581866264343, 0.444747149944, 0.605133570009, -5.3668007538e-18
0.606779932976, 0.785848021507, 1.2470896244, 3.43827939034, 3.68225312233, 0.935246109962, 0.581726849079, 0.444635093212, 0.608285070226, -0.00029104477612
0.606873035431, 0.7859993577, 1.24728274345, 3.43866801262, 3.65770673752, 0.935039579868, 0.581590116024, 0.444529116154, 0.611068250393, -4.98732999343e-18
0.606979429722, 0.78611934185, 1.2474963665, 3.43925595284, 3.63315653801, 0.934862196445, 0.581433951855, 0.444406181574, 0.614578600878, 0.0
0.607101678848, 0.786302745342, 1.24773836136, 3.44038629532, 3.60861206055, 0.934602916241, 0.581279098988, 0.44429191947, 0.618124222256, 0.0
0.607215821743, 0.786458313465, 1.2479865551, 3.44122433662, 3.58406448364, 0.934346556664, 0.581127285957, 0.444203525782, 0.621705558295, 0.0
0.607327759266, 0.786617040634, 1.24824464321, 3.44186234474, 3.56440997124, 0.934149563313, 0.58097755909, 0.444083929062, 0.625323058079, 0.0
0.607444226742, 0.786768853664, 1.2484793663, 3.44258213043, 3.53986001015, 0.933904826641, 0.580835700035, 0.443968385458, 0.628977176024, 0.0
0.607566595078, 0.786881327629, 1.24865078926, 3.44277834892, 3.51529431343, 0.933724999428, 0.580699145794, 0.443857461214, 0.63266837188, 4.33680868994e-19
0.607678472996, 0.787021696568, 1.24887704849, 3.44339060783, 3.49074220657, 0.933535516262, 0.580564260483, 0.443752199411, 0.63639711073, 4.33680868994e-19
0.607780098915, 0.787152349949, 1.24907302856, 3.44390201569, 3.47107005119, 0.93327665329, 0.580402314663, 0.443631112576, 0.639407448708, 0.0
0.607902169228, 0.78733932972, 1.24931609631, 3.44196367264, 3.44162344933, 0.933020174503, 0.58026021719, 0.443486481905, 0.64320495398, 0.0
0.608021199703, 0.787481248379, 1.24952948093, 3.42234826088, 3.42200422287, 0.932789742947, 0.580085158348, 0.443372905254, 0.647041332825, 0.0
0.608133912086, 0.787667632103, 1.24992179871, 3.39288234711, 3.39256691933, 0.932535052299, 0.57994312048, 0.443262130022, 0.647041332825, 0.0
0.608245074749, 0.787803053856, 1.25013136864, 3.36836290359, 3.36796474457, 0.932372510433, 0.579812049866, 0.443149209023, 0.650917070539, 0.0
0.608357727528, 0.787958145142, 1.25031137466, 3.34378814697, 3.34342932701, 0.932126402855, 0.57965695858, 0.443059742451, 0.654832657692, 0.0
0.608467519283, 0.788066983223, 1.2505286932, 3.3192884922, 3.32377409935, 0.931893050671, 0.579506397247, 0.442939400673, 0.658788590109, 0.0
0.608589351177, 0.788234233856, 1.25078761578, 3.29474616051, 3.29920077324, 0.931673765182, 0.579349696636, 0.442813485861, 0.663068378949, 0.00029104477612
0.608719408512, 0.788366019726, 1.25087940693, 3.27512073517, 3.27460098267, 0.931528925896, 0.579253911972, 0.44270581007, 0.667107927693, 0.0
0.60883307457, 0.788498699665, 1.25109481812, 3.25055193901, 3.25000238419, 0.931314349174, 0.57911336422, 0.442584186792, 0.671189345106, 0.0
0.608951508999, 0.788659512997, 1.25137364864, 3.22602534294, 3.22541904449, 0.931077063084, 0.578953385353, 0.442466080189, 0.6753131474, 0.0
0.609040915966, 0.788805544376, 1.25156927109, 3.20151138306, 3.20083189011, 0.930901050568, 0.578800916672, 0.442348182201, 0.678643056446, -5.17814957579e-16
0.609158456326, 0.788991928101, 1.25191342831, 3.17691040039, 3.17635512352, 0.930595219135, 0.578634977341, 0.442242175341, 0.682844468335, 0.0
0.609264791012, 0.789132773876, 1.25215017796, 3.15240073204, 3.15174412727, 0.930395543575, 0.578502595425, 0.442148655653, 0.687089736935, 0.0
0.609383642673, 0.789275884628, 1.25235021114, 3.12781262398, 3.12718105316, 0.930167138577, 0.578331649303, 0.442022681236, 0.691079728357, -0.000291044776119
0.609504401684, 0.789434432983, 1.25253498554, 3.10331273079, 3.1025800705, 0.930034279823, 0.578213512897, 0.441911041737, 0.695412710336, 5.42101086243e-18
0.609623014927, 0.789552569389, 1.25267112255, 3.07878637314, 3.08296322823, 0.929782748222, 0.578070521355, 0.441793322563, 0.699791161842, 5.42101086243e-18
0.609733223915, 0.789710462093, 1.25291836262, 3.05423474312, 3.05838823318, 0.929556012154, 0.577948570251, 0.441674560308, 0.704215631826, 5.42101086243e-18
0.609857738018, 0.789839565754, 1.25311040878, 3.03460288048, 3.03378653526, 0.92939478159, 0.577823460102, 0.441565006971, 0.708686673634, 5.42101086243e-18
0.60996311903, 0.789958417416, 1.25328493118, 3.01010608673, 3.00921082497, 0.929172158241, 0.577674090862, 0.441453039646, 0.713204844872, 4.33680868994e-19
0.610052347183, 0.790104091167, 1.25352656841, 2.98548388481, 2.98467040062, 0.928986489773, 0.577520012856, 0.441325813532, 0.716853692398, 4.33680868994e-19
0.610180199146, 0.790271282196, 1.25374937057, 2.96098065376, 2.96010518074, 0.928687274456, 0.577357888222, 0.441234022379, 0.721458114832, 4.33680868994e-19
0.610290408134, 0.79040646553, 1.25395274162, 2.93641614914, 2.93550658226, 0.928538620472, 0.577221274376, 0.441100925207, 0.726111249414, 4.33680868994e-19
0.610404908657, 0.790552794933, 1.25416266918, 2.9118745327, 2.91095590591, 0.928342521191, 0.577078938484, 0.441001355648, 0.73081366855, 4.33680868994e-19
0.610528588295, 0.790691614151, 1.2543514967, 2.88732385635, 2.89124560356, 0.928104817867, 0.576921701431, 0.440882086754, 0.735565948117, 4.33680868994e-19
0.610640585423, 0.79082685709, 1.25460040569, 2.86280870438, 2.86670303345, 0.927917003632, 0.57681030035, 0.440788507462, 0.740368667258, 4.33680868994e-19
0.610744297504, 0.790933787823, 1.25473332405, 2.84320354462, 2.84210371971, 0.92775452137, 0.576697945595, 0.440672695637, 0.745222408167, 4.33680868994e-19
0.610856771469, 0.791063547134, 1.25491786003, 2.81869268417, 2.81754779816, 0.927590429783, 0.576571464539, 0.440554440022, 0.750127755855, 4.33680868994e-19
0.610979139805, 0.791206657887, 1.25507521629, 2.79410791397, 2.7930085659, 3.14736056328, 0.576420307159, 0.440440267324, 0.750127755855, 0.0
0.611089587212, 0.791344761848, 1.25530874729, 2.76954770088, 2.76836919785, 3.11971545219, 0.576281309128, 0.440320760012, 0.755085297907, 0.0
0.61118555069, 0.791499912739, 1.25549077988, 2.74503326416, 2.74380064011, 3.09768366814, 0.576129436493, 0.44019779563, 0.759089307826, 0.0
0.611308515072, 0.791621804237, 1.25563240051, 2.72049546242, 2.71917724609, 3.07004380226, 0.576011240482, 0.440113306046, 0.764423172898, 0.000291044776119
0.611423611641, 0.791769087315, 1.25588142872, 2.69597816467, 2.69464802742, 3.04253029823, 0.575854599476, 0.439972519875, 0.769531438412, -2.5890747879e-16
0.611532926559, 0.791905164719, 1.25603735447, 2.67141699791, 2.67008757591, 3.01498746872, 0.57572799921, 0.43988442421, 0.774694149355, 0.0
0.611647129059, 0.792057514191, 1.25628316402, 2.64684772491, 2.64549636841, 2.9874522686, 0.575596153736, 0.439772427082, 0.779911901186, 0.0
0.611755311489, 0.792172908783, 1.25641465187, 2.62236118317, 2.62584495544, 2.9598274231, 0.575471162796, 0.439666956663, 0.785185290136, -2.5890747879e-16
0.611861884594, 0.792268872261, 1.25657844543, 2.60272860527, 2.60123729706, 2.93231248856, 0.575348138809, 0.43954923749, 0.790514912843, 0.0
0.611975252628, 0.792422533035, 1.25683772564, 2.57817625999, 2.57668709755, 2.90471601486, 0.575220167637, 0.439454972744, 0.79559949116, -0.000291044776119
0.612067341805, 0.792542040348, 1.25701630116, 2.55360078812, 2.55214285851, 2.87718224525, 0.575059533119, 0.439330935478, 0.801041712427, 0.0
0.612191200256, 0.792701125145, 1.2572633028, 2.52908921242, 2.52754449844, 2.84964776039, 0.574915289879, 0.439226031303, 0.806541955832, 0.0
0.612279772758, 0.792831897736, 1.25742340088, 2.50450253487, 2.50292944908, 2.82206511497, 0.574786365032, 0.439106076956, 0.810984326198, 5.17814957579e-16
0.612399578094, 0.792992949486, 1.25763547421, 2.47998476028, 2.47841095924, 2.80006766319, 0.574643790722, 0.438992261887, 0.816590506973, 4.55364912444e-18
0.612513720989, 0.793123662472, 1.25780713558, 2.45546078682, 2.45383453369, 2.77252101898, 0.574493944645, 0.438899457455, 0.82225637034, 4.55364912444e-18
0.612628877163, 0.793246388435, 1.25803923607, 2.4309117794, 2.43417239189, 2.74497652054, 0.574359834194, 0.438796550035, 0.827982504829, 4.55364912444e-18
0.612729132175, 0.793378770351, 1.25828158855, 2.41128158569, 2.40960407257, 2.71747374535, 0.574236452579, 0.438677489758, 0.833769495745, 4.55364912444e-18
0.612845897675, 0.793550014496, 1.25846683979, 2.3867328167, 2.38508272171, 2.68991160393, 0.574070751667, 0.43857049942, 0.839617924597, -7.5894152074e-19
0.612952172756, 0.793668448925, 1.25867187977, 2.36219978333, 2.36047291756, 2.66234636307, 0.573959827423, 0.438472956419, 0.845528368491, -7.5894152074e-19
0.61305886507, 0.793803215027, 1.25889229774, 2.33770155907, 2.33590698242, 2.63479042053, 3.52759313583, 0.438357919455, 0.851501399505, -7.5894152074e-19
0.613147377968, 0.793947517872, 1.25912535191, 2.3131146431, 2.31133246422, 2.60727095604, 3.49133968353, 0.438273876905, 0.856325267868, -4.33680868994e-19
0.613258004189, 0.79410392046, 1.25933742523, 2.28856801987, 2.28680062294, 2.58528995514, 3.45510959625, 0.438158869743, 0.862412378754, -4.33680868994e-19
0.613372266293, 0.794259488583, 1.25957679749, 2.26403474808, 2.2622191906, 2.55774307251, 3.41868829727, 0.438046008348, 0.868563646131, -4.33680868994e-19
0.613481283188, 0.794400513172, 1.25980269909, 2.23948144913, 2.23764848709, 2.5302324295, 3.38262844086, 0.437917947769, 0.874779616743, -4.33680868994e-19
0.61361092329, 0.794580101967, 1.2601031065, 2.21496367455, 2.2180147171, 2.50270915031, 3.34628033638, 0.437807917595, 0.881060828893, -4.33680868994e-19
0.613719880581, 0.794751346111, 1.26040577888, 2.1904027462, 2.19345784187, 2.47520709038, 3.31009340286, 0.43770056963, 0.88740781165, -4.33680868994e-19
0.613817334175, 0.794850051403, 1.26059067249, 2.1707611084, 2.16887617111, 2.44766926765, 3.28100633621, 0.437590748072, 0.88740781165, 0.0
0.613932967186, 0.794984519482, 1.26078665257, 2.14625477791, 2.14435911179, 2.42011260986, 3.24470567703, 0.437475293875, 0.894099235757, 0.000291044776119
0.614042639732, 0.795133531094, 1.26101720333, 2.12167024612, 2.11973929405, 2.39252567291, 3.20828175545, 0.437364161015, 0.900580674926, 0.0
0.614140272141, 0.795263588428, 1.26122772694, 2.09717178345, 2.09517979622, 2.37053132057, 3.17201542854, 0.437248110771, 0.905814247051, 2.5890747879e-16
0.614255964756, 0.795437216759, 1.26148056984, 2.07259654999, 2.0706372261, 2.3430211544, 3.13576412201, 0.437142848969, 0.912417144761, 0.0
0.614361226559, 0.795578241348, 1.26164579391, 2.04809451103, 2.04602980614, 2.31544303894, 3.09932208061, 0.437045127153, 0.919088185005, 0.0
0.614471256733, 0.795699357986, 1.26180577278, 2.02353167534, 2.0263710022, 2.28790664673, 3.06304335594, 0.436912328005, 0.925827825103, 0.0
0.614591836929, 0.795842647552, 1.26212739944, 1.99900925159, 1.99687325954, 2.26033234596, 3.0268330574, 0.436811476946, 0.93233177557, -0.000291044776119
0.614720284939, 0.796008586884, 1.26233577728, 1.97936248779, 1.97720885277, 2.23285317421, 2.99053096771, 0.436693638563, 0.939208313813, 0.0
0.61483335495, 0.796165466309, 1.26258778572, 1.94995284081, 1.95271527767, 2.20527362823, 2.96139431, 0.436567306519, 0.946154739347, 0.0
0.614961504936, 0.796311378479, 1.26279783249, 1.93029427528, 1.92811870575, 2.17771363258, 2.92502760887, 0.436514645815, 0.95317144238, 0.0
0.615080058575, 0.796475052834, 1.2630828619, 1.90574645996, 1.90353322029, 2.15025258064, 2.88887906075, 0.883279204369, 0.960258793377, 0.0
0.615157186985, 0.796639561653, 1.26338064671, 1.88122725487, 1.87898313999, 2.12821245193, 2.85264849663, 1.42181360722, 0.965979776352, 0.0
0.615282714367, 0.796810865402, 1.2635819912, 1.85668194294, 1.85444545746, 2.10069394112, 2.81623148918, 1.85450923443, 0.973195159815, -4.33680868994e-19
0.615398406982, 0.79693877697, 1.26375007629, 1.83215749264, 1.82991874218, 2.07320952415, 2.77997541428, 2.39245176315, 0.980482113629, -4.33680868994e-19
0.615510761738, 0.797116696835, 1.26405358315, 1.80758273602, 1.8102107048, 2.04562616348, 2.74365854263, 2.9309592247, 0.987840922543, -4.33680868994e-19
0.615621685982, 0.79724496603, 1.26422762871, 1.78306019306, 1.78564524651, 2.0180182457, 2.70731806755, 3.46982192993, 0.995271845816, 0.0
0.615755796432, 0.797384679317, 1.264523983, 1.75849056244, 1.76104974747, 1.9905205965, 2.67825222015, 5.0, 1.00277511596, 0.0
0.615882873535, 0.79754704237, 1.26474916935, 1.73886752129, 1.7365128994, 1.96293020248, 2.64185261726, 5.0, 1.01035093746, 0.0
0.615984022617, 0.797673821449, 1.26492369175, 1.71434473991, 1.71196699142, 1.93543410301, 2.60555911064, 5.0, 1.01799948544, 0.0
0.616100609303, 0.797826290131, 1.2652053833, 1.6898034811, 1.68738186359, 1.90795397758, 2.56940364838, 5.0, 1.0257209044, 0.0
0.616183996201, 0.797996163368, 1.26545882225, 1.6652534008, 1.66279649734, 1.88585877419, 2.53296089172, 5.0, 1.03195058337, -5.17814957579e-16
0.616311788559, 0.79814440012, 1.26561868191, 1.64072728157, 1.63820528984, 1.8582611084, 2.49653768539, 5.0, 1.03980343121, 4.33680868994e-19
0.61641985178, 0.798283517361, 1.26581990719, 1.61615335941, 1.61854100227, 1.8306863308, 2.46022629738, 5.0, 1.0477293801, 4.33680868994e-19
0.616544127464, 0.798430860043, 1.26603782177, 1.59160363674, 1.58910012245, 1.80321204662, 2.42398405075, 5.0, 1.05572844579, 4.33680868994e-19
0.616657435894, 0.7985855937, 1.2662807703, 1.56706094742, 1.5693873167, 1.7756664753, 2.38758087158, 5.0, 1.06380060688, 4.33680868994e-19
0.616777956486, 0.798743069172, 1.26651310921, 1.54745078087, 1.54482996464, 1.74807286263, 2.35124969482, 5.0, 1.06380060688, 0.0
0.616893768311, 0.798848390579, 1.26662456989, 1.51799786091, 1.52024066448, 1.72048330307, 2.3147726059, 5.0, 1.07194580351, 0.0
0.6170129776, 0.798981547356, 1.26685571671, 1.49838328362, 1.49573528767, 1.69296967983, 2.28574228287, 5.0, 1.08016393595, 0.0
0.617122769356, 0.79911673069, 1.26706039906, 1.47383463383, 1.471103549, 1.66535401344, 2.24931693077, 5.0, 1.08814716411, -0.000291044776119
0.617224216461, 0.799282193184, 1.2673484087, 1.4493021965, 1.44655561447, 1.6433647871, 2.21305799484, 5.0, 1.09483107442, -2.5890747879e-16
0.617353260517, 0.799441218376, 1.26762723923, 1.42473590374, 1.4220020771, 1.61032319069, 2.17679405212, 5.0, 1.10494385796, 2.5890747879e-16
0.617456138134, 0.799602687359, 1.26783776283, 1.40024805069, 1.39741182327, 1.5882806778, 2.14044475555, 5.0, 1.11174346018, -2.5890747879e-16
0.61756747961, 0.799741268158, 1.26807284355, 1.37570130825, 1.37283670902, 1.56072187424, 2.10409617424, 5.0, 1.12030764854, 0.0
0.617692708969, 0.799930810928, 1.26833319664, 1.3511248827, 1.35318088531, 1.53321456909, 2.06787490845, 5.0, 1.12894337587, 0.0
0.617814898491, 0.800083637238, 1.2685482502, 1.32663691044, 1.32866275311, 1.5056579113, 2.03877210617, 5.0, 1.13765023819, 0.0
0.617931544781, 0.800223946571, 1.26876175404, 1.30694973469, 1.30403995514, 1.47810065746, 2.00241041183, 5.0, 1.14642778167, 0.0
0.618060469627, 0.800358593464, 1.26906192303, 1.2775285244, 1.27950429916, 1.45061588287, 1.96620333195, 5.0, 1.15527550154, 0.0
0.618174314499, 0.800529360771, 1.26932990551, 1.25793290138, 1.25493347645, 1.42302060127, 1.92979598045, 5.0, 1.16419284098, 4.33680868994e-19
0.618312180042, 0.800698876381, 1.26956820488, 1.23336708546, 1.23036432266, 1.39551472664, 1.89352869987, 5.0, 1.1731791901, 4.33680868994e-19
0.61841404438, 0.800875723362, 1.26983940601, 1.20882499218, 1.20583343506, 1.37351155281, 1.85720801353, 5.0, 1.18041751204, -4.98732999343e-18
0.61853158474, 0.801049828529, 1.27009999752, 1.18429231644, 1.18121159077, 1.34045636654, 1.82096076012, 5.0, 1.18952636854, -4.98732999343e-18
0.618663549423, 0.80124104023, 1.27042353153, 1.15969645977, 1.16154897213, 1.31839120388, 1.78462004662, 5.0, 1.19870223661, 0.0
0.618796110153, 0.801377773285, 1.27057945728, 1.13516390324, 1.13206839561, 1.29081749916, 1.74823653698, 5.0, 1.20794429639, 0.0
0.618924736977, 0.801534950733, 1.26664543152, 1.11064291, 1.11243343353, 1.26326346397, 1.71188354492, 5.0, 1.2172516709, 0.0
0.619048118591, 0.801703155041, 1.23922860622, 1.08614253998, 1.08789002895, 1.23569989204, 1.68277943134, 5.0, 1.22662342549, 0.0
0.619195103645, 0.801888823509, 1.2118281126, 1.06645703316, 1.06329965591, 1.2082092762, 1.64653348923, 5.0, 1.23605856729, 0.0
0.619292497635, 0.802025735378, 1.18448650837, 1.04197776318, 1.03872537613, 1.18064963818, 1.61017012596, 5.0, 1.24365161491, 0.0
0.619398593903, 0.802175164223, 1.1570212841, 1.01739573479, 1.01417040825, 1.15311634541, 1.57384610176, 5.0, 1.25319816443, 0.0
0.61954241991, 0.802358090878, 1.13516294956, 0.992868363857, 0.989599823952, 1.1310967207, 1.53759086132, 5.0, 1.26280500845, 0.0
0.619655430317, 0.80253893137, 1.10767495632, 0.968344449997, 0.965027213097, 1.10354053974, 1.50121152401, 5.0, 1.27274258434, 0.00029104477612
0.61978828907, 0.802725970745, 1.08025205135, 0.943797290325, 0.940446138382, 1.0759857893, 1.46491086483, 5.0, 1.27274258434, 0.0
0.619905173779, 0.802858233452, 1.05290079117, 0.919247150421, 0.92078858614, 1.04846346378, 1.42853224277, 5.0, 1.28246703581, 0.0
0.620039343834, 0.803008854389, 1.02545118332, 0.894766867161, 0.896267831326, 1.02089309692, 1.39216530323, 5.0, 1.29224790578, 0.0
0.620156109333, 0.803144693375, 0.998068928719, 0.870234191418, 0.871709227562, 0.993374288082, 1.35588765144, 5.0, 1.30208379923, 0.0
0.620291411877, 0.803334772587, 0.970710158348, 0.845710992813, 0.84714871645, 0.965832769871, 1.32679831982, 5.0, 1.31197326287, 0.0
0.620413422585, 0.80346506834, 0.943241178989, 0.826025307178, 0.822574496269, 0.938293993473, 1.29047739506, 5.0, 1.32191478559, 0.0
0.620555698872, 0.803645789623, 0.915807664394, 0.801464021206, 0.797998130322, 0.916237294674, 1.25405979156, 5.0, 1.33190679922, 0.0
0.620667159557, 0.803812682629, 0.888476133347, 0.776999175549, 0.77339476347, 0.888652861118, 1.21775221825, 5.0, 1.33993567381, 0.0
0.620790779591, 0.803960025311, 0.866483569145, 0.75238931179, 0.748791873455, 0.861056745052, 1.18127739429, 5.0, 1.35405887008, 2.5890747879e-16
0.620966553688, 0.807442307472, 0.842549204826, 0.735557079315, 0.74209189415, 0.863865196705, 1.23656725883, 5.0, 1.35901606919, -0.00029104477612
0.624279141426, 0.862426578999, 0.811663389206, 0.730736851692, 0.75657004118, 0.910966932774, 1.37384939194, 5.0, 1.30275561558, -0.0573358208955
0.632012307644, 0.936951100826, 0.785097718239, 0.730682432652, 0.772523522377, 0.969297289848, 1.5511251688, 5.0, 1.18633770513, -0.116417910448
0.644014418125, 0.944088459015, 0.760986328125, 0.724690914154, 0.786952972412, 1.00745844841, 1.65258467197, 5.0, 1.15703362885, -0.0299776119403
0.653953135014, 0.899617493153, 0.735134184361, 0.706273496151, 0.763717114925, 0.976261079311, 1.60465085506, 5.0, 1.14176110294, -0.0232835820896
0.659554004669, 0.871382296085, 0.710903227329, 0.682571530342, 0.738131821156, 0.944213151932, 1.55358219147, 5.0, 1.15537413034, 0.000291044776119
0.664019346237, 0.844997167587, 0.690793216228, 0.663923799992, 0.726579129696, 0.942577958107, 1.61064064503, 5.0, 1.1592154588, 0.0
0.678389012814, 0.808586716652, 0.68033015728, 0.666580557823, 0.754338383675, 1.03626382351, 1.89411139488, 3.2522149086, 1.10401725058, -0.0573358208955
0.695008337498, 0.770400941372, 0.670504808426, 0.675059854984, 0.790726304054, 1.11578083038, 2.30151867867, 2.73674988747, 1.04580840329, -0.0582089552239
0.720409691334, 0.739691793919, 0.665112733841, 0.687758266926, 0.825196623802, 1.23685610294, 2.92138147354, 2.43413710594, 0.973047360159, -0.0727611940299
0.751618742943, 0.715268433094, 0.664028048515, 0.704973578453, 0.887911677361, 1.3920429945, 3.98819923401, 2.14233350754, 0.842077524908, -0.130970149254
0.789131641388, 0.694913685322, 0.663112163544, 0.722779214382, 0.931642711163, 1.54923808575, 3.99372339249, 1.99834549427, 0.827800693287, -0.0142611940299
0.821843266487, 0.67209738493, 0.64593231678, 0.709603190422, 0.914499461651, 1.51282632351, 3.98281168938, 2.03396224976, 0.801635143095, -0.0320149253731
0.837685346603, 0.655460953712, 0.625762999058, 0.68351662159, 0.887510120869, 1.47017240524, 3.96931648254, 2.06922507286, 0.80927982303, 0.0
0.853272020817, 0.634734749794, 0.605509698391, 0.666062116623, 0.860392272472, 1.42749381065, 3.95580530167, 2.10165667534, 0.820172693151, 0.0
0.864566147327, 0.617617964745, 0.593410134315, 0.656717658043, 0.872350037098, 1.4946719408, 3.94344377518, 1.94717395306, 0.822111972427, -0.000582089552239
0.905955195427, 0.606132566929, 0.596674859524, 0.684154987335, 0.950953781605, 1.77308535576, 3.9439997673, 1.7759437561, 0.765582052007, -0.0573358208955
0.912451982498, 0.598431050777, 0.606902837753, 0.71879452467, 1.0493055582, 2.17887115479, 3.94308590889, 1.6634105444, 0.692515087082, -0.073052238806
0.843533575535, 0.594781756401, 0.617123663425, 0.761830806732, 1.14770817757, 2.8276515007, 3.96462845802, 1.5439414978, 0.619754123571, -0.0727611940299
0.787280261517, 0.59504878521, 0.634741425514, 0.815237641335, 1.30444574356, 3.96335124969, 3.99835824966, 1.4479278326, 0.489010881896, -0.130733037164
0.743236720562, 0.595801413059, 0.656333625317, 0.865039765835, 1.4976246357, 3.93774652481, 5.0, 1.39987468719, 0.474510750098, -0.0144983061194
0.712762951851, 0.587285339832, 0.650851249695, 0.869255244732, 1.49834918976, 3.91733956337, 5.0, 1.41674292088, 0.443839308136, -0.0343432835821
0.696983158588, 0.573578596115, 0.635736227036, 0.849854528904, 1.46591329575, 3.89876031876, 5.0, 1.42681717873, 0.449501732828, 5.55111512313e-16
0.685686945915, 0.565249562263, 0.632850408554, 0.863265514374, 1.58850574493, 3.89432406425, 3.50887107849, 1.36556220055, 0.447587542366, -0.00378358208955
0.658111274242, 0.57140994072, 0.668329536915, 0.948647916317, 1.93846511841, 3.89367794991, 2.91133284569, 1.30650234222, 0.383844557146, -0.0640298507463
0.633739233017, 0.582288503647, 0.707220554352, 1.0565662384, 2.47048521042, 3.90226483345, 2.49763607979, 1.2591792345, 0.34643321166, -0.0363805970149
0.615332067013, 0.597322821617, 0.744197189808, 1.19295823574, 3.37558484077, 3.93351554871, 2.1925714016, 1.23133897781, 0.273955585995, -0.0724701492537
0.601400434971, 0.617662012577, 0.80120408535, 1.38094973564, 3.89696359634, 3.98937749863, 1.96193933487, 1.24712967873, 0.18664215316, -0.0873134328358
0.591423213482, 0.632106184959, 0.845214903355, 1.48985624313, 3.87751555443, 3.98219776154, 1.94139993191, 1.2248622179, 0.141075539172, -0.046276119403
0.58515805006, 0.626892983913, 0.836687386036, 1.47372150421, 3.8540019989, 3.96536278725, 1.95614993572, 1.22478103638, 0.142444241, -0.0014552238806
0.579514145851, 0.620288014412, 0.828810691833, 1.4629740715, 3.83455920219, 3.89113235474, 1.93005037308, 1.2221930027, 0.14276498499, -2.22044604925e-16
0.57558709383, 0.633648633957, 0.882825195789, 1.65826380253, 3.83459472656, 3.20059347153, 1.76398324966, 1.70672416687, 0.102686857503, -0.0404552238806
0.573224842548, 0.667051076889, 0.977439522743, 2.04895496368, 3.83450055122, 2.78878211975, 1.62536072731, 2.87473058701, 0.00110990863448, -0.101574626866
0.573661983013, 0.707721352577, 1.09443378448, 2.65042638779, 3.84533143044, 2.4426240921, 1.53915452957, 5.0, -0.0279945689775, -0.0291044776119
0.575113236904, 0.723484456539, 1.11731278896, 2.79184150696, 3.82324433327, 2.42567944527, 1.53948545456, 5.0, -0.0651854586446, -0.0369626865672
0.574681758881, 0.722724676132, 1.11585283279, 2.78452014923, 3.79856991768, 2.42920565605, 1.541203022, 3.76578021049, -0.065937819408, 0.0
0.57389074564, 0.721512496471, 1.11374568939, 2.77713823318, 3.77891921997, 2.43203425407, 1.54257380962, 3.42002248764, -0.0667077241636, 0.0
0.57308524847, 0.720644295216, 1.11202514172, 2.77257275581, 3.75445795059, 2.43400764465, 1.54350304604, 3.08422327042, -0.0674957930924, 0.0
0.572287678719, 0.71962749958, 1.1105517149, 2.76977872849, 3.73002195358, 2.43570876122, 1.54458320141, 2.75190138817, -0.0685920859222, -0.000291044776119
0.571490049362, 0.718634486198, 1.1091003418, 2.76632142067, 3.70558190346, 2.43729805946, 1.54561650753, 2.42063975334, -0.0694219381624, 2.22044604925e-16
0.57069337368, 0.71765768528, 1.10766780376, 2.76299858093, 3.68114566803, 2.43890118599, 1.5466645956, 2.08808994293, -0.070272082551, 2.22044604925e-16
0.570041120052, 0.716643810272, 1.10623311996, 2.75970816612, 3.65671277046, 2.44027113914, 1.54775559902, 1.75574374199, -0.0706745151583, 0.00029104477612
0.569241940975, 0.715643584728, 1.10504722595, 2.7564022541, 3.63229489326, 2.44182419777, 1.54879057407, 1.42415642738, -0.0715594240442, 0.0
0.568430185318, 0.71463996172, 1.10357475281, 2.75265717506, 3.61274766922, 2.44349622726, 1.54985570908, 1.17810761929, -0.0724667343343, 0.0
0.567637383938, 0.713652610779, 1.10214710236, 2.74924182892, 3.58831548691, 2.44504618645, 1.55087208748, 1.17811310291, -0.0733973060163, -4.4408920985e-16
0.566824138165, 0.712870955467, 1.10075998306, 2.74643492699, 3.56390810013, 2.44660711288, 1.5519067049, 1.17812097073, -0.0743520435851, 0.0
0.566005885601, 0.711863517761, 1.09931194782, 2.74373745918, 3.53949189186, 2.44816708565, 1.55274260044, 1.17812693119, -0.0753318989548, 0.0
0.565207719803, 0.71088463068, 1.09789597988, 2.74054646492, 3.51505637169, 2.44974112511, 1.553779006, 1.17852437496, -0.0763378746009, 0.0
0.564571321011, 0.709887325764, 1.09649264812, 2.7374215126, 3.49063062668, 2.45123338699, 1.55479359627, 1.1793307066, -0.0771621697338, 0.0
0.563766479492, 0.708914518356, 1.09508383274, 2.73431634903, 3.46620488167, 2.45284438133, 1.55584537983, 1.18013358116, -0.0782178626818, 0.0
0.562962889671, 0.707914829254, 1.09363055229, 2.73086857796, 3.4417757988, 2.45411467552, 1.55689060688, 1.18078148365, -0.151517418251, -0.0727611940299
0.562161445618, 0.706943392754, 1.09224998951, 2.72787928581, 3.41735291481, 2.45563435555, 1.55789768696, 1.18157923222, -0.153627496599, 0.0
0.561361789703, 0.705971062183, 1.09114086628, 2.72479629517, 3.39781880379, 2.45712471008, 1.55890667439, 1.18237543106, -0.155796693305, 0.0
0.560557961464, 0.705182492733, 1.0897500515, 2.72183513641, 3.36851477623, 2.45863771439, 1.55994069576, 1.18318712711, -0.158027506858, 0.0
0.559746384621, 0.703988671303, 1.08829700947, 2.71902704239, 3.3489086628, 2.46018314362, 1.56096231937, 1.1839953661, -0.0864056452724, 0.0727611940299
0.558947145939, 0.703010439873, 1.08692240715, 2.71560406685, 3.32449817657, 2.46169376373, 1.56177651882, 1.18479943275, -0.087673497674, 0.0
0.558140873909, 0.702224314213, 1.0854947567, 2.71283650398, 3.30003142357, 2.4632999897, 1.56282579899, 1.18560838699, -0.088979011509, 0.0
0.557331740856, 0.701223611832, 1.08404970169, 2.70949792862, 3.27556371689, 2.46461367607, 1.56389033794, 1.18641674519, -0.0903238855151, 0.0
0.556682646275, 0.70022469759, 1.08262658119, 2.70628380775, 3.25116491318, 2.46642923355, 1.56490147114, 1.18721973896, -0.0914293314241, -2.22044604925e-16
0.555882573128, 0.699260652065, 1.08125972748, 2.70333743095, 3.22674179077, 2.46760034561, 1.56591200829, 1.18800771236, -0.0928496697701, 0.0
0.55509442091, 0.698274850845, 1.08010900021, 2.70002269745, 3.20224738121, 2.46916174889, 1.56696140766, 1.18865644932, -0.0946027696175, -0.000291044776119
0.554290652275, 0.697282373905, 1.07865643501, 2.69658327103, 3.18270254135, 2.47087526321, 1.56802546978, 1.18945729733, -0.0958250589912, 0.000291044776119
0.553483903408, 0.696285605431, 1.07721602917, 2.69342160225, 3.15828943253, 2.47236633301, 1.56904697418, 1.19025969505, -0.0973858972784, 0.0
0.55267983675, 0.695491194725, 1.07573366165, 2.68949604034, 3.13379096985, 2.47421979904, 1.56994950771, 1.19106686115, -0.0989982556984, 0.0
0.551878273487, 0.694480657578, 1.07428205013, 2.68683958054, 3.10933303833, 2.47582983971, 1.57099616528, 1.19186151028, -0.100664719106, 0.0
0.551075100899, 0.693491339684, 1.07286775112, 2.68289494514, 3.08491873741, 2.47748708725, 1.57206642628, 1.19267129898, -0.102388047589, 0.0
0.550272226334, 0.692501366138, 1.071423769, 2.68026685715, 3.06046056747, 2.47908067703, 1.5731061697, 1.1934722662, -0.10417119117, 0.0
0.549624323845, 0.691498279572, 1.06996524334, 2.67687559128, 3.03602480888, 2.48031425476, 1.57413816452, 1.19427788258, -0.105642887419, 0.0
0.548820018768, 0.690507471561, 1.06882834435, 2.67364692688, 3.01154971123, 2.48227024078, 1.57520103455, 1.19508135319, -0.107541805824, 0.0
0.548014223576, 0.689506947994, 1.06706929207, 2.67010903358, 2.98712730408, 2.48361134529, 1.5762938261, 1.19589006901, -0.109509961363, 0.0
0.54720646143, 0.688493311405, 1.06589078903, 2.66681957245, 2.96266889572, 2.48512554169, 1.57730078697, 1.19654250145, -0.111551194952, 0.0
0.546407222748, 0.687533795834, 1.06454372406, 2.66378831863, 2.94312882423, 2.48666238785, 1.57831954956, 1.1973400116, -0.11366963569, 0.0
0.545601963997, 0.686534821987, 1.06309616566, 2.66060638428, 2.91869187355, 2.48822760582, 1.57935249805, 1.19814312458, -0.115869728272, 0.0
0.54479765892, 0.685560822487, 1.06170678139, 2.65746831894, 2.894272089, 2.48970198631, 1.58014452457, 1.19894134998, -0.118156263579, 0.0
0.543996810913, 0.684789001942, 1.06033742428, 2.65519237518, 2.86983513832, 2.49120330811, 1.58116853237, 1.19974994659, -0.120534412883, 0.0
0.543183386326, 0.683783888817, 1.05888605118, 2.65183973312, 2.84537029266, 2.49292564392, 1.58225500584, 1.20056200027, -0.194520223239, -0.0727611940299
0.542537212372, 0.682781994343, 1.05746006966, 2.64857172966, 2.82091784477, 2.49409747124, 1.58327925205, 1.20137107372, -0.197722635, 2.22044604925e-16
0.541729271412, 0.681798398495, 1.05600953102, 2.64521479607, 2.79645872116, 2.49567937851, 1.58430337906, 1.20217168331, -0.201874984225, -2.22044604925e-16
0.54092913866, 0.680803477764, 1.05486273766, 2.64192032814, 2.77200627327, 2.49729919434, 1.5853651762, 1.20296049118, -0.206202950318, -2.22044604925e-16
0.540138721466, 0.67982172966, 1.05344092846, 2.63861751556, 2.74755907059, 2.49889278412, 1.58641266823, 1.2036100626, -0.135675062356, 0.0727611940299
0.539323866367, 0.678827345371, 1.05200326443, 2.63510966301, 2.72798538208, 2.50053787231, 1.5874812603, 1.20441615582, -0.138690989008, 0.0
0.538524031639, 0.678014576435, 1.05046927929, 2.6313457489, 2.70355939865, 2.50234055519, 1.58858728409, 1.20522403717, -0.141843125676, 0.0
0.537709474564, 0.677003622055, 1.04905319214, 2.62889266014, 2.67914128304, 2.50391221046, 1.58941423893, 1.2060277462, -0.145140846033, -2.22044604925e-16
0.536910831928, 0.6760379076, 1.0477077961, 2.62541985512, 2.65467882156, 2.50528860092, 1.59038066864, 1.20681369305, -0.148594397355, 0.0
0.536121845245, 0.675065457821, 1.04626941681, 2.62270283699, 2.63022994995, 2.50690698624, 1.59142661095, 1.20761835575, -0.152215003866, 0.0
0.535320878029, 0.674076378345, 1.04483795166, 2.61945557594, 2.60580801964, 2.50847911835, 1.59246695042, 1.20842695236, -0.156014984975, 0.0
0.534671247005, 0.67307060957, 1.04338800907, 2.61112451553, 2.58128809929, 2.51009130478, 1.59351789951, 1.20922768116, -0.159476119327, -0.00029104477612
0.533869981766, 0.672090888023, 1.04196381569, 2.58647179604, 2.55686044693, 2.51136040688, 1.59454655647, 1.21003568172, -0.163641154175, 0.0
0.533063530922, 0.671110630035, 1.04087293148, 2.56181645393, 2.53246426582, 2.51283454895, 1.59462451935, 1.2105512619, -0.168631142402, 0.00029104477612
0.53302025795, 0.679664134979, 1.06621003151, 2.53986859322, 2.53573894501, 2.33600282669, 1.52276980877, 1.20746088028, -0.187723709349, -0.0162985074627
0.536393940449, 0.711119651794, 1.16935455799, 2.51480937004, 2.53319740295, 2.24952816963, 1.50786995888, 1.20607233047, -0.233070583032, -0.0433656716418
0.537229418755, 0.715325951576, 1.17280781269, 2.48522210121, 2.50844717026, 2.24928116798, 1.50715148449, 1.20525848866, -0.241333975136, -0.00174626865672
0.538069427013, 0.716123878956, 1.17364430428, 2.46573615074, 2.48369312286, 2.24853563309, 1.50649476051, 1.20448124409, -0.24804870558, 0.00029104477612
0.538836836815, 0.717049717903, 1.17497217655, 2.44131970406, 2.4589445591, 2.24739313126, 1.50561797619, 1.20370030403, -0.255471003576, 0.0
0.539618372917, 0.718041539192, 1.17644846439, 2.41690564156, 2.43428683281, 2.24635744095, 1.50467765331, 1.20292878151, -0.263340576725, 0.0
0.54023963213, 0.719038784504, 1.17799055576, 2.39239144325, 2.40960931778, 2.24466919899, 1.5037252903, 1.20231699944, -0.269985408003, 0.0
0.541002929211, 0.720033824444, 1.17919111252, 2.36798763275, 2.38993024826, 2.24362659454, 1.50279796124, 1.20154726505, -0.278765714522, 4.4408920985e-16
0.541773021221, 0.721023917198, 1.18068945408, 2.34351158142, 2.36524629593, 2.24223852158, 1.50182950497, 1.20076942444, -0.288119922281, 0.0
0.542549431324, 0.722028136253, 1.18222296238, 2.31902170181, 2.33559536934, 2.24090862274, 1.50109040737, 1.2000054121, -0.298104389494, 0.0
0.543322682381, 0.723023712635, 1.18372094631, 2.2945830822, 2.31589007378, 2.23952794075, 1.50014102459, 1.19923388958, -0.308782826322, 0.0
0.544081687927, 0.723804056644, 1.18519461155, 2.27500963211, 2.29120135307, 2.23821926117, 1.49922192097, 1.19848251343, -0.320227478818, 0.0
0.544829010963, 0.724762558937, 1.18665230274, 2.25053143501, 2.26807785034, 2.25715875626, 1.50540494919, 1.19966292381, -0.332520535387, 0.0
0.544033110142, 0.704294264317, 1.0947637558, 2.25829052925, 2.24485754967, 2.4894015789, 1.59025919437, 1.2027438879, -0.310702397355, 0.0262479625373
0.539646565914, 0.67203772068, 1.02861344814, 2.25493431091, 2.21876907349, 2.45623970032, 1.60741472244, 1.20415127277, -0.2684216274, 0.0488955223881
0.53867572546, 0.670388102531, 1.02705311775, 2.23006796837, 2.19443655014, 2.4299185276, 1.60830962658, 1.20535957813, -0.277259938621, 2.22044604925e-16
0.537454783916, 0.669164776802, 1.02598702908, 2.20515155792, 2.17014718056, 2.40362715721, 1.60941886902, 1.20653426647, -0.289137588127, -2.22044604925e-16
0.536273896694, 0.667834341526, 1.02420079708, 2.18042516708, 2.14577865601, 2.37688541412, 1.61082911491, 1.20743703842, 0, -2.22044604925e-16
0.53514444828, 0.666748046875, 1.02226233482, 2.15570640564, 2.12625670433, 2.35009407997, 1.61199975014, 1.20856106281, 0, 0.0727611940299
0.534018933773, 0.665372252464, 1.02032780647, 2.13595533371, 2.10187363625, 2.32323169708, 1.61347544193, 1.20969855785, 0, 0.0
0.532876312733, 0.663975894451, 1.01835954189, 2.11122488976, 2.07743883133, 2.2964451313, 1.614990592, 1.21083474159, 0, 0.0
0.531747400761, 0.662599265575, 1.01636219025, 2.08655667305, 2.05304956436, 2.26958012581, 1.61646926403, 1.21196246147, 0, 0.0
0.530845999718, 0.661217391491, 1.01437449455, 2.06182146072, 2.02865719795, 2.24278664589, 1.61800169945, 1.21309542656, 0, 0.0
0.529713332653, 0.65981900692, 1.01276195049, 2.037140131, 2.0042951107, 2.22132825851, 1.61945283413, 1.21422791481, 0, 0.0
0.528581082821, 0.658443212509, 1.01041316986, 2.01243686676, 1.97990429401, 2.19452619553, 1.62095117569, 1.21535301208, 0, 0.0
0.527455866337, 0.657066822052, 1.00885057449, 1.98770749569, 1.95547199249, 2.16768050194, 1.62242007256, 1.2162630558, 0, 0.0
0.526315569878, 0.655680000782, 1.00686562061, 1.96303117275, 1.93106949329, 2.14083743095, 1.62396943569, 1.21740710735, 0, 0.0
0.525185585022, 0.654282212257, 1.00483524799, 1.94325625896, 1.91154325008, 2.1140229702, 1.62540793419, 1.21852052212, 0, -0.000291044776119
0.524062156677, 0.653200924397, 1.00290834904, 1.91360223293, 1.88715910912, 2.08717679977, 1.62662172318, 1.21966767311, 0, 0.0
0.522914409637, 0.651793777943, 1.0008919239, 1.89384412766, 1.86279451847, 2.06040167809, 1.62813138962, 1.2208083868, 0, 0.0
0.521775960922, 0.650398790836, 0.998894393444, 1.86913764477, 1.83834755421, 2.03889083862, 1.62959694862, 1.22194027901, 0, 2.22044604925e-16
0.520602524281, 0.649046838284, 0.997052788734, 1.8451154232, 1.8162343502, 2.0118701458, 1.63072013855, 1.22558665276, 0, 0.0
0.517046630383, 0.645585119724, 0.993207097054, 1.82563555241, 1.79709708691, 1.99418234825, 1.63318371773, 1.22473144531, 0, 0.000291044776119
0.518066585064, 0.646220862865, 0.993544101715, 1.8043217659, 1.77464199066, 1.96881830692, 1.63330185413, 1.22499096394, 0, 0.0
0.517810046673, 0.645400345325, 0.992337584496, 1.77979552746, 1.75511336327, 1.94199776649, 1.63477349281, 1.22588288784, 0, 0.0
0.516695916653, 0.644031405449, 0.990372180939, 1.75510692596, 1.72584724426, 1.91517794132, 1.6362555027, 1.22700095177, 0, 0.0
0.515580534935, 0.642933011055, 0.988399207592, 1.7303442955, 1.70626449585, 1.88832974434, 1.63743257523, 1.22811770439, 0, -0.00029104477612
0.514455914497, 0.64156639576, 0.986464262009, 1.71054840088, 1.68189144135, 1.86144256592, 1.63888168335, 1.22923409939, 0, 0.0
0.5133446455, 0.640210270882, 0.984524071217, 1.68582832813, 1.65749561787, 1.83467769623, 1.64035153389, 1.23034846783, 0, 0.0
0.512231707573, 0.638846337795, 0.982566773891, 1.66119480133, 1.63310325146, 1.80783009529, 1.64185369015, 1.23146510124, 0, -0.0724701492537
0.511111736298, 0.637462854385, 0.980582296848, 1.63650178909, 1.60870933533, 1.78101444244, 1.64333319664, 1.23259305954, 0, -2.22044604925e-16
0.510209321976, 0.63609790802, 0.978609859943, 1.61180615425, 1.58453607559, 1.76049983501, 1.639123559, 1.23357987404, 0, -2.22044604925e-16
0.509128451347, 0.637555480003, 0.985744297504, 1.58079564571, 1.55646431446, 1.73326718807, 1.63777768612, 1.23450100422, 0, -0.00320149253731
0.508010625839, 0.636379063129, 0.984210968018, 1.55615365505, 1.53207731247, 1.70636487007, 1.63910365105, 1.23546648026, 0, 0.0
0.50704407692, 0.63542175293, 0.982464790344, 1.53148984909, 1.51254701614, 1.67944335938, 1.64043390751, 1.23644387722, 0, 0.0727611940299
0.506063878536, 0.634205698967, 0.980704843998, 1.50681602955, 1.48813605309, 1.65254151821, 1.64173054695, 1.23742687702, 0, 0.0
0.505083143711, 0.633001327515, 0.978984117508, 1.48214769363, 1.46373188496, 1.62563979626, 1.6427719593, 1.23840522766, 0, 0.0
0.504300117493, 0.631789147854, 0.977568745613, 1.4623850584, 1.43931531906, 1.60410535336, 1.64410972595, 1.23939085007, 0, 2.22044604925e-16
0.503314673901, 0.630543828011, 0.975371539593, 1.43767273426, 1.41480922699, 1.57169008255, 1.64543771744, 1.24037969112, 0, 0.0
0.502326786518, 0.629336297512, 0.973653614521, 1.41296565533, 1.39037537575, 1.55015516281, 1.64673137665, 1.24136269093, 0, 0.0
0.501343131065, 0.6281452775, 0.971956253052, 1.38828396797, 1.3659516573, 1.52325439453, 1.64797723293, 1.24234080315, 0, 0.00029104477612
0.500364899635, 0.626949250698, 0.97060495615, 1.36351466179, 1.34156262875, 1.49641013145, 1.64920973778, 1.2431242466, 0, -2.22044604925e-16
0.499384641647, 0.625753581524, 0.968902826309, 1.33883619308, 1.31709778309, 1.46945822239, 1.65047228336, 1.24410784245, 0, 0.0
0.498400092125, 0.624562203884, 0.967218399048, 1.31411242485, 1.29753816128, 1.44252991676, 1.6514724493, 1.24509084225, 0, 0.0
0.497525215149, 0.623742222786, 0.966284036636, 1.28876507282, 1.27254116535, 1.41459596157, 1.64975619316, 1.2444435358, 0, 0.0
0.498237401247, 0.62542361021, 0.969250679016, 1.27098369598, 1.24932050705, 1.3958517313, 1.64764356613, 1.24463248253, 0, 0.0
0.496970057487, 0.621850073338, 0.963190793991, 1.24273884296, 1.22248709202, 1.36015498638, 1.65425944328, 1.24811327457, 0, -0.000873134328359
0.49461337924, 0.620307564735, 0.961395204067, 1.21820259094, 1.19807243347, 1.33864533901, 1.65552926064, 1.24908447266, 0, 0.0
0.493642807007, 0.619115650654, 0.960049271584, 1.1935249567, 1.17366993427, 1.31175208092, 1.65680408478, 1.25005745888, 0, 0.0
0.49266898632, 0.617914378643, 0.958306491375, 1.16885828972, 1.14926242828, 1.28484737873, 1.65808534622, 1.25084137917, 0, 0.0
0.491698056459, 0.616722762585, 0.956257581711, 1.14419019222, 1.12485194206, 1.25794446468, 1.65855884552, 1.25180804729, 0, 0.0
