0.596004068851, 0.770184278488, 1.22035467625, 3.33794522285, 2.63424444199, 0.913703501225, 0.565395832062, 0.430519223213, 0.367591740325, 0.000344977462715
0.595987737179, 0.7702704072, 1.22070264816, 3.34181427956, 2.63168215752, 0.913286447525, 0.565229713917, 0.430549025536, 0.368688808955, -2.5890747879e-16
0.5959456563, 0.770535290241, 1.22195482254, 3.35045599937, 2.62290692329, 0.91205817461, 0.564810752869, 0.430510640144, 0.37006896215, 2.5890747879e-16
0.59598249197, 0.771094322205, 1.22359764576, 3.36247181892, 2.61446404457, 0.911034226418, 0.564574301243, 0.430563807487, 0.371165171041, -0.000291044776119
0.595951855183, 0.771334826946, 1.22457230091, 3.37052679062, 2.60968327522, 0.9100933671, 0.564075410366, 0.430659294128, 0.372283543209, 0.0
0.595788002014, 0.771930813789, 1.22611427307, 3.3842792511, 2.60035538673, 0.909700989723, 0.564391314983, 0.430828213692, 0.373973198517, 0.0
0.595684587955, 0.771618425846, 1.22560918331, 3.38036465645, 2.60269546509, 0.910053730011, 0.564449667931, 0.430778980255, 0.375107777535, 0.0
0.595734238625, 0.771710515022, 1.22574698925, 3.3815805912, 2.60132622719, 0.90974009037, 0.564277470112, 0.430703818798, 0.376535255713, 0.0
0.595837533474, 0.771875858307, 1.2260453701, 3.38278985023, 2.60039520264, 0.909478127956, 0.564125239849, 0.43059015274, 0.377973115826, 0.0
0.595940947533, 0.771985709667, 1.22626614571, 3.38334226608, 2.60003733635, 0.909295678139, 0.56402438879, 0.430484831333, 0.379421465536, 0.0
0.596035301685, 0.772141039371, 1.22643840313, 3.38357996941, 2.59965872765, 0.909095942974, 0.563855409622, 0.430380374193, 0.380880413908, 0.0
0.596159636974, 0.772278547287, 1.22667551041, 3.3846449852, 2.59885835648, 0.908865332603, 0.563748717308, 0.430270761251, 0.382350071426, 0.0
0.596264064312, 0.772412538528, 1.2268948555, 3.38507533073, 2.5983581543, 0.908669292927, 0.563612163067, 0.430161803961, 0.38383055002, 0.0
0.596350371838, 0.772558569908, 1.22714781761, 3.3857998848, 2.59768748283, 0.908426523209, 0.563445568085, 0.430053323507, 0.385310854798, 0.000291044776119
0.5964589715, 0.772683680058, 1.22732925415, 3.38612651825, 2.59731006622, 0.908283054829, 0.563321471214, 0.429927557707, 0.386812152633, 4.33680868994e-19
0.596584379673, 0.772865056992, 1.22757589817, 3.38722467422, 2.59632015228, 0.908006966114, 0.563169062138, 0.429828882217, 0.38832459923, 4.33680868994e-19
0.596682846546, 0.772986292839, 1.22776472569, 3.3877632618, 2.59585690498, 0.907820463181, 0.563035905361, 0.42974665761, 0.389848312242, 4.33680868994e-19
0.596787691116, 0.773125350475, 1.22797954082, 3.38845944405, 2.59527349472, 0.907599687576, 0.562873840332, 0.429623067379, 0.391383410874, 4.33680868994e-19
0.596902370453, 0.773272752762, 1.22818803787, 3.3888964653, 2.59489321709, 0.907412171364, 0.562747240067, 0.4295181036, 0.392930015901, 4.33680868994e-19
0.597016572952, 0.773386180401, 1.2284142971, 3.3894007206, 2.59442138672, 0.907148182392, 0.562615692616, 0.429392576218, 0.394488249698, 4.33680868994e-19
0.597136676311, 0.773564875126, 1.22873544693, 3.39063596725, 2.59326171875, 0.906928598881, 0.562450766563, 0.429295182228, 0.396058236259, 4.33680868994e-19
0.597216010094, 0.773707807064, 1.22894537449, 3.39124035835, 2.59272265434, 0.906709849834, 0.562320351601, 0.429177075624, 0.397028557041, -0.000291044776119
0.597334444523, 0.773849844933, 1.22910320759, 3.39159345627, 2.59244561195, 0.906519591808, 0.562191843987, 0.429056674242, 0.39861888914, 0.0
0.597474038601, 0.773984253407, 1.22932052612, 3.39195132256, 2.59194278717, 0.906348407269, 0.562065422535, 0.428967028856, 0.400543273256, 0.0
0.597544312477, 0.774095773697, 1.22947835922, 3.39218616486, 2.59179162979, 0.906174898148, 0.561943411827, 0.428867250681, 0.401835988578, 0.0
0.597643792629, 0.774212181568, 1.22960650921, 3.39271616936, 2.59119081497, 0.905984044075, 0.561798810959, 0.428769111633, 0.403463018328, 0.0
0.597775161266, 0.77439302206, 1.22991538048, 3.39374065399, 2.59040784836, 0.905737042427, 0.561649858952, 0.428661435843, 0.403463018328, 0.0
0.597874104977, 0.774497926235, 1.23011767864, 3.39466714859, 2.58960151672, 0.905473232269, 0.561480820179, 0.428540050983, 0.405102545969, 0.0
0.597995698452, 0.774666845798, 1.23038160801, 3.39495015144, 2.58916020393, 0.90529191494, 0.561388254166, 0.428439229727, 0.406754707143, 0.0
0.598097801208, 0.774815738201, 1.23064243793, 3.39600872993, 2.58830213547, 0.905034482479, 0.561227381229, 0.428336590528, 0.408419639312, 0.0
0.598199486732, 0.774952292442, 1.23082220554, 3.39653158188, 2.58774995804, 0.904850244522, 0.561102986336, 0.428223282099, 0.410097481789, 0.0
0.598294794559, 0.775071144104, 1.23106968403, 3.39715409279, 2.5872130394, 0.904587984085, 0.560921311378, 0.428078711033, 0.411788375768, 0.0
0.598431885242, 0.775254487991, 1.23129320145, 3.39765810966, 2.5866959095, 0.904447197914, 0.56080019474, 0.427992552519, 0.413150584129, 0.0
0.598518013954, 0.775393009186, 1.23146831989, 3.39817452431, 2.58625006676, 0.950667560101, 0.560693979263, 0.427887350321, 0.414865332715, 0.0
0.598623275757, 0.775501489639, 1.23161494732, 3.39879631996, 2.58574867249, 0.950479209423, 0.56055688858, 0.427818328142, 0.416593538375, 0.0
0.59871250391, 0.775606870651, 1.23182702065, 3.39915561676, 2.58542227745, 0.950300455093, 0.560420155525, 0.42770549655, 0.418335349699, 0.0
0.598819255829, 0.775767207146, 1.2320098877, 3.39946126938, 2.58518433571, 0.950148880482, 0.560333907604, 0.427603036165, 0.420090917297, 0.0
0.598913133144, 0.775831758976, 1.23210799694, 3.39926171303, 2.58511710167, 0.950018286705, 0.560224056244, 0.427514523268, 0.42186039383, 0.0
0.599013566971, 0.775934159756, 1.23226833344, 3.39946603775, 2.58478951454, 0.949806272984, 0.560088396072, 0.427392303944, 0.423931396736, 0.00029104477612
0.599137425423, 0.7761105299, 1.23249900341, 3.40021944046, 2.58420658112, 0.949648797512, 0.559958875179, 0.427292346954, 0.425730288118, 4.55364912444e-18
0.599217772484, 0.776231229305, 1.23265874386, 3.40055990219, 2.58375835419, 0.949456036091, 0.559825181961, 0.427177995443, 0.427179751833, 4.55364912444e-18
0.599331855774, 0.776343286037, 1.23283398151, 3.40076899529, 2.58355736732, 0.949317514896, 0.559713125229, 0.427084028721, 0.429004654971, 4.55364912444e-18
0.599426209927, 0.776464700699, 1.23293435574, 3.40084195137, 2.58312964439, 0.949106395245, 0.559571027756, 0.427001327276, 0.430844236423, -4.33680868994e-19
0.599533975124, 0.77662974596, 1.23320519924, 3.40148043633, 2.58280587196, 0.948932111263, 0.559436380863, 0.42688164115, 0.432698661395, -4.33680868994e-19
0.599643111229, 0.776748001575, 1.23335754871, 3.40181803703, 2.5824303627, 0.948735415936, 0.559297800064, 0.426768422127, 0.434568097364, -4.33680868994e-19
0.599759459496, 0.776844620705, 1.23352944851, 3.40232229233, 2.58194375038, 0.94854414463, 0.559196412563, 0.426675379276, 0.436452714107, -4.33680868994e-19
0.599853694439, 0.77698302269, 1.23372900486, 3.40276360512, 2.58143353462, 0.948387026787, 0.559087216854, 0.426591396332, 0.438057824464, -0.00029104477612
0.599947333336, 0.777080059052, 1.23385453224, 3.40296506882, 2.58128643036, 0.948178708553, 0.558944880962, 0.426474690437, 0.439972101969, 0.0
0.600035786629, 0.777187347412, 1.23396980762, 3.40275549889, 2.58111381531, 0.948066413403, 0.558842658997, 0.426372766495, 0.441514816776, 0.0
0.600164890289, 0.777332544327, 1.23418164253, 3.40322303772, 2.58070158958, 0.947904467583, 0.558711826801, 0.42626914382, 0.443847925331, 0.0
0.600240886211, 0.777469813824, 1.234380126, 3.40370845795, 2.58029222488, 0.947721600533, 0.558594048023, 0.426164805889, 0.445416157469, 0.0
0.600345790386, 0.777574598789, 1.23452377319, 3.40389990807, 2.58027791977, 0.947602033615, 0.55848377943, 0.426065146923, 0.445416157469, 0.0
0.600445210934, 0.777686238289, 1.23462724686, 3.40406489372, 2.57982563972, 0.947414398193, 0.589812815189, 0.425958484411, 0.447391042904, 0.0
0.600551247597, 0.777830719948, 1.23487174511, 3.40502595901, 2.57907509804, 0.947178721428, 0.589671194553, 0.425882548094, 0.44938231933, 0.0
0.600659072399, 0.777976751328, 1.23510527611, 3.40565633774, 2.57853960991, 0.946965813637, 0.589532017708, 0.42577585578, 0.451390175667, 0.0
0.600761651993, 0.778091371059, 1.2353053093, 3.40617394447, 2.57804536819, 0.946780264378, 0.589425802231, 0.42566588521, 0.453414803462, 0.0
0.600864827633, 0.778205573559, 1.23548173904, 3.40644168854, 2.57750654221, 0.946568727493, 0.5892624259, 0.425574362278, 0.455456396923, 0.0
0.600974619389, 0.778386056423, 1.2358174324, 3.40782260895, 2.57631707191, 0.946231305599, 0.589090108871, 0.425421208143, 0.457515152962, 0.0
0.601106762886, 0.778576850891, 1.23617875576, 3.40932369232, 2.57527804375, 0.945952475071, 0.588924407959, 0.42531645298, 0.459591271233, 0.0
0.601193249226, 0.778716087341, 1.23640680313, 3.41001629829, 2.57471370697, 0.945793032646, 0.588787019253, 0.425209105015, 0.461264802601, 0.0
0.601300299168, 0.778865277767, 1.23653995991, 3.41005134583, 2.57448816299, 0.94562625885, 0.588669598103, 0.425098955631, 0.463372684928, 0.0
0.601410508156, 0.778993308544, 1.23670804501, 3.4104821682, 2.57405972481, 0.945431292057, 0.588532745838, 0.425009578466, 0.465498503456, 0.0
0.601527392864, 0.77913415432, 1.2369120121, 3.41087555885, 2.57375955582, 0.945257306099, 0.588401556015, 0.424901455641, 0.467642468633, 0.0
0.601628601551, 0.779254674911, 1.23707485199, 3.41148424149, 2.5732011795, 0.945039689541, 0.588265180588, 0.424799740314, 0.469804793849, 0.0
0.601732075214, 0.779379546642, 1.23737311363, 3.41245675087, 2.57232546806, 0.944765686989, 0.588128805161, 0.424679398537, 0.472272358839, 0.000291044776119
0.601846039295, 0.779524087906, 1.23753988743, 3.41263985634, 2.57196354866, 0.944572925568, 0.587990880013, 0.424575775862, 0.474473271116, -4.93311988481e-18
0.60195171833, 0.779658019543, 1.23773157597, 3.41332149506, 2.57136082649, 0.944385409355, 0.587868928909, 0.42446833849, 0.476693209178, -4.93311988481e-18
0.602040529251, 0.77980941534, 1.23802280426, 3.41448497772, 2.57028007507, 0.944118916988, 0.58771109581, 0.424368083477, 0.478483009694, 5.42101086243e-18
0.602140426636, 0.779958486557, 1.23821544647, 3.414935112, 2.56997847557, 0.943971395493, 0.587582170963, 0.424298137426, 0.480737764817, 0.0
0.602254807949, 0.780116558075, 1.23848628998, 3.41571807861, 2.56935191154, 0.943743169308, 0.587429761887, 0.449158877134, 0.482716572952, -0.000291044776119
0.602338850498, 0.780163526535, 1.23865127563, 3.4159758091, 2.56915569305, 0.943611562252, 0.587326049805, 0.449072003365, 0.485009581743, 0.0
0.602464973927, 0.780324101448, 1.23876774311, 3.41620826721, 2.56880092621, 0.943458199501, 0.587216734886, 0.448952555656, 0.486858470392, 0.0
0.602558195591, 0.780474901199, 1.23895454407, 3.41676735878, 2.56832313538, 0.943209409714, 0.587052166462, 0.44885417819, 0.488720365066, 0.0
0.602683842182, 0.78060323, 1.23920738697, 3.4177532196, 2.56746792793, 0.942930817604, 0.586915433407, 0.44873932004, 0.491066213199, 0.0
0.602792859077, 0.780781388283, 1.2395157814, 3.41881251335, 2.56659221649, 0.942700922489, 0.586773097515, 0.44863435626, 0.493432824727, 0.0
0.60289645195, 0.780931055546, 1.23973155022, 3.41918683052, 2.56609392166, 0.942492842674, 0.586620032787, 0.448509275913, 0.49582044968, 0.0
0.603000998497, 0.781085371971, 1.23999071121, 3.41994571686, 2.5655567646, 0.942305088043, 0.586450278759, 0.448374032974, 0.498229341588, 0.0
0.603136360645, 0.781251728535, 1.24027347565, 3.4210152626, 2.56459069252, 0.942028343678, 0.586301505566, 0.448257505894, 0.498229341588, 0.0
0.603252828121, 0.781388700008, 1.24038350582, 3.42092823982, 2.56455016136, 0.941882193089, 0.586177110672, 0.448156386614, 0.500659757531, 0.0
0.603353977203, 0.781507730484, 1.24053287506, 3.42060995102, 2.56469035149, 0.941771447659, 0.586058497429, 0.448062539101, 0.503111958187, 0.0
0.603470385075, 0.781609356403, 1.24062812328, 3.42066931725, 2.56448197365, 0.941609442234, 0.585942268372, 0.44796192646, 0.505586207878, 0.0
0.603570580482, 0.781753003597, 1.24084806442, 3.4215669632, 5.0, 0.941333115101, 0.585780501366, 0.447846442461, 0.508082774624, 0.0
0.60368847847, 0.781878590584, 1.24109566212, 3.42213988304, 5.0, 0.941123068333, 0.585666239262, 0.447738170624, 0.510601930184, 0.0
0.603792786598, 0.782017827034, 1.24130475521, 3.42278885841, 5.0, 0.940923571587, 0.585537672043, 0.447632849216, 0.513143950116, 0.0
0.603902459145, 0.782178342342, 1.2415664196, 3.4237074852, 5.0, 0.940641880035, 0.585371255875, 0.447519809008, 0.515709113816, 0.0
0.604008495808, 0.782336235046, 1.24190914631, 3.42533111572, 5.0, 0.9403834939, 0.585204958916, 0.447408229113, 0.518297704574, 0.0
0.604101598263, 0.782503545284, 1.24215900898, 3.42615127563, 5.0, 0.940153241158, 0.585057616234, 0.447291046381, 0.520385637548, 0.0
0.604219138622, 0.782669901848, 1.24236381054, 3.42680263519, 5.0, 0.939926028252, 0.584902644157, 0.44717040658, 0.523302881227, 0.000291044776119
0.604338943958, 0.78282469511, 1.24261617661, 3.42781233788, 5.0, 0.939676225185, 0.584745049477, 0.447081565857, 0.5259598982, 0.0
0.604452669621, 0.782982230186, 1.24286222458, 3.42854952812, 5.0, 0.939461231232, 0.584599912167, 0.446967422962, 0.528641462674, 0.0
0.604558587074, 0.783122122288, 1.24306976795, 3.42888951302, 5.0, 0.939232587814, 0.584466516972, 0.44685742259, 0.531051395692, -0.000291044776119
0.604674458504, 0.783214151859, 1.24321591854, 3.42906761169, 5.0, 0.939084112644, 0.584356725216, 0.446739464998, 0.533781566081, 0.0
0.604793965816, 0.783356666565, 1.24340975285, 3.42925214767, 5.0, 0.938892900944, 0.584222257137, 0.446628570557, 0.536537195748, 0.0
0.604881227016, 0.783506512642, 1.24364507198, 3.43003368378, 5.0, 0.938669681549, 0.584077298641, 0.44651299715, 0.538760241929, 0.0
0.604996562004, 0.783648490906, 1.24387204647, 3.43061614037, 5.0, 0.938460111618, 0.583933889866, 0.446406215429, 0.541562495875, 0.0
0.605103075504, 0.783794820309, 1.24404788017, 3.43135881424, 5.0, 0.938248813152, 0.583773136139, 0.44631382823, 0.544391103014, 0.0
0.605215668678, 0.78394895792, 1.24430704117, 3.43240356445, 5.0, 0.937996506691, 0.583632409573, 0.446210235357, 0.547246390944, 0.0
0.605320990086, 0.784074068069, 1.24457764626, 3.43339562416, 5.0, 0.937733471394, 0.583460390568, 0.446080386639, 0.550128691729, 0.0
0.605449914932, 0.784245371819, 1.2448387146, 3.43390440941, 5.0, 0.937510371208, 0.583341658115, 0.445967435837, 0.553038341955, 0.0
0.605566501617, 0.78439104557, 1.24502182007, 3.43405485153, 5.0, 0.937349677086, 0.583212733269, 0.445852845907, 0.55597568277, 0.0
0.605682969093, 0.78452283144, 1.24522078037, 3.43461871147, 5.0, 0.937126278877, 0.583067893982, 0.445744216442, 0.558941059936, 0.0
0.605786204338, 0.784667432308, 1.24546289444, 3.43543744087, 5.0, 0.936903715134, 0.582921028137, 0.445631831884, 0.561934823874, 0.0
0.605877220631, 0.7848315835, 1.24568653107, 3.43600988388, 5.0, 0.93672811985, 0.582767128944, 0.445513516665, 0.564350511986, 0.0
0.605995178223, 0.78496992588, 1.24586820602, 3.43671369553, 5.0, 0.936440944672, 0.582620322704, 0.445389688015, 0.564350511986, 0.0
0.606118679047, 0.785125315189, 1.24614024162, 3.43727660179, 3.99437141418, 0.936286151409, 0.58247590065, 0.44527387619, 0.567396270224, 0.0
0.606234788895, 0.785281956196, 1.24633908272, 3.43784809113, 3.96979928017, 0.936050117016, 0.582323253155, 0.445151418447, 0.570471421591, 0.0
0.606356739998, 0.785421848297, 1.24655151367, 3.43845677376, 3.95014238358, 0.935837566853, 0.582172930241, 0.445064395666, 0.573576334626, 0.0
0.606459259987, 0.785574913025, 1.24678790569, 3.43896150589, 3.92557859421, 0.935663998127, 0.582061886787, 0.444959282875, 0.576711382744, 0.0
0.606566905975, 0.78564363718, 1.24687802792, 3.43869519234, 3.90097236633, 0.935521900654, 0.581958830357, 0.444845914841, 0.579876944269, 0.0
0.60668951273, 0.78579556942, 1.24711799622, 3.43940329552, 3.87639307976, 0.935251533985, 0.5817938447, 0.44472193718, 0.583073402484, 0.0
0.606801986694, 0.785945594311, 1.24736011028, 3.44012618065, 3.85185050964, 0.935055971146, 0.581656932831, 0.44461992383, 0.58630114566, 0.0
0.606912136078, 0.786078393459, 1.24754679203, 3.44045066833, 3.8272664547, 0.934877932072, 0.581517219543, 0.444503933191, 0.589560567101, 0.0
0.607004165649, 0.78620237112, 1.24763870239, 3.44063329697, 3.80266094208, 0.934738874435, 0.581402003765, 0.44442242384, 0.592191180136, 0.0
0.607112824917, 0.786336660385, 1.2478941679, 3.44110536575, 3.77812790871, 0.934526622295, 0.581258237362, 0.444291085005, 0.595508629767, 0.0
0.607217252254, 0.786456823349, 1.24809682369, 3.44189548492, 3.75849938393, 0.934317290783, 0.581116974354, 0.444209426641, 0.599143197214, 0.00029104477612
0.607322394848, 0.78660005331, 1.24833095074, 3.44261002541, 3.7339348793, 0.934072434902, 0.58096820116, 0.444095045328, 0.602528045277, 0.0
0.607437610626, 0.786751627922, 1.24852406979, 3.44302296638, 3.70940852165, 0.933868467808, 0.580861389637, 0.443991929293, 0.605648622625, -0.00029104477612
0.607542335987, 0.786907494068, 1.24884033203, 3.44444584846, 3.68488144875, 0.93358874321, 0.580689489841, 0.443866044283, 0.609099665943, 0.0
0.607676565647, 0.787094533443, 1.24911141396, 3.44521093369, 3.66034841537, 0.933363437653, 0.580521285534, 0.443741589785, 0.61258519613, 0.0
0.60776591301, 0.787249565125, 1.24936437607, 3.44598865509, 3.63579416275, 0.933135151863, 0.580369591713, 0.443628937006, 0.615398742008, 0.0
0.607878267765, 0.787395238876, 1.24955534935, 3.44641828537, 3.61124062538, 0.93290579319, 0.58024007082, 0.443518579006, 0.618947444701, 0.0
0.607988893986, 0.787517249584, 1.24974453449, 3.44687914848, 3.58667755127, 0.932741880417, 0.580106556416, 0.443407505751, 0.622531861552, 0.0
0.608100056648, 0.787648975849, 1.24987816811, 3.4472360611, 3.56213331223, 0.932564795017, 0.579957485199, 0.443310022354, 0.626152440919, 0.0
0.608215868473, 0.787805497646, 1.25012052059, 3.44783163071, 3.54249882698, 0.932314813137, 0.579815864563, 0.443199008703, 0.629809636459, 0.0
0.608333110809, 0.787923038006, 1.25034725666, 3.44849944115, 3.51794314384, 0.932098925114, 0.579666852951, 0.44308373332, 0.633503907134, 0.0
0.608447313309, 0.788075506687, 1.25060808659, 3.44940042496, 3.49339151382, 0.931865930557, 0.57953864336, 0.442959696054, 0.63723571721, 0.0
0.608564734459, 0.78823363781, 1.25084912777, 3.44990301132, 3.46883940697, 0.931678891182, 0.579395532608, 0.442848801613, 0.641005536253, 0.0
0.608685910702, 0.78837543726, 1.25102412701, 3.43959474564, 3.44427752495, 0.9314442873, 0.579251050949, 0.442728579044, 0.644813839121, 0.0
0.608804225922, 0.788524925709, 1.25126540661, 3.41997528076, 3.41971850395, 0.931207180023, 0.579087734222, 0.442608296871, 0.648661105953, 0.0
0.608928799629, 0.788684487343, 1.25147771835, 3.39545083046, 3.3951613903, 0.930990815163, 0.578946352005, 0.442482143641, 0.648661105953, 0.0
0.609025120735, 0.788838803768, 1.25171220303, 3.37088346481, 3.37055945396, 0.930803656578, 0.578793644905, 0.442380309105, 0.666709600168, 0.014552238806
0.609126806259, 0.788978278637, 1.25189936161, 3.34629273415, 3.34603667259, 0.930571675301, 0.578652501106, 0.442257940769, 0.670706345037, 0.0
0.609248638153, 0.789142370224, 1.25215613842, 3.32183599472, 3.32639455795, 0.93035954237, 0.578507721424, 0.442170709372, 0.675026695412, 0.000291044776119
0.609355509281, 0.789288938046, 1.25236368179, 3.29728078842, 3.30179429054, 0.930153250694, 0.578357517719, 0.44205147028, 0.679106679699, 0.0
0.609475433826, 0.789435088634, 1.25259375572, 3.2776350975, 3.27721166611, 0.929908812046, 0.578195750713, 0.441926956177, 0.683228330212, 0.0
0.609603345394, 0.78956001997, 1.25285160542, 3.24815225601, 3.25264024734, 0.929629087448, 0.578053116798, 0.441798180342, 0.687392146289, 0.0
0.609726369381, 0.789740085602, 1.25313925743, 3.22850608826, 3.22809791565, 0.929346442223, 0.577881276608, 0.441682994366, 0.691598631686, 2.58473797921e-16
0.609846353531, 0.78991907835, 1.25340723991, 3.20398283005, 3.20349979401, 0.929134488106, 0.577727258205, 0.441547095776, 0.695548706965, -0.00029104477612
0.609959125519, 0.790062010288, 1.2536213398, 3.17943358421, 3.17892169952, 0.928912043571, 0.577573001385, 0.441420078278, 0.698978606521, 0.0
0.610086023808, 0.790240049362, 1.25386083126, 3.15485954285, 3.15435957909, 0.928744792938, 0.577435433865, 0.441298246384, 0.703305699455, 0.0
0.610208213329, 0.790380716324, 1.25405097008, 3.13033032417, 3.12978339195, 0.928489685059, 0.577257633209, 0.441198855639, 0.707677409555, 0.0
0.61033141613, 0.790555119514, 1.25432395935, 3.10581183434, 3.1101436615, 0.928202867508, 0.577074170113, 0.441074430943, 0.712094260763, 0.0
0.610460639, 0.79076230526, 1.25471413136, 3.08616256714, 3.08558225632, 0.927866339684, 0.576888203621, 0.440951496363, 0.716556780854, 0.0
0.610575020313, 0.790899574757, 1.2549996376, 3.05667686462, 3.06103634834, 0.927608132362, 0.576765954494, 0.440834283829, 0.721065501293, 0.0
0.610694348812, 0.791062772274, 1.25526130199, 3.03702926636, 3.03647065163, 0.927398204803, 0.576618611813, 0.440708726645, 0.725620957096, 0.0
0.610820293427, 0.791212916374, 1.25547897816, 3.00757884979, 3.01187443733, 0.927142679691, 0.57645201683, 0.440589278936, 0.730223686666, 0.0
0.61095136404, 0.791394114494, 1.25574827194, 2.98794913292, 2.98731184006, 0.926901936531, 0.576283216476, 0.440449088812, 0.734874231626, 0.0
0.611056149006, 0.791521668434, 1.25593388081, 2.9634270668, 2.96277546883, 0.926734268665, 0.57614916563, 0.440336048603, 0.73862946059, 0.0
0.61116963625, 0.791673243046, 1.25608050823, 2.93893003464, 2.93818593025, 0.926554441452, 0.57601672411, 0.440216064453, 0.743367447714, 0.0
0.611289441586, 0.791819751263, 1.25631308556, 2.91441059113, 2.91360807419, 0.926362156868, 0.575852453709, 0.440090119839, 0.748154782305, 0.0
0.611415088177, 0.791969716549, 1.25654113293, 2.88985133171, 2.88905978203, 0.92612195015, 0.575703382492, 0.439972221851, 0.752992016452, 0.0
0.611532926559, 0.792131662369, 1.25675427914, 2.86533498764, 2.86941432953, 0.925875902176, 0.575546979904, 0.439880102873, 0.757879704471, 0.0
0.611652493477, 0.792270302773, 1.25695669651, 2.84080147743, 2.84484028816, 0.925700545311, 0.575411975384, 0.439760267735, 0.762818402661, 0.0
0.611772537231, 0.792388737202, 1.25716495514, 2.81627058983, 2.82027029991, 0.925488591194, 0.575296998024, 0.439644157887, 0.767808669035, 0.0
0.611887276173, 0.792542874813, 1.25740158558, 2.7965991497, 2.79564428329, 3.15075325966, 0.575095593929, 0.439517140388, 0.767808669035, 0.0
0.612012684345, 0.792705178261, 1.2576508522, 2.76718664169, 2.77112531662, 3.12314152718, 0.574975669384, 0.439393550158, 0.772851063048, 0.0
0.612132966518, 0.792863368988, 1.2578561306, 2.74753975868, 2.74652791023, 3.09561562538, 0.574845671654, 0.43928527832, 0.777946145298, 0.0
0.612219810486, 0.792974054813, 1.25797104836, 2.7230026722, 2.72195696831, 3.06799793243, 0.574712455273, 0.439167976379, 0.78234123999, 0.000291044776119
0.612336933613, 0.793117344379, 1.25821518898, 2.69848966599, 2.69739747047, 3.04597330093, 0.574551701546, 0.439044088125, 0.787533981204, 0.0
0.612461090088, 0.793277442455, 1.25841116905, 2.67397356033, 2.67279243469, 3.01839113235, 0.574401259422, 0.438916683197, 0.792479388983, -0.000291044776119
0.612587988377, 0.793421387672, 1.25861418247, 2.64943218231, 2.65318775177, 2.99087357521, 0.574247062206, 0.438802778721, 0.797779588706, 0.0
0.612702071667, 0.793565511703, 1.25881385803, 2.6248497963, 2.62855887413, 2.96327161789, 0.574100792408, 0.438696920872, 0.803135170514, 0.0
0.612834274769, 0.793748915195, 1.25910139084, 2.60031366348, 2.60399794579, 2.93571066856, 0.573937237263, 0.438572764397, 0.808546694927, 0.0
0.612958371639, 0.793890893459, 1.25929689407, 2.5757393837, 2.57938766479, 2.90816497803, 0.573782205582, 0.438455760479, 0.814014721126, 0.0
0.613073766232, 0.794019520283, 1.25954496861, 2.55617499352, 2.55480074883, 2.88060879707, 0.57366579771, 0.438335627317, 0.819539806514, 0.0
0.613195180893, 0.794168293476, 1.25975465775, 2.52666759491, 2.53025794029, 2.85308432579, 0.57351320982, 0.438218951225, 0.825122506252, 0.0
0.61330974102, 0.794294238091, 1.25991392136, 2.50706839561, 2.50572872162, 2.8255147934, 0.573388934135, 0.438104987144, 0.830763372774, 0.0
0.613399684429, 0.794432342052, 1.26013994217, 2.48254036903, 2.4811565876, 2.79792690277, 0.573240995407, 0.437991738319, 0.835318315258, 0.0
0.613512992859, 0.794581055641, 1.26039075851, 2.45800375938, 2.45658421516, 2.77591586113, 0.573084115982, 0.437869429588, 0.841065263452, 0.0
0.613635182381, 0.794738948345, 1.26054000854, 2.4334590435, 2.4320333004, 2.74839019775, 0.572955489159, 0.437788039446, 0.846871906313, 0.0
0.613746345043, 0.794892311096, 1.26077246666, 2.40890693665, 2.41233158112, 2.72085928917, 0.572780787945, 0.437654256821, 0.852738781072, 0.0
0.613874077797, 0.79505109787, 1.2610193491, 2.38443207741, 2.38781356812, 2.69323205948, 0.572661817074, 0.437516570091, 0.858666419577, 0.0
0.614002883434, 0.795203447342, 1.26122784615, 2.35983395576, 2.36318922043, 2.66572237015, 0.572464168072, 0.437394678593, 0.864655347667, 0.0
0.614135324955, 0.795347213745, 1.26145875454, 2.33535385132, 2.33866930008, 2.63812708855, 3.52525019646, 0.437273710966, 0.870706084523, 0.0
0.614257216454, 0.795500457287, 1.26173472404, 2.31568956375, 2.3140745163, 2.61060023308, 3.49624466896, 0.437163472176, 0.876819141995, 0.0
0.614340603352, 0.795657813549, 1.26193249226, 2.29115080833, 2.28948092461, 2.58853411674, 3.45985007286, 0.437034070492, 0.881754797668, 0.0
0.614470422268, 0.795794963837, 1.26214885712, 2.26661682129, 2.26494789124, 2.55550980568, 3.42356872559, 0.436909556389, 0.887981295998, 0.0
0.614594876766, 0.795952618122, 1.26235604286, 2.24207282066, 2.2403485775, 2.53345823288, 3.3872256279, 0.436808824539, 0.894271503036, 0.0
0.614695310593, 0.79610234499, 1.26257812977, 2.21753549576, 2.21576619148, 2.50589871407, 3.35095191002, 0.436693608761, 0.900625896143, 0.0
0.614826738834, 0.796284079552, 1.26288664341, 2.19299292564, 2.19119429588, 2.47837281227, 3.31464576721, 0.436581104994, 0.907044941736, 0.0
0.614953517914, 0.796449184418, 1.26314401627, 2.16840481758, 2.1715388298, 2.45083498955, 3.27834844589, 0.43645298481, 0.907044941736, 0.0
0.615074455738, 0.796623885632, 1.26344013214, 2.14391326904, 2.14703631401, 2.42335438728, 3.24215435982, 0.436341196299, 0.913529094458, 0.0
0.615183234215, 0.796732902527, 1.26362121105, 2.12421941757, 2.122433424, 2.39579415321, 3.21303200722, 0.436225414276, 0.920078796322, 0.0
0.615304887295, 0.796885192394, 1.26387310028, 2.09971451759, 2.09785604477, 2.36828231812, 3.17676973343, 0.436093300581, 0.926667881125, 0.0
0.615410149097, 0.797058105469, 1.26413822174, 2.07515931129, 2.07331800461, 2.34625601768, 3.14035582542, 0.435971587896, 0.932007994422, 0.0
0.615531980991, 0.79720133543, 1.26434886456, 2.05062794685, 2.04872608185, 2.31864976883, 3.10392808914, 0.435857057571, 0.938743199217, 0.0
0.615646362305, 0.79734814167, 1.26452410221, 2.02607631683, 2.02906131744, 2.2911438942, 3.06775069237, 0.435754835606, 0.94554550018, 0.0
0.615760684013, 0.797533392906, 1.26484680176, 2.00148510933, 1.99956870079, 2.26359081268, 3.03154659271, 0.435643255711, 0.952415265988, 0.0
0.615880191326, 0.797691524029, 1.26509225368, 1.97696805, 1.9799131155, 2.2360868454, 2.99522423744, 0.435539066792, 0.959352847199, 0.0
0.615991950035, 0.797826290131, 1.26530408859, 1.95241177082, 1.95531976223, 2.20849013329, 2.95884537697, 0.435427099466, 0.96635857521, 0.0
0.616104841232, 0.797978401184, 1.26555192471, 1.92787110806, 1.93075990677, 2.1809527874, 2.92251205444, 0.435371398926, 0.973432761204, 0.0
0.616220712662, 0.798102974892, 1.26575672626, 1.90335392952, 1.90619695187, 2.15338301659, 2.89336228371, 0.823205947876, 0.98057569507, 0.0
0.616335332394, 0.798228502274, 1.26594364643, 1.88373112679, 1.8865404129, 2.12578439713, 2.85694360733, 1.36105835438, 0.987787644294, 0.0
0.616460561752, 0.798382163048, 1.26616120338, 1.859161973, 1.85701107979, 2.10371541977, 2.82058477402, 1.89880466461, 0.995068852842, 0.0
0.616569757462, 0.798554360867, 1.2664937973, 1.83463215828, 1.8373888731, 2.07624149323, 2.78444910049, 2.43265008926, 1.00094383462, 0.0
0.616699397564, 0.798748135567, 1.26671040058, 1.81006515026, 1.80791354179, 2.04871225357, 2.74809741974, 2.86117887497, 1.00835024527, 0.0
0.616837382317, 0.798945128918, 1.26703095436, 1.78720057011, 1.79018998146, 2.03263282776, 2.77081179619, 2.41708493233, 1.01582646339, 0.0
0.618410646915, 0.832585692406, 1.37026178837, 1.7742702961, 1.80705177784, 2.11736893654, 3.03735566139, 1.02151930332, 0.917066922217, -0.101865671642
0.624555647373, 0.886368453503, 1.59682226181, 1.76981401443, 1.84038341045, 2.22482085228, 3.33289813995, 0.669619560242, 0.917061712211, 1.2490009027e-16
0.633645772934, 0.949177205563, 1.77239906788, 1.74959087372, 1.83546805382, 2.22141313553, 3.32384157181, 0.769156634808, 0.867395307254, -0.0532611940299
0.637695372105, 0.955051124096, 1.77937364578, 1.7303044796, 1.80989050865, 2.19022488594, 3.27641606331, 0.893743991852, 0.87448305315, 0.000291044776119
0.641573429108, 0.960255503654, 1.78805243969, 1.70630979538, 1.7847571373, 2.16609668732, 3.23185014725, 1.0159265995, 0.881373446921, 0.0
0.64465546608, 0.965673148632, 1.78923273087, 1.6822924614, 1.76461708546, 2.12981057167, 3.18743848801, 1.1385216713, 0.886942735584, 0.0
0.648513674736, 0.971234381199, 1.75878596306, 1.65819406509, 1.73444736004, 2.10580444336, 3.14347887039, 1.23617124557, 0.893976139096, 0.0
0.652372717857, 0.976835072041, 1.73340594769, 1.63412547112, 1.70934927464, 2.07581853867, 3.09970641136, 1.38244009018, 0.901089937814, 0.0
0.656265854836, 0.982477009296, 1.71310591698, 1.61012852192, 1.68425285816, 2.04581546783, 3.05588793755, 1.47980833054, 0.908284785654, 0.0
0.660115838051, 0.988035559654, 1.68781483173, 1.58605980873, 1.66416668892, 2.01581716537, 3.01199293137, 1.60182487965, 0.915255639392, -0.000291044776119
0.663979172707, 0.99363130331, 1.66245055199, 1.56199622154, 1.6390658617, 1.98582470417, 2.96821951866, 1.72367143631, 0.991684880828, 0.0727611940299
0.667832255363, 0.99811989069, 1.63701331615, 1.54273760319, 1.61395072937, 1.95581889153, 2.93317174911, 1.84548199177, 0.999469865501, 0.0
0.671675980091, 1.00369274616, 1.61167883873, 1.5187151432, 1.58887898922, 1.92584633827, 2.8893392086, 1.96747231483, 0.930630664624, -0.0727611940299
0.675530433655, 1.00927090645, 1.58631420135, 1.49465978146, 1.56374680996, 1.90180957317, 2.84545993805, 2.08942937851, 0.93815095721, 0.0
0.678612291813, 1.01484417915, 1.56602931023, 1.4705876112, 1.53864336014, 1.87178957462, 2.8015897274, 2.21137690544, 0.944227539631, 2.49800180541e-16
0.682471752167, 1.02045702934, 1.54062604904, 1.44652080536, 1.51855516434, 1.84184408188, 2.75777888298, 2.33311080933, 0.951899138966, 0.0
0.68633466959, 1.02606868744, 1.51019454002, 1.42248046398, 1.48846304417, 1.8118326664, 2.71392059326, 2.45527362823, 0.95965549908, 0.0
0.690195977688, 1.03161966801, 1.48992991447, 1.3984400034, 1.46333158016, 1.78178024292, 2.67002248764, 2.55297875404, 0.967497083697, 0.0
0.694073915482, 1.03727018833, 1.46454167366, 1.37616729736, 1.44580554962, 1.76466870308, 2.7018699646, 2.45461201668, 0.975424324865, 0.0
0.700762867928, 1.09565603733, 1.43826460838, 1.37379074097, 1.473559618, 1.86876666546, 3.0702226162, 1.81091225147, 0.949092838845, -0.0296865671642
0.716505289078, 1.18825912476, 1.40963447094, 1.37892985344, 1.52288353443, 2.00928020477, 3.46232390404, 1.43584406376, 0.861779406009, -0.0873134328358
0.737569928169, 1.32280218601, 1.38199114799, 1.37426555157, 1.54030203819, 2.05185103416, 3.64525055885, 1.43469214439, 0.815043904648, -0.0491865671642
0.746936321259, 1.34744870663, 1.35867702961, 1.35112261772, 1.51377856731, 2.00963807106, 3.58102655411, 1.50198221207, 0.818463520625, -0.00349253731343
0.753426671028, 1.36056888103, 1.33545517921, 1.3278772831, 1.48794400692, 1.98254001141, 3.52182865143, 1.56627416611, 0.824177737363, 0.0
0.761604547501, 1.37482047081, 1.31215894222, 1.30470955372, 1.46218931675, 1.94902682304, 3.46377968788, 1.63082039356, 0.831682950321, 0.000291044776119
0.769790947437, 1.38886034489, 1.2935063839, 1.28146708012, 1.44153082371, 1.91553795338, 3.40606713295, 1.6820384264, 0.839009987442, 0.0
0.777910649776, 1.40290772915, 1.2701677084, 1.25829064846, 1.41068804264, 1.88206255436, 3.34808945656, 1.74650108814, 0.846434743003, 0.0
0.786058962345, 1.41699671745, 1.24684906006, 1.23511362076, 1.39007401466, 1.84860384464, 3.29055500031, 1.81063604355, 0.853958349841, -4.99600361081e-16
0.794213831425, 1.40392923355, 1.22348845005, 1.21187078953, 1.36427009106, 1.81509780884, 3.24425768852, 1.87486767769, 0.861581926253, 0.0
0.802359342575, 1.38285672665, 1.20019876957, 1.19338011742, 1.33854281902, 1.78175926208, 3.18694281578, 1.93902981281, 0.869306574236, 0.0
0.810497641563, 1.35651886463, 1.17682695389, 1.17015004158, 1.31286656857, 1.74821984768, 3.12906599045, 2.00317454338, 0.877133376808, 0.0
0.81865042448, 1.33017063141, 1.15350043774, 1.14697289467, 1.28713679314, 1.72156095505, 3.07166433334, 2.06748604774, 0.885063395754, 0.0
0.825189352036, 1.30387091637, 1.13020670414, 1.12381350994, 1.2614325285, 1.6814647913, 3.01423096657, 2.13142347336, 0.891482425128, 4.99600361081e-16
0.834955751896, 1.27751505375, 1.10688579082, 1.10064423084, 1.2357262373, 1.65482759476, 2.95699119568, 2.1951520443, 0.901237208564, -4.99600361081e-16
0.84148222208, 1.25111281872, 1.08815598488, 1.07742023468, 1.20996367931, 1.62135612965, 2.89920496941, 2.25946903229, 0.907825293036, 4.99600361081e-16
0.849623084068, 1.22478735447, 1.064843297, 1.05421030521, 1.18936872482, 1.58794224262, 2.84147691727, 2.31099772453, 0.916156766097, 0.0
0.857790350914, 1.19846618176, 1.04152178764, 1.03099703789, 1.16360962391, 1.55452787876, 2.78425192833, 2.37477421761, 0.924596173816, 0.0
0.865967929363, 1.17731690407, 1.01815283298, 1.01246356964, 1.13797187805, 1.52115929127, 2.72687721252, 2.4386844635, 1.00161766154, 0.0727611940299
0.874121785164, 1.15099108219, 0.994855999947, 0.984677016735, 1.11224758625, 1.48781967163, 2.68096041679, 2.50273370743, 1.01065955779, 0.0
0.882266640663, 1.12467074394, 0.971504867077, 0.966111898422, 1.08649456501, 1.45432960987, 2.62313079834, 2.56706857681, 1.01980517224, 0.0
0.890418231487, 1.09831476212, 0.948179364204, 0.942906737328, 1.06076622009, 1.42086458206, 2.56534790993, 2.63138890266, 1.02905474347, 0.0
0.898558676243, 1.07202172279, 0.924844384193, 0.919706821442, 1.03504490852, 1.39415466785, 2.50769114494, 2.69554591179, 0.960957375576, -0.0727611940299
0.905078470707, 1.04570877552, 0.90156006813, 0.896556138992, 1.00931501389, 1.36071324348, 2.45004558563, 2.75957846642, 0.968132273832, 0.0
0.913212060928, 1.01934373379, 0.878230035305, 0.87336742878, 0.983587503433, 1.32729804516, 2.39254784584, 2.82375526428, 0.977201544475, 0.0
0.921391844749, 0.993068933487, 0.859608411789, 0.850202143192, 0.95787101984, 1.29388642311, 2.33500409126, 2.87495946884, 0.986383190075, 0.0
0.929543733597, 0.966754376888, 0.836293160915, 0.827003896236, 0.93211555481, 1.2604136467, 2.27724409103, 2.93931365013, 0.995367988409, -0.00029104477612
0.937679350376, 0.940402567387, 0.812945187092, 0.803789019585, 0.911497712135, 1.22700536251, 2.23118877411, 3.00345849991, 1.00504603568, 0.000291044776119
0.945812761784, 0.919320702553, 0.789623737335, 0.78528803587, 0.885785281658, 1.19354152679, 2.16780519485, 3.06042909622, 1.01648517219, 2.77555756156e-16
0.954076647758, 0.895816206932, 0.773166835308, 0.774213433266, 0.889368712902, 1.24819302559, 2.40328526497, 2.66688704491, 1.01656245324, -0.00552985074627
0.982757151127, 0.8609572649, 0.765999853611, 0.78431302309, 0.93525069952, 1.37978756428, 2.99681329727, 2.28066062927, 0.891488354684, -0.125440298507
1.02127754688, 0.830532670021, 0.762528121471, 0.802171111107, 0.986594855785, 1.52162003517, 3.78230547905, 2.06936526299, 0.876936115878, -0.014552238806
1.05691885948, 0.800113320351, 0.745442330837, 0.790515959263, 0.974342465401, 1.49591016769, 3.76765394211, 2.11013650894, 0.845609543036, -0.0375447761194
1.06738841534, 0.778006851673, 0.724202871323, 0.768068432808, 0.947200119495, 1.46323418617, 3.73605036736, 2.15286111832, 0.852471193838, 0.0
1.08037638664, 0.755842924118, 0.707233071327, 0.745789110661, 0.920355141163, 1.42342472076, 3.63623571396, 2.19460344315, 0.861165508439, 0.0
1.09351587296, 0.733587384224, 0.686028599739, 0.725152254105, 0.902631640434, 1.40235555172, 3.72960996628, 2.16377520561, 0.86999163671, 0.0
1.11733424664, 0.717659175396, 0.681348204613, 0.740046441555, 0.945977568626, 1.58076858521, 3.70133876801, 1.93253421783, 0.845215999409, -0.0285223880597
1.17609345913, 0.701930105686, 0.683598577976, 0.768599927425, 1.0230525732, 1.85153055191, 3.69357538223, 1.74400877953, 0.77245502277, -0.0727611940299
1.08261930943, 0.692985057831, 0.690568029881, 0.804087162018, 1.11857509613, 2.23504304886, 3.69390082359, 1.59406256676, 0.699968815559, -0.0724701492537
0.995924055576, 0.685939788818, 0.702328085899, 0.838560461998, 1.24024641514, 2.8238222599, 3.69955301285, 1.47441220284, 0.598103495172, -0.101865671642
0.924615502357, 0.680780649185, 0.711077511311, 0.876505494118, 1.32888865471, 3.20154905319, 3.6980214119, 1.46176302433, 0.559507803973, -0.0398731343284
0.900748074055, 0.665237545967, 0.694662451744, 0.857736468315, 1.29826653004, 3.13788127899, 3.67940354347, 1.48422038555, 0.556617573811, -0.0075671641791
0.876127958298, 0.648933410645, 0.677577078342, 0.837228000164, 1.26800477505, 3.06391644478, 3.66088080406, 1.50629281998, 0.56290401151, 0.0
0.859566152096, 0.632669746876, 0.660598814487, 0.816992759705, 1.23879313469, 2.99608516693, 3.64412212372, 1.52124500275, 0.570616625041, 0.0
0.839800536633, 0.622980415821, 0.659943461418, 0.827480554581, 1.32097685337, 3.56341767311, 3.66834592819, 1.44888794422, 0.56831340037, -0.00611194029851
0.793920099735, 0.623187720776, 0.677124977112, 0.889520227909, 1.47868978977, 3.63118839264, 3.72209906578, 1.36566197872, 0.502824571808, -0.065776119403
0.753417253494, 0.626602053642, 0.703850328922, 0.966110050678, 1.73850798607, 3.62572979927, 3.20065283775, 1.29668843746, 0.430063669871, -0.0727611940299
0.72086250782, 0.632612466812, 0.73777705431, 1.06321322918, 2.11626815796, 3.62318062782, 2.76364302635, 1.24286317825, 0.357583714595, -0.0724701492537
0.693841516972, 0.639169752598, 0.761269152164, 1.11552166939, 2.36584877968, 3.60686063766, 2.64036369324, 1.24619960785, 0.295866699365, -0.0631567164179
0.681960821152, 0.629180848598, 0.748758852482, 1.09766829014, 2.32400250435, 3.58448958397, 2.67118239403, 1.25827372074, 0.368324511843, 0.070723880597
0.671259641647, 0.618485212326, 0.735841572285, 1.07877004147, 2.28160119057, 3.56238245964, 2.70053434372, 1.27029955387, 0.376120840602, -0.000291044776119
0.662195980549, 0.607572495937, 0.724408984184, 1.06303071976, 2.28693223, 3.55066537857, 2.64077377319, 1.25750184059, 0.376120840602, 0.0
0.650611460209, 0.613629102707, 0.757601380348, 1.15842723846, 2.93006658554, 3.56652593613, 2.2946844101, 1.21454381943, 0.347470156839, -0.0305597014925
0.633547365665, 0.631901085377, 0.812811613083, 1.32359004021, 3.56341314316, 3.60617136955, 2.03024339676, 1.18150818348, 0.274708962809, -0.0727611940299
0.621940076351, 0.655615866184, 0.865428209305, 1.54289531708, 3.54671287537, 3.66757535934, 1.83225333691, 1.16234731674, 0.20223200341, -0.0724701492537
0.613523125648, 0.673992156982, 0.919145047665, 1.68692076206, 3.53199267387, 3.49489116669, 1.81064534187, 1.16355454922, 0.142861813117, -0.0602462686567
0.608343362808, 0.668456435204, 0.911861300468, 1.6755515337, 3.50784993172, 3.51718473434, 1.81849133968, 1.1687899828, 0.141142623175, -0.00349253731343
0.603432774544, 0.663761854172, 0.903817534447, 1.65733206272, 3.48391699791, 3.53744292259, 1.82758951187, 1.17397475243, 0.142960811234, 2.22044604925e-16
0.59838694334, 0.658113062382, 0.896464109421, 1.64708065987, 3.46010994911, 3.54947566986, 1.83542251587, 1.17906057835, 0.14511338646, 0.000291044776119
0.59431040287, 0.652540922165, 0.889236986637, 1.63474500179, 3.43627309799, 3.5642015934, 1.84336209297, 1.18417882919, 0.146643765862, 6.66133814775e-16
0.589225113392, 0.646908044815, 0.883385956287, 1.622220397, 3.41720795631, 3.54779028893, 1.85114467144, 1.1892914772, 0.148602399968, -6.66133814775e-16
0.584117233753, 0.641326606274, 0.874709248543, 1.60988092422, 3.38863015175, 3.52797293663, 1.85891163349, 1.19336533546, 0.150613661503, 0.0
0.579012989998, 0.635751843452, 0.868997216225, 1.59785938263, 3.36478734016, 3.50324678421, 1.86662948132, 1.1984603405, 0.152679683507, 0.0
0.573914051056, 0.630176782608, 0.861809313297, 1.58562922478, 3.34575891495, 3.47850012779, 1.87441551685, 1.2035626173, 0.154802715182, 0.0
0.568810641766, 0.625703454018, 0.854586064816, 1.57579505444, 3.32198190689, 3.45382094383, 1.88215196133, 1.20866572857, 0.156985128972, 0.0
0.563703119755, 0.618985414505, 0.847347199917, 1.56100261211, 3.29815888405, 3.42907762527, 1.88998520374, 1.2137825489, 0.15922942994, 0.0
0.558595716953, 0.61451035738, 0.84013915062, 1.55118668079, 3.27432370186, 3.40432596207, 1.89617240429, 1.21887767315, 0.161538264765, 0.0
0.553497731686, 0.608934938908, 0.832935512066, 1.53644704819, 3.2505273819, 3.37955451012, 1.90403532982, 1.22399008274, 0.1639144318, 0.0
0.548402786255, 0.603349924088, 0.825699806213, 1.52663993835, 3.22671127319, 3.35977530479, 1.91179299355, 1.22908890247, 0.16636089198, 0.0
0.544315934181, 0.597749054432, 0.818471372128, 1.51430368423, 3.20288419724, 3.33500671387, 1.91960835457, 1.23419618607, 0.109151221587, -0.0582089552239
0.539219141006, 0.592167317867, 0.811264276505, 1.50205099583, 3.17913031578, 3.31032705307, 1.92735350132, 1.23827910423, 0.110819116055, 0.0
0.534105479717, 0.586584329605, 0.805504143238, 1.48980438709, 3.15525627136, 3.28553700447, 1.93508863449, 1.24337828159, 0.112538555618, 0.0
0.529003918171, 0.58101016283, 0.798315405846, 1.47763884068, 3.1362285614, 3.26084709167, 1.94283354282, 1.24847579002, 0.114017311151, -0.00029104477612
0.523896753788, 0.576524913311, 0.791100978851, 1.46537137032, 3.10764360428, 3.23609232903, 1.95064139366, 1.25359988213, 0.115842489051, 0.0
0.518787145615, 0.569813787937, 0.783855617046, 1.45550811291, 3.08857965469, 3.21135258675, 1.9584414959, 1.25870132446, 0.11772677755, 0.0
0.51368689537, 0.565325796604, 0.776621341705, 1.44065594673, 3.06474852562, 3.18662142754, 1.96469438076, 1.26380240917, 0.119673081411, 0.0
0.508594155312, 0.559752225876, 0.769378244877, 1.43079912663, 3.04096484184, 3.16182875633, 1.97254943848, 1.26893591881, 0.193431642915, 0.0727611940299
0.503492534161, 0.554159164429, 0.762160181999, 1.41854989529, 3.01714634895, 3.13709425926, 1.98037207127, 1.274056077, 0.196696919998, 0.0
0.498373687267, 0.548543334007, 0.754906654358, 1.40612781048, 2.99333286285, 3.11726689339, 1.98813998699, 1.27915072441, 0.200072831407, 0.0
0.494289159775, 0.542962968349, 0.7477222085, 1.39398634434, 2.96953964233, 3.09257030487, 1.99584770203, 1.2842515707, 0.202856993787, 2.22044604925e-16
0.489177107811, 0.537381350994, 0.741961479187, 1.38172221184, 2.94569635391, 3.06780171394, 2.00368928909, 1.28835141659, 0.20866095793, 2.22044604925e-16
0.484069824219, 0.532372057438, 0.73572409153, 1.38906466961, 2.93204164505, 3.06581950188, 1.93923068047, 1.28248000145, 0.182148480502, -0.0288134328358
0.481525421143, 0.553072631359, 0.792536616325, 1.65417993069, 2.92605900764, 3.12579965591, 1.82465195656, 1.27211487293, 0.167596241696, -0.014552238806
0.478479146957, 0.561106264591, 0.817192256451, 1.71209084988, 2.9031689167, 3.10602140427, 1.82719683647, 1.27506065369, 0.135814706625, -0.034052238806
0.475515723228, 0.557398080826, 0.811721920967, 1.70202422142, 2.87902879715, 3.07976102829, 1.83237826824, 1.27817165852, 0.138062348961, -0.000291044776119
0.472457021475, 0.553776085377, 0.806752741337, 1.69211757183, 2.85490345955, 3.05386567116, 1.83697545528, 1.28127169609, 0.140696971731, 0.0
0.469984561205, 0.550184369087, 0.801859974861, 1.68269574642, 2.83077478409, 3.0332634449, 1.84132766724, 1.28436243534, 0.142877689016, -4.4408920985e-16
0.466895848513, 0.546597063541, 0.797042608261, 1.67351782322, 2.80655527115, 3.00742650032, 1.84566235542, 1.28745102882, 0.145699839052, 2.22044604925e-16
0.463802427053, 0.543040394783, 0.793188631535, 1.66443586349, 2.78248071671, 2.98175859451, 1.85000026226, 1.29054963589, 0.148634884494, 2.22044604925e-16
0.460705041885, 0.53946596384, 0.788357079029, 1.65533137321, 2.75832009315, 2.95603322983, 1.85429060459, 1.29302453995, 0.153583108736, 4.4408920985e-16
0.457778543234, 0.538450241089, 0.789472341537, 1.72006130219, 2.74878573418, 2.97710824013, 1.77664911747, 1.2868309021, 0.124045672512, -0.0308507462687
0.458800017834, 0.562206625938, 0.872038006783, 2.14916181564, 2.75055098534, 2.72333574295, 1.70998358727, 1.28441762924, 0.0957220860348, -0.0285223880597
0.458139926195, 0.573322474957, 0.889753818512, 2.19316458702, 2.72835230827, 2.72114920616, 1.7113006115, 1.28544080257, 0.0777054751081, -0.0197910447761
0.457131803036, 0.571918487549, 0.8874964118, 2.18638205528, 2.70395374298, 2.72444796562, 1.71305823326, 1.28653109074, 0.0794097424296, 0.0
0.456258922815, 0.570505619049, 0.88535130024, 2.18077850342, 2.67954850197, 2.72723579407, 1.71468019485, 1.28764569759, 0.0805331753135, -0.00029104477612
0.454922914505, 0.569113194942, 0.88334441185, 2.17604637146, 2.65511274338, 2.72962498665, 1.71618318558, 1.28875494003, 0.0827494589563, 4.4408920985e-16
0.454037934542, 0.567754030228, 0.881386101246, 2.17164373398, 2.63557505608, 2.73144102097, 1.7176374197, 1.28986847401, 0.0842958537481, -4.4408920985e-16
0.452923774719, 0.566390991211, 0.87984007597, 2.1674156189, 2.60634946823, 2.7336294651, 1.71909034252, 1.29098141193, 0.0863118615993, 0.0
0.451810479164, 0.565027952194, 0.877894043922, 2.16305208206, 2.58189034462, 2.73591995239, 1.72057271004, 1.29187381268, 0.0145958298974, -0.0727611940299
0.45069232583, 0.563652575016, 0.875910699368, 2.15862441063, 2.56235337257, 2.73821592331, 1.72205960751, 1.29300248623, 0.0149583047549, 2.22044604925e-16
0.44956946373, 0.562542438507, 0.873896062374, 2.15384173393, 2.53793025017, 2.74077534676, 1.72331237793, 1.29411661625, 0.0153392401275, 0.0
0.448452442884, 0.561164081097, 0.871917903423, 2.14945578575, 2.5135371685, 2.74294924736, 1.72503232956, 1.29522848129, 0.0157400830117, 0.0
0.447336375713, 0.55981528759, 0.869978189468, 2.14590764046, 2.48913097382, 2.74529910088, 1.72624373436, 1.2963476181, 0.0161624356749, 0.0
0.446226865053, 0.558444321156, 0.868058741093, 2.14166760445, 2.46478915215, 2.7229373455, 1.72769546509, 1.29745328426, 0.0891434202917, 0.0727611940299
0.445119768381, 0.557100176811, 0.866124093533, 2.13739871979, 2.44522976875, 2.70144891739, 1.72914111614, 1.29856157303, 0.0916322315619, 0.0
0.444231688976, 0.55573874712, 0.8645632267, 2.13312101364, 2.41599488258, 2.67466306686, 1.73058021069, 1.29968249798, 0.0937253259068, -2.22044604925e-16
0.443111628294, 0.554381012917, 0.862633287907, 2.12881493568, 2.39644408226, 2.64775872231, 1.73203229904, 1.30057322979, 0.0964796854002, 0.0
0.441992372274, 0.553022503853, 0.860712885857, 2.12474703789, 2.36720132828, 2.62104344368, 1.73347604275, 1.30169355869, 0.0994002847302, 0.0
0.440884143114, 0.55166631937, 0.858783960342, 2.12045240402, 2.3476319313, 2.59417891502, 1.73494553566, 1.30280888081, 0.102502587689, 0.0
0.439759403467, 0.550566911697, 0.856817483902, 2.11604380608, 2.32322788239, 2.56730294228, 1.7364282608, 1.30392420292, 0.106088260338, 0.00029104477612
0.438646972179, 0.549205780029, 0.854856550694, 2.11253261566, 2.29880976677, 2.54050135612, 1.73759067059, 1.30504119396, 0.109617756351, 0.0
0.437525600195, 0.547834694386, 0.852895975113, 2.10813117027, 2.27443313599, 2.51364254951, 1.7390819788, 1.30615437031, 0.113389140804, 0.0
0.436423033476, 0.546477854252, 0.85094755888, 2.10377550125, 2.25007033348, 2.4922170639, 1.74052417278, 1.30727028847, 0.117428043724, 0.0
0.435523092747, 0.545106172562, 0.849005639553, 2.09947705269, 2.22562646866, 2.46533155441, 1.74200689793, 1.30839169025, 0.120871369034, 0.0
0.43440169096, 0.543740749359, 0.847424685955, 2.09503293037, 2.20610332489, 2.43844199181, 1.74348461628, 1.30926644802, 0.125468755581, 0.0
0.43330770731, 0.542377829552, 0.845470309258, 2.09071731567, 2.17685437202, 2.41170144081, 1.74491119385, 1.31038594246, 0.130427633788, 0.0
0.432181596756, 0.541023552418, 0.843544483185, 2.08641076088, 2.15733909607, 2.38481974602, 1.74640154839, 1.3115016222, 0.135792109889, 0.0
0.431061446667, 0.539654910564, 0.841586172581, 2.08186650276, 2.13287830353, 2.35797071457, 1.74763071537, 1.31263160706, 0.141310542867, -0.00029104477612
0.429946273565, 0.538546085358, 0.839587330818, 2.07831382751, 2.11336445808, 2.33652472496, 1.74908947945, 1.31375336647, 0.147635830057, 0.0
0.42882668972, 0.537182211876, 0.837644457817, 2.0733537674, 2.08410620689, 2.30438685417, 1.75048494339, 1.31485664845, 0.154549188173, 0.0
0.427709430456, 0.535846412182, 0.835818648338, 2.07043480873, 2.05973553658, 2.27757334709, 1.75182807446, 1.31597006321, 0, 0.0
0.426601022482, 0.53451859951, 0.83391469717, 2.06635737419, 2.03529644012, 2.25079298019, 1.75327062607, 1.31707727909, 0, 0.0
0.425715118647, 0.533160924911, 0.832368075848, 2.04337763786, 2.01576304436, 2.22390532494, 1.75475656986, 1.31819462776, 0, 0.0
0.424598038197, 0.53180372715, 0.830420315266, 2.01865720749, 1.98648929596, 2.20242738724, 1.75592505932, 1.31907999516, 0, 0.0
0.423712044954, 0.530710577965, 0.828493177891, 1.99893534184, 1.96697115898, 2.17565751076, 1.75733852386, 1.32018923759, 0, -0.0582089552239
0.4223729074, 0.529109060764, 0.826604187489, 1.96930062771, 1.94262599945, 2.14883852005, 1.75905930996, 1.32130146027, 0, 0.0
0.421271502972, 0.528016984463, 0.824634373188, 1.9494805336, 1.92303955555, 2.12732505798, 1.75995278358, 1.3219679594, 0, 0.0
0.420599430799, 0.527192354202, 0.823458373547, 1.93469250202, 1.90842890739, 2.11660981178, 1.76083540916, 1.32263374329, 0, -2.22044604925e-16
0.419939249754, 0.526114583015, 0.821926355362, 1.91495263577, 1.88406729698, 2.08982610703, 1.76225996017, 1.32397091389, 0, 0.0
0.418604522943, 0.524765849113, 0.820003449917, 1.88528871536, 1.85965442657, 2.05757021904, 1.76372230053, 1.32508122921, 0, 0.0873134328358
0.417488902807, 0.523397564888, 0.818033337593, 1.86551010609, 1.83523070812, 2.03612923622, 1.76520264149, 1.32620203495, 0, 0.0
0.416589289904, 0.521631121635, 0.815480828285, 1.84190881252, 1.81363272667, 2.0139708519, 1.76625370979, 1.33045101166, 0, 0.0
0.412087261677, 0.517030477524, 0.810148477554, 1.81971859932, 1.79210746288, 1.99142110348, 1.76930701733, 1.33301842213, 0, -0.000291044776119
0.409672558308, 0.514770805836, 0.807969689369, 1.79539644718, 1.76787137985, 1.96481311321, 1.77052092552, 1.33404839039, 0, 0.00029104477612
0.408643603325, 0.513550519943, 0.806295216084, 1.77069222927, 1.74838125706, 1.93805968761, 1.77179634571, 1.33487403393, 0, 0.0
0.407606571913, 0.512304663658, 0.804543673992, 1.74599003792, 1.7240074873, 1.91135513783, 1.77278721333, 1.33588767052, 0, 0.0
0.406602233648, 0.511214315891, 0.803203523159, 1.72617137432, 1.69968020916, 1.88482630253, 1.77354669571, 1.33688223362, 0, 0.0
0.405609607697, 0.510359942913, 0.801927924156, 1.70138847828, 1.67535734177, 1.85831582546, 1.77412414551, 1.33787310123, 0, 0.0
0.404617071152, 0.509300529957, 0.800674438477, 1.67660558224, 1.65103697777, 1.83181464672, 1.77481389046, 1.33885443211, 0, 0.0
0.403832882643, 0.508261561394, 0.799461364746, 1.65181958675, 1.62671804428, 1.8106148243, 1.77547216415, 1.33982813358, 0, -4.4408920985e-16
0.402858614922, 0.507236003876, 0.798281311989, 1.62703406811, 1.60726368427, 1.78411889076, 1.77609813213, 1.34078991413, 0, 0.0
